2 20175643
3 7309117
4 3559083
5 2604276
6 2633898
7 3044130
8 3536364
9 3952439
10 4205185
11 4278233
12 4177819
13 3960779
14 3678869
15 3397166
16 3146876
17 2948436
18 2803987
19 2715200
20 2656513
21 2613016
22 2582153
23 2549711
24 2510740
25 2465091
26 2416425
27 2363087
28 2316875
29 2279178
30 2252124
31 2235688
32 2227868
33 2229912
34 2234633
35 2248239
36 2258909
37 2274467
38 2286244
39 2293371
40 2297108
41 2293879
42 2284873
43 2263204
44 2240618
45 2206214
46 2161163
47 2113990
48 2059929
49 1996110
50 1935273
51 1868316
52 1799745
53 1730220
54 1665122
55 1601916
56 1538553
57 1477428
58 1421375
59 1371565
60 1319608
61 1276463
62 1235324
63 1195188
64 1162698
65 1127423
66 1098033
67 1071712
68 1047417
69 1024794
70 1003026
71 982731
72 962991
73 945957
74 931281
75 915057
76 900060
77 886796
78 873493
79 860026
80 846214
81 835575
82 824242
83 811378
84 801577
85 788886
86 777818
87 765962
88 755064
89 743154
90 732711
91 720934
92 711451
93 696976
94 687035
95 675171
96 665472
97 653382
98 642001
99 631608
100 619878
101 610240
102 599776
103 587488
104 579460
105 568873
106 559030
107 549166
108 539115
109 531079
110 522223
111 514721
112 505095
113 496811
114 490624
115 482922
116 475992
117 468833
118 461620
119 454573
120 448065
121 442155
122 435314
123 429485
124 424599
125 418409
126 411935
127 408622
128 401155
129 397372
130 390793
131 386599
132 381362
133 376655
134 373094
135 366847
136 361990
137 358024
138 353478
139 350116
140 344364
141 340509
142 336095
143 331636
144 327805
145 324720
146 319964
147 316645
148 311681
149 309302
150 305509
151 302103
152 296632
153 293452
154 290083
155 286717
156 283218
157 279871
158 276839
159 273502
160 269147
161 267497
162 264172
163 260310
164 257986
165 255206
166 252372
167 249320
168 246706
169 244061
170 240600
171 237179
172 235120
173 232679
174 230585
175 227515
176 226576
177 223614
178 221162
179 218918
180 216141
181 215003
182 212018
183 209690
184 207754
185 204910
186 202679
187 201554
188 199149
189 196990
190 195777
191 193361
192 192179
193 189569
194 187618
195 185707
196 183758
197 182127
198 180753
199 179194
200 176812
201 175523
202 174257
203 171770
204 170108
205 168557
206 166784
207 165643
208 163973
209 162339
210 160432
211 159039
212 157681
213 156019
214 155035
215 153346
216 152303
217 150875
218 149720
219 147785
220 145692
221 145425
222 144400
223 143185
224 141475
225 139945
226 138810
227 137345
228 136720
229 135965
230 134598
231 132730
232 131995
233 131324
234 129430
235 128640
236 128001
237 126250
238 124626
239 124123
240 123239
241 122805
242 121186
243 120028
244 119119
245 117726
246 117631
247 116258
248 115417
249 114510
250 113655
251 112334
252 111596
253 110547
254 109990
255 108887
256 107752
257 107318
258 106729
259 105644
260 104169
261 103420
262 102976
263 101860
264 101950
265 100209
266 100178
267 99505
268 98472
269 97481
270 97279
271 95882
272 95256
273 94671
274 93454
275 93347
276 92247
277 91672
278 90918
279 90286
280 89897
281 89434
282 88188
283 88366
284 87099
285 86363
286 85857
287 84998
288 84529
289 84494
290 83467
291 82840
292 82358
293 81670
294 81162
295 80287
296 79745
297 79281
298 78865
299 78025
300 77825
301 77507
302 76138
303 76353
304 75681
305 75067
306 74645
307 73924
308 73586
309 73248
310 72575
311 71859
312 71717
313 71272
314 71158
315 70637
316 69625
317 69039
318 68636
319 67838
320 68059
321 67573
322 66774
323 66243
324 66067
325 65897
326 65617
327 65290
328 64726
329 64097
330 63277
331 63680
332 62473
333 62634
334 61625
335 61288
336 61240
337 60421
338 60523
339 60076
340 59669
341 59076
342 58387
343 58670
344 57616
345 57722
346 57494
347 56855
348 56433
349 56033
350 55805
351 55765
352 55106
353 55276
354 54512
355 54621
356 53964
357 53660
358 53312
359 53013
360 52963
361 52337
362 51793
363 52170
364 51906
365 51750
366 51006
367 50424
368 49930
369 50166
370 49925
371 49546
372 49189
373 48780
374 48731
375 48392
376 47892
377 48008
378 47134
379 47082
380 46832
381 46539
382 46366
383 46265
384 45842
385 45401
386 45457
387 45507
388 44638
389 44440
390 44498
391 44121
392 43825
393 43376
394 43439
395 43334
396 42690
397 42455
398 42472
399 42150
400 41680
401 41878
402 41739
403 41386
404 41563
405 41239
406 40908
407 40658
408 40185
409 40311
410 39797
411 39806
412 38888
413 39469
414 39234
415 38924
416 39063
417 38359
418 38390
419 37992
420 37644
421 37818
422 37419
423 37537
424 37214
425 37348
426 36916
427 36603
428 36483
429 36511
430 36091
431 35849
432 35659
433 35483
434 35457
435 35051
436 35179
437 35045
438 34852
439 34541
440 34454
441 34074
442 34227
443 33656
444 34039
445 33753
446 33497
447 33356
448 33041
449 32943
450 32889
451 32701
452 32333
453 31968
454 32175
455 31864
456 31969
457 31732
458 31772
459 31412
460 31318
461 31243
462 31082
463 31167
464 30828
465 30809
466 30464
467 30441
468 30061
469 29809
470 29947
471 29657
472 29889
473 29328
474 29458
475 29010
476 29126
477 29027
478 28822
479 28958
480 28441
481 28323
482 28012
483 27884
484 28075
485 28022
486 28115
487 27801
488 27637
489 27829
490 27455
491 27533
492 27071
493 26948
494 27059
495 26699
496 26864
497 26820
498 26405
499 26469
500 26483
501 26470
502 26105
503 25940
504 25663
505 25817
506 25756
507 25801
508 25229
509 25161
510 25107
511 25327
512 24893
513 25009
514 25092
515 24870
516 24575
517 24587
518 24322
519 24432
520 24113
521 24249
522 24243
523 23990
524 23616
525 23696
526 23651
527 23757
528 23369
529 23413
530 23467
531 23393
532 23329
533 23416
534 22980
535 22637
536 22661
537 22756
538 22490
539 22373
540 22463
541 22324
542 22296
543 22072
544 22062
545 22203
546 21794
547 21794
548 21663
549 21514
550 21792
551 21451
552 21167
553 21520
554 21326
555 21221
556 20939
557 21233
558 21076
559 20850
560 20467
561 20537
562 20625
563 20490
564 20297
565 20441
566 20309
567 19831
568 20112
569 19832
570 20098
571 19726
572 19924
573 19884
574 19714
575 19641
576 19535
577 19450
578 19231
579 19220
580 19128
581 18983
582 18844
583 18995
584 18874
585 18835
586 18832
587 18663
588 18780
589 18516
590 18529
591 18275
592 18406
593 18363
594 18147
595 18325
596 17987
597 18234
598 17982
599 17929
600 17877
601 17619
602 17519
603 17850
604 17653
605 17565
606 17377
607 17649
608 17312
609 17361
610 17385
611 17016
612 17022
613 17091
614 17077
615 16768
616 16919
617 16824
618 16433
619 16510
620 16520
621 16513
622 16585
623 16201
624 16179
625 16232
626 16087
627 16202
628 16299
629 16074
630 16020
631 15780
632 15615
633 15641
634 15818
635 15288
636 15628
637 15558
638 15468
639 15341
640 15502
641 15273
642 15266
643 15151
644 15094
645 14959
646 15039
647 15113
648 14870
649 15112
650 15035
651 14683
652 14841
653 14722
654 14642
655 14619
656 14374
657 14363
658 14693
659 14450
660 14333
661 14381
662 14277
663 14281
664 14147
665 13942
666 13767
667 13930
668 13980
669 13834
670 13797
671 13993
672 13877
673 13775
674 13716
675 13583
676 13590
677 13600
678 13628
679 13556
680 13503
681 13297
682 13486
683 13219
684 13216
685 13051
686 12962
687 13144
688 13063
689 13037
690 12864
691 12964
692 12688
693 12771
694 12622
695 12651
696 12626
697 12472
698 12509
699 12573
700 12545
701 12351
702 12443
703 12252
704 12261
705 12247
706 12277
707 12154
708 12093
709 12227
710 11952
711 11868
712 11853
713 11947
714 11884
715 11912
716 11793
717 11836
718 11877
719 11735
720 11652
721 11667
722 11602
723 11528
724 11364
725 11519
726 11468
727 11431
728 11457
729 11337
730 11439
731 11167
732 11243
733 11188
734 11306
735 11285
736 11048
737 11069
738 10824
739 11065
740 10980
741 11011
742 10873
743 10911
744 10854
745 10705
746 10825
747 10837
748 10560
749 10775
750 10635
751 10497
752 10418
753 10623
754 10273
755 10397
756 10592
757 10315
758 10285
759 10187
760 10145
761 10089
762 10238
763 10245
764 10043
765 10158
766 10131
767 10095
768 9964
769 10085
770 9901
771 9836
772 9712
773 9760
774 10083
775 9918
776 9757
777 9611
778 9876
779 9719
780 9657
781 9641
782 9692
783 9686
784 9503
785 9480
786 9477
787 9564
788 9485
789 9427
790 9351
791 9450
792 9406
793 9234
794 9106
795 9038
796 9218
797 9149
798 9049
799 9145
800 9020
801 9108
802 8934
803 8834
804 8944
805 9103
806 8687
807 8879
808 8960
809 8722
810 8795
811 8695
812 8692
813 8889
814 8660
815 8894
816 8673
817 8651
818 8609
819 8647
820 8687
821 8540
822 8600
823 8567
824 8451
825 8601
826 8530
827 8335
828 8347
829 8263
830 8235
831 8207
832 8284
833 8122
834 8100
835 8156
836 8256
837 8001
838 8202
839 8026
840 8311
841 8115
842 8000
843 8113
844 7973
845 8049
846 7973
847 8010
848 8009
849 7979
850 7932
851 7790
852 7773
853 7610
854 7910
855 7796
856 7683
857 7739
858 7534
859 7528
860 7609
861 7541
862 7674
863 7355
864 7414
865 7668
866 7440
867 7376
868 7546
869 7335
870 7480
871 7355
872 7304
873 7215
874 7384
875 7335
876 7293
877 7257
878 7245
879 7395
880 7147
881 7116
882 6992
883 7014
884 7241
885 7046
886 7022
887 6959
888 7072
889 7023
890 6984
891 6979
892 6761
893 6908
894 6914
895 6936
896 6694
897 6993
898 6884
899 6818
900 6832
901 6733
902 6756
903 6657
904 6761
905 6614
906 6680
907 6711
908 6559
909 6521
910 6770
911 6547
912 6777
913 6437
914 6435
915 6352
916 6642
917 6429
918 6474
919 6504
920 6388
921 6494
922 6428
923 6372
924 6234
925 6401
926 6270
927 6256
928 6284
929 6300
930 6189
931 6273
932 6231
933 6301
934 6230
935 6221
936 6100
937 6077
938 6212
939 6033
940 6002
941 6234
942 6065
943 5886
944 6109
945 5934
946 5921
947 5994
948 5908
949 5930
950 6002
951 5855
952 6008
953 5978
954 5996
955 5876
956 5787
957 5882
958 5757
959 5869
960 5903
961 5742
962 5695
963 5705
964 5773
965 5679
966 5704
967 5733
968 5607
969 5601
970 5642
971 5640
972 5632
973 5579
974 5591
975 5447
976 5541
977 5538
978 5445
979 5582
980 5573
981 5506
982 5486
983 5403
984 5374
985 5370
986 5470
987 5412
988 5351
989 5469
990 5295
991 5325
992 5386
993 5218
994 5229
995 5274
996 5307
997 5312
998 5227
999 5163
1000 5214
1001 5238
1002 5199
1003 5164
1004 5285
1005 5246
1006 5021
1007 5182
1008 5078
1009 5062
1010 5097
1011 5041
1012 5123
1013 5091
1014 5153
1015 5165
1016 5108
1017 5103
1018 4977
1019 5233
1020 5090
1021 4959
1022 4930
1023 4922
1024 4915
1025 4932
1026 4715
1027 4957
1028 4794
1029 4916
1030 4848
1031 4988
1032 4871
1033 4948
1034 4658
1035 4847
1036 4958
1037 4931
1038 4710
1039 4638
1040 4776
1041 4756
1042 4690
1043 4817
1044 4637
1045 4656
1046 4653
1047 4742
1048 4638
1049 4654
1050 4709
1051 4570
1052 4500
1053 4544
1054 4547
1055 4604
1056 4563
1057 4620
1058 4549
1059 4574
1060 4642
1061 4497
1062 4568
1063 4627
1064 4442
1065 4557
1066 4519
1067 4378
1068 4498
1069 4467
1070 4460
1071 4384
1072 4486
1073 4386
1074 4397
1075 4406
1076 4429
1077 4394
1078 4495
1079 4242
1080 4321
1081 4293
1082 4246
1083 4388
1084 4380
1085 4272
1086 4390
1087 4276
1088 4310
1089 4260
1090 4339
1091 4173
1092 4127
1093 4198
1094 4123
1095 4163
1096 4116
1097 4248
1098 4209
1099 4131
1100 4227
1101 4113
1102 4137
1103 4165
1104 4134
1105 4010
1106 4136
1107 4078
1108 4197
1109 4066
1110 4000
1111 4131
1112 4095
1113 4032
1114 3947
1115 3960
1116 4037
1117 4024
1118 4018
1119 3962
1120 3990
1121 3904
1122 3891
1123 3845
1124 3862
1125 4042
1126 3836
1127 3942
1128 3885
1129 3802
1130 3975
1131 3873
1132 3778
1133 3835
1134 3941
1135 3867
1136 3825
1137 3603
1138 3902
1139 3804
1140 3736
1141 3780
1142 3788
1143 3724
1144 3791
1145 3743
1146 3781
1147 3732
1148 3733
1149 3733
1150 3689
1151 3739
1152 3590
1153 3723
1154 3762
1155 3671
1156 3711
1157 3596
1158 3739
1159 3593
1160 3688
1161 3614
1162 3680
1163 3662
1164 3567
1165 3549
1166 3658
1167 3643
1168 3651
1169 3631
1170 3740
1171 3468
1172 3502
1173 3499
1174 3449
1175 3512
1176 3428
1177 3522
1178 3478
1179 3365
1180 3510
1181 3552
1182 3548
1183 3437
1184 3463
1185 3513
1186 3418
1187 3500
1188 3404
1189 3395
1190 3458
1191 3419
1192 3355
1193 3488
1194 3375
1195 3390
1196 3345
1197 3477
1198 3251
1199 3370
1200 3408
1201 3401
1202 3271
1203 3292
1204 3345
1205 3277
1206 3369
1207 3338
1208 3298
1209 3247
1210 3315
1211 3299
1212 3247
1213 3273
1214 3237
1215 3273
1216 3120
1217 3219
1218 3265
1219 3261
1220 3253
1221 3270
1222 3289
1223 3179
1224 3156
1225 3258
1226 3271
1227 3076
1228 3229
1229 3162
1230 3246
1231 3153
1232 3044
1233 3079
1234 3121
1235 3221
1236 3062
1237 3258
1238 3225
1239 3141
1240 3108
1241 3127
1242 3095
1243 3073
1244 3029
1245 3067
1246 3133
1247 3052
1248 3075
1249 3085
1250 3072
1251 2991
1252 3088
1253 3003
1254 3054
1255 3063
1256 3090
1257 3004
1258 2877
1259 2908
1260 2989
1261 3052
1262 2988
1263 2987
1264 3001
1265 2913
1266 2934
1267 3004
1268 2878
1269 3009
1270 2888
1271 2933
1272 2902
1273 2855
1274 2913
1275 2857
1276 2840
1277 2841
1278 2893
1279 2839
1280 2821
1281 2779
1282 2839
1283 2881
1284 2819
1285 2792
1286 2883
1287 2897
1288 2815
1289 2846
1290 2807
1291 2730
1292 2774
1293 2757
1294 2717
1295 2737
1296 2797
1297 2835
1298 2716
1299 2730
1300 2824
1301 2817
1302 2794
1303 2738
1304 2742
1305 2776
1306 2739
1307 2807
1308 2712
1309 2733
1310 2622
1311 2721
1312 2700
1313 2621
1314 2767
1315 2638
1316 2643
1317 2689
1318 2710
1319 2641
1320 2693
1321 2648
1322 2664
1323 2729
1324 2707
1325 2713
1326 2751
1327 2711
1328 2623
1329 2619
1330 2614
1331 2749
1332 2604
1333 2568
1334 2654
1335 2586
1336 2628
1337 2575
1338 2629
1339 2625
1340 2613
1341 2587
1342 2531
1343 2559
1344 2596
1345 2517
1346 2627
1347 2549
1348 2537
1349 2543
1350 2603
1351 2558
1352 2524
1353 2573
1354 2513
1355 2563
1356 2517
1357 2530
1358 2471
1359 2532
1360 2460
1361 2518
1362 2475
1363 2405
1364 2447
1365 2503
1366 2536
1367 2417
1368 2560
1369 2466
1370 2544
1371 2432
1372 2433
1373 2446
1374 2411
1375 2454
1376 2399
1377 2338
1378 2398
1379 2356
1380 2310
1381 2396
1382 2355
1383 2390
1384 2317
1385 2405
1386 2358
1387 2310
1388 2397
1389 2323
1390 2372
1391 2383
1392 2332
1393 2391
1394 2331
1395 2367
1396 2383
1397 2304
1398 2344
1399 2338
1400 2402
1401 2332
1402 2319
1403 2351
1404 2297
1405 2292
1406 2284
1407 2340
1408 2347
1409 2306
1410 2230
1411 2353
1412 2311
1413 2230
1414 2298
1415 2284
1416 2180
1417 2223
1418 2184
1419 2281
1420 2201
1421 2299
1422 2217
1423 2229
1424 2224
1425 2227
1426 2227
1427 2294
1428 2228
1429 2258
1430 2196
1431 2235
1432 2250
1433 2226
1434 2159
1435 2226
1436 2215
1437 2172
1438 2198
1439 2152
1440 2222
1441 2188
1442 2241
1443 2182
1444 2145
1445 2221
1446 2178
1447 2195
1448 2228
1449 2140
1450 2112
1451 2107
1452 2146
1453 2113
1454 2131
1455 2088
1456 2102
1457 2098
1458 2161
1459 2078
1460 2076
1461 2126
1462 2130
1463 2122
1464 2036
1465 2020
1466 2043
1467 2056
1468 2141
1469 1956
1470 2029
1471 2118
1472 2070
1473 2080
1474 2079
1475 2054
1476 2017
1477 2004
1478 2058
1479 2034
1480 2081
1481 2032
1482 2057
1483 2017
1484 2017
1485 2104
1486 2025
1487 1966
1488 1932
1489 2011
1490 1946
1491 1992
1492 1959
1493 1968
1494 2010
1495 2005
1496 1981
1497 2022
1498 1998
1499 1981
1500 1974
1501 1940
1502 1909
1503 2008
1504 1878
1505 1924
1506 1979
1507 1950
1508 2021
1509 1935
1510 1931
1511 1943
1512 1927
1513 1941
1514 1956
1515 1905
1516 1957
1517 1900
1518 1924
1519 1853
1520 1959
1521 1974
1522 1874
1523 1924
1524 1889
1525 1936
1526 1968
1527 1850
1528 1902
1529 1931
1530 1895
1531 1940
1532 1767
1533 1871
1534 1894
1535 1852
1536 1792
1537 1854
1538 1853
1539 1826
1540 1812
1541 1817
1542 1876
1543 1841
1544 1838
1545 1884
1546 1826
1547 1841
1548 1907
1549 1849
1550 1795
1551 1841
1552 1766
1553 1836
1554 1805
1555 1846
1556 1690
1557 1764
1558 1844
1559 1813
1560 1824
1561 1754
1562 1779
1563 1740
1564 1804
1565 1749
1566 1745
1567 1783
1568 1801
1569 1777
1570 1730
1571 1746
1572 1820
1573 1781
1574 1854
1575 1661
1576 1806
1577 1763
1578 1730
1579 1765
1580 1787
1581 1680
1582 1688
1583 1739
1584 1722
1585 1787
1586 1764
1587 1663
1588 1764
1589 1689
1590 1713
1591 1752
1592 1713
1593 1732
1594 1734
1595 1664
1596 1721
1597 1742
1598 1636
1599 1665
1600 1669
1601 1722
1602 1649
1603 1729
1604 1649
1605 1744
1606 1647
1607 1629
1608 1650
1609 1633
1610 1721
1611 1652
1612 1629
1613 1725
1614 1599
1615 1643
1616 1699
1617 1636
1618 1636
1619 1581
1620 1619
1621 1609
1622 1652
1623 1614
1624 1661
1625 1645
1626 1681
1627 1622
1628 1601
1629 1579
1630 1622
1631 1641
1632 1661
1633 1582
1634 1639
1635 1627
1636 1606
1637 1555
1638 1615
1639 1576
1640 1630
1641 1555
1642 1594
1643 1590
1644 1541
1645 1547
1646 1488
1647 1595
1648 1528
1649 1549
1650 1555
1651 1605
1652 1623
1653 1530
1654 1533
1655 1549
1656 1528
1657 1542
1658 1574
1659 1601
1660 1532
1661 1564
1662 1562
1663 1567
1664 1554
1665 1542
1666 1504
1667 1468
1668 1478
1669 1576
1670 1606
1671 1531
1672 1531
1673 1540
1674 1463
1675 1499
1676 1585
1677 1517
1678 1468
1679 1437
1680 1516
1681 1550
1682 1458
1683 1435
1684 1527
1685 1490
1686 1434
1687 1545
1688 1398
1689 1481
1690 1478
1691 1459
1692 1467
1693 1513
1694 1399
1695 1477
1696 1479
1697 1440
1698 1402
1699 1473
1700 1475
1701 1408
1702 1445
1703 1498
1704 1455
1705 1452
1706 1429
1707 1480
1708 1478
1709 1437
1710 1453
1711 1437
1712 1434
1713 1447
1714 1413
1715 1431
1716 1416
1717 1403
1718 1416
1719 1412
1720 1455
1721 1489
1722 1394
1723 1388
1724 1371
1725 1358
1726 1390
1727 1448
1728 1440
1729 1407
1730 1412
1731 1352
1732 1359
1733 1367
1734 1450
1735 1358
1736 1381
1737 1361
1738 1364
1739 1388
1740 1372
1741 1352
1742 1324
1743 1349
1744 1409
1745 1383
1746 1379
1747 1386
1748 1362
1749 1369
1750 1390
1751 1480
1752 1324
1753 1400
1754 1309
1755 1372
1756 1312
1757 1326
1758 1311
1759 1337
1760 1345
1761 1433
1762 1340
1763 1389
1764 1397
1765 1362
1766 1400
1767 1277
1768 1277
1769 1340
1770 1350
1771 1413
1772 1282
1773 1301
1774 1345
1775 1319
1776 1340
1777 1331
1778 1378
1779 1322
1780 1309
1781 1310
1782 1304
1783 1284
1784 1262
1785 1265
1786 1272
1787 1232
1788 1237
1789 1315
1790 1342
1791 1283
1792 1320
1793 1260
1794 1277
1795 1291
1796 1259
1797 1298
1798 1276
1799 1269
1800 1176
1801 1259
1802 1316
1803 1219
1804 1242
1805 1210
1806 1296
1807 1279
1808 1234
1809 1210
1810 1284
1811 1249
1812 1231
1813 1268
1814 1314
1815 1248
1816 1263
1817 1256
1818 1250
1819 1201
1820 1255
1821 1261
1822 1226
1823 1269
1824 1202
1825 1285
1826 1250
1827 1274
1828 1252
1829 1221
1830 1199
1831 1238
1832 1251
1833 1198
1834 1249
1835 1191
1836 1244
1837 1230
1838 1220
1839 1137
1840 1210
1841 1160
1842 1150
1843 1195
1844 1206
1845 1262
1846 1237
1847 1171
1848 1188
1849 1235
1850 1171
1851 1174
1852 1219
1853 1159
1854 1161
1855 1203
1856 1167
1857 1156
1858 1231
1859 1131
1860 1073
1861 1204
1862 1171
1863 1188
1864 1129
1865 1139
1866 1191
1867 1170
1868 1247
1869 1180
1870 1147
1871 1195
1872 1216
1873 1143
1874 1194
1875 1162
1876 1174
1877 1183
1878 1191
1879 1104
1880 1111
1881 1109
1882 1081
1883 1115
1884 1189
1885 1073
1886 1131
1887 1105
1888 1115
1889 1106
1890 1119
1891 1154
1892 1093
1893 1168
1894 1142
1895 1109
1896 1122
1897 1082
1898 1099
1899 1111
1900 1116
1901 1124
1902 1121
1903 1098
1904 1120
1905 1101
1906 1139
1907 1112
1908 1061
1909 1103
1910 1072
1911 1058
1912 1072
1913 1085
1914 1118
1915 1096
1916 1028
1917 1095
1918 1098
1919 1126
1920 1093
1921 1111
1922 1134
1923 1084
1924 1075
1925 1068
1926 1140
1927 1090
1928 1121
1929 1048
1930 1072
1931 1090
1932 1058
1933 1092
1934 1103
1935 1055
1936 1045
1937 1085
1938 1128
1939 1168
1940 1057
1941 1016
1942 1114
1943 1055
1944 1110
1945 1066
1946 1013
1947 1065
1948 1054
1949 1104
1950 1052
1951 1061
1952 1083
1953 1013
1954 1093
1955 959
1956 1007
1957 1063
1958 1019
1959 1090
1960 1070
1961 1073
1962 1038
1963 950
1964 1016
1965 1077
1966 1076
1967 1103
1968 1036
1969 1049
1970 982
1971 1050
1972 1105
1973 1082
1974 1035
1975 1060
1976 1070
1977 1063
1978 1022
1979 1025
1980 1000
1981 1003
1982 998
1983 999
1984 1038
1985 993
1986 1029
1987 1023
1988 979
1989 994
1990 1028
1991 1065
1992 960
1993 1019
1994 1022
1995 1023
1996 984
1997 966
1998 965
1999 982
2000 1016
2001 1017
2002 948
2003 1031
2004 992
2005 1021
2006 1003
2007 1041
2008 1030
2009 978
2010 1005
2011 998
2012 916
2013 1043
2014 1028
2015 1005
2016 982
2017 997
2018 967
2019 972
2020 980
2021 1039
2022 953
2023 968
2024 958
2025 976
2026 991
2027 995
2028 936
2029 997
2030 921
2031 961
2032 927
2033 959
2034 964
2035 957
2036 921
2037 944
2038 958
2039 889
2040 912
2041 938
2042 953
2043 956
2044 945
2045 980
2046 858
2047 958
2048 936
2049 966
2050 961
2051 947
2052 955
2053 991
2054 936
2055 872
2056 966
2057 913
2058 931
2059 911
2060 918
2061 932
2062 875
2063 954
2064 982
2065 947
2066 938
2067 932
2068 860
2069 946
2070 913
2071 884
2072 904
2073 895
2074 926
2075 869
2076 936
2077 863
2078 919
2079 847
2080 966
2081 924
2082 904
2083 927
2084 893
2085 919
2086 846
2087 966
2088 968
2089 910
2090 927
2091 956
2092 824
2093 902
2094 919
2095 884
2096 928
2097 908
2098 920
2099 863
2100 956
2101 898
2102 880
2103 868
2104 819
2105 846
2106 897
2107 916
2108 847
2109 845
2110 872
2111 851
2112 819
2113 887
2114 864
2115 878
2116 893
2117 915
2118 815
2119 877
2120 860
2121 878
2122 826
2123 871
2124 834
2125 920
2126 884
2127 786
2128 865
2129 862
2130 915
2131 821
2132 858
2133 906
2134 870
2135 878
2136 844
2137 892
2138 848
2139 848
2140 872
2141 845
2142 868
2143 870
2144 825
2145 830
2146 810
2147 877
2148 891
2149 841
2150 837
2151 821
2152 879
2153 813
2154 830
2155 840
2156 877
2157 812
2158 832
2159 859
2160 801
2161 843
2162 883
2163 814
2164 821
2165 796
2166 804
2167 799
2168 838
2169 810
2170 883
2171 884
2172 831
2173 810
2174 802
2175 789
2176 782
2177 818
2178 804
2179 816
2180 780
2181 836
2182 847
2183 830
2184 863
2185 830
2186 787
2187 813
2188 760
2189 735
2190 822
2191 859
2192 729
2193 835
2194 808
2195 800
2196 814
2197 797
2198 851
2199 859
2200 786
2201 802
2202 803
2203 807
2204 812
2205 796
2206 770
2207 832
2208 774
2209 804
2210 804
2211 723
2212 772
2213 794
2214 786
2215 788
2216 728
2217 789
2218 778
2219 756
2220 783
2221 756
2222 782
2223 765
2224 830
2225 870
2226 771
2227 798
2228 739
2229 763
2230 763
2231 724
2232 745
2233 745
2234 771
2235 783
2236 772
2237 751
2238 783
2239 726
2240 771
2241 782
2242 792
2243 755
2244 766
2245 793
2246 752
2247 774
2248 754
2249 740
2250 759
2251 797
2252 729
2253 797
2254 738
2255 723
2256 770
2257 779
2258 743
2259 735
2260 768
2261 738
2262 735
2263 685
2264 745
2265 816
2266 719
2267 770
2268 770
2269 723
2270 761
2271 757
2272 752
2273 707
2274 726
2275 727
2276 765
2277 734
2278 742
2279 728
2280 687
2281 785
2282 700
2283 708
2284 726
2285 754
2286 724
2287 767
2288 751
2289 719
2290 763
2291 739
2292 722
2293 710
2294 702
2295 705
2296 665
2297 694
2298 715
2299 725
2300 733
2301 692
2302 720
2303 743
2304 733
2305 724
2306 698
2307 675
2308 749
2309 717
2310 680
2311 682
2312 678
2313 725
2314 692
2315 704
2316 717
2317 704
2318 749
2319 652
2320 700
2321 698
2322 711
2323 660
2324 678
2325 665
2326 747
2327 700
2328 646
2329 680
2330 681
2331 712
2332 714
2333 651
2334 691
2335 753
2336 718
2337 692
2338 642
2339 695
2340 708
2341 669
2342 683
2343 732
2344 705
2345 664
2346 694
2347 656
2348 687
2349 640
2350 688
2351 661
2352 661
2353 682
2354 687
2355 679
2356 692
2357 630
2358 687
2359 661
2360 651
2361 635
2362 669
2363 675
2364 658
2365 666
2366 661
2367 712
2368 638
2369 715
2370 651
2371 693
2372 696
2373 622
2374 694
2375 689
2376 669
2377 660
2378 695
2379 672
2380 642
2381 650
2382 642
2383 612
2384 646
2385 687
2386 639
2387 680
2388 656
2389 666
2390 625
2391 660
2392 698
2393 674
2394 638
2395 641
2396 636
2397 636
2398 669
2399 597
2400 644
2401 647
2402 644
2403 657
2404 667
2405 666
2406 629
2407 646
2408 651
2409 615
2410 661
2411 608
2412 643
2413 626
2414 633
2415 634
2416 644
2417 614
2418 650
2419 675
2420 608
2421 629
2422 613
2423 649
2424 689
2425 613
2426 594
2427 610
2428 627
2429 645
2430 635
2431 623
2432 617
2433 629
2434 589
2435 627
2436 624
2437 622
2438 614
2439 626
2440 608
2441 657
2442 597
2443 620
2444 588
2445 605
2446 605
2447 639
2448 647
2449 621
2450 609
2451 601
2452 600
2453 590
2454 642
2455 658
2456 666
2457 626
2458 617
2459 623
2460 602
2461 598
2462 628
2463 616
2464 591
2465 642
2466 588
2467 605
2468 591
2469 595
2470 630
2471 599
2472 623
2473 561
2474 576
2475 580
2476 578
2477 544
2478 621
2479 617
2480 625
2481 553
2482 553
2483 591
2484 601
2485 619
2486 576
2487 563
2488 579
2489 610
2490 582
2491 571
2492 570
2493 610
2494 559
2495 554
2496 561
2497 592
2498 639
2499 571
2500 607
2501 588
2502 590
2503 578
2504 554
2505 644
2506 552
2507 596
2508 527
2509 553
2510 576
2511 574
2512 555
2513 575
2514 570
2515 596
2516 520
2517 583
2518 609
2519 584
2520 579
2521 570
2522 579
2523 573
2524 530
2525 600
2526 574
2527 608
2528 568
2529 572
2530 575
2531 554
2532 563
2533 605
2534 581
2535 553
2536 525
2537 533
2538 576
2539 582
2540 580
2541 553
2542 563
2543 547
2544 548
2545 580
2546 606
2547 580
2548 560
2549 555
2550 507
2551 589
2552 557
2553 569
2554 565
2555 544
2556 560
2557 585
2558 545
2559 524
2560 578
2561 553
2562 577
2563 577
2564 519
2565 543
2566 523
2567 524
2568 529
2569 554
2570 545
2571 513
2572 630
2573 579
2574 583
2575 550
2576 537
2577 514
2578 539
2579 539
2580 542
2581 548
2582 530
2583 541
2584 557
2585 579
2586 541
2587 496
2588 561
2589 554
2590 596
2591 512
2592 533
2593 509
2594 554
2595 604
2596 563
2597 581
2598 481
2599 563
2600 545
2601 537
2602 523
2603 570
2604 554
2605 517
2606 536
2607 529
2608 541
2609 543
2610 485
2611 512
2612 526
2613 492
2614 501
2615 515
2616 525
2617 547
2618 547
2619 487
2620 498
2621 521
2622 523
2623 501
2624 518
2625 523
2626 528
2627 495
2628 541
2629 537
2630 521
2631 547
2632 499
2633 538
2634 508
2635 511
2636 469
2637 510
2638 527
2639 516
2640 507
2641 473
2642 512
2643 533
2644 490
2645 503
2646 502
2647 462
2648 510
2649 492
2650 514
2651 522
2652 492
2653 477
2654 520
2655 480
2656 520
2657 551
2658 549
2659 503
2660 527
2661 498
2662 505
2663 534
2664 494
2665 487
2666 476
2667 522
2668 530
2669 495
2670 479
2671 504
2672 511
2673 466
2674 496
2675 487
2676 492
2677 464
2678 515
2679 460
2680 496
2681 488
2682 539
2683 480
2684 478
2685 470
2686 482
2687 519
2688 473
2689 482
2690 478
2691 492
2692 453
2693 487
2694 466
2695 492
2696 469
2697 468
2698 468
2699 536
2700 489
2701 482
2702 502
2703 494
2704 489
2705 524
2706 481
2707 487
2708 486
2709 446
2710 485
2711 509
2712 457
2713 514
2714 521
2715 447
2716 456
2717 505
2718 487
2719 464
2720 531
2721 469
2722 485
2723 461
2724 495
2725 495
2726 468
2727 445
2728 469
2729 450
2730 509
2731 457
2732 454
2733 480
2734 470
2735 478
2736 491
2737 440
2738 474
2739 484
2740 502
2741 469
2742 475
2743 460
2744 490
2745 476
2746 464
2747 464
2748 457
2749 438
2750 484
2751 485
2752 444
2753 419
2754 456
2755 487
2756 448
2757 469
2758 458
2759 446
2760 483
2761 430
2762 484
2763 447
2764 434
2765 445
2766 441
2767 470
2768 448
2769 479
2770 461
2771 435
2772 460
2773 459
2774 434
2775 442
2776 457
2777 436
2778 464
2779 508
2780 447
2781 444
2782 439
2783 476
2784 445
2785 481
2786 470
2787 431
2788 438
2789 462
2790 448
2791 435
2792 472
2793 418
2794 432
2795 461
2796 482
2797 482
2798 480
2799 413
2800 421
2801 419
2802 445
2803 445
2804 450
2805 460
2806 454
2807 429
2808 447
2809 447
2810 432
2811 474
2812 448
2813 469
2814 454
2815 433
2816 454
2817 447
2818 453
2819 464
2820 422
2821 443
2822 422
2823 427
2824 426
2825 465
2826 437
2827 429
2828 463
2829 451
2830 444
2831 461
2832 457
2833 460
2834 444
2835 422
2836 430
2837 422
2838 436
2839 427
2840 443
2841 444
2842 429
2843 424
2844 413
2845 445
2846 439
2847 410
2848 469
2849 416
2850 416
2851 425
2852 442
2853 452
2854 436
2855 434
2856 421
2857 441
2858 387
2859 432
2860 396
2861 432
2862 464
2863 417
2864 433
2865 414
2866 410
2867 432
2868 414
2869 425
2870 406
2871 422
2872 416
2873 437
2874 401
2875 386
2876 413
2877 427
2878 416
2879 431
2880 417
2881 407
2882 405
2883 439
2884 419
2885 406
2886 416
2887 404
2888 431
2889 395
2890 387
2891 429
2892 431
2893 405
2894 406
2895 427
2896 394
2897 399
2898 397
2899 423
2900 407
2901 420
2902 371
2903 386
2904 411
2905 403
2906 407
2907 424
2908 385
2909 384
2910 392
2911 411
2912 392
2913 424
2914 393
2915 438
2916 421
2917 408
2918 408
2919 404
2920 396
2921 383
2922 406
2923 424
2924 380
2925 354
2926 408
2927 420
2928 409
2929 415
2930 379
2931 379
2932 424
2933 414
2934 397
2935 411
2936 397
2937 395
2938 392
2939 394
2940 410
2941 386
2942 386
2943 374
2944 396
2945 419
2946 390
2947 349
2948 406
2949 423
2950 369
2951 379
2952 398
2953 401
2954 397
2955 397
2956 397
2957 381
2958 412
2959 378
2960 406
2961 401
2962 396
2963 394
2964 372
2965 405
2966 357
2967 369
2968 388
2969 434
2970 379
2971 396
2972 391
2973 416
2974 385
2975 435
2976 376
2977 371
2978 381
2979 379
2980 381
2981 390
2982 354
2983 383
2984 376
2985 395
2986 369
2987 366
2988 404
2989 369
2990 388
2991 359
2992 407
2993 355
2994 400
2995 376
2996 367
2997 342
2998 362
2999 396
3000 359
3001 424
3002 394
3003 390
3004 374
3005 396
3006 378
3007 358
3008 380
3009 363
3010 391
3011 367
3012 392
3013 391
3014 397
3015 382
3016 349
3017 360
3018 374
3019 392
3020 380
3021 383
3022 355
3023 365
3024 388
3025 397
3026 380
3027 371
3028 357
3029 392
3030 350
3031 379
3032 374
3033 394
3034 355
3035 338
3036 326
3037 364
3038 366
3039 371
3040 369
3041 401
3042 364
3043 358
3044 349
3045 357
3046 354
3047 364
3048 381
3049 359
3050 385
3051 361
3052 358
3053 366
3054 389
3055 388
3056 341
3057 359
3058 387
3059 340
3060 388
3061 369
3062 392
3063 368
3064 347
3065 374
3066 367
3067 368
3068 389
3069 380
3070 361
3071 343
3072 370
3073 350
3074 340
3075 339
3076 351
3077 338
3078 333
3079 408
3080 366
3081 352
3082 358
3083 357
3084 353
3085 302
3086 364
3087 340
3088 372
3089 358
3090 335
3091 356
3092 351
3093 349
3094 341
3095 347
3096 342
3097 388
3098 348
3099 328
3100 368
3101 375
3102 351
3103 368
3104 351
3105 368
3106 332
3107 346
3108 343
3109 349
3110 336
3111 315
3112 319
3113 394
3114 344
3115 375
3116 346
3117 370
3118 343
3119 366
3120 388
3121 364
3122 361
3123 304
3124 322
3125 379
3126 350
3127 341
3128 347
3129 355
3130 358
3131 333
3132 329
3133 362
3134 333
3135 367
3136 366
3137 354
3138 350
3139 375
3140 345
3141 323
3142 368
3143 333
3144 336
3145 338
3146 356
3147 362
3148 363
3149 360
3150 343
3151 327
3152 348
3153 343
3154 350
3155 344
3156 351
3157 347
3158 351
3159 340
3160 341
3161 386
3162 364
3163 314
3164 315
3165 332
3166 333
3167 338
3168 365
3169 329
3170 357
3171 335
3172 325
3173 328
3174 342
3175 357
3176 329
3177 346
3178 344
3179 332
3180 342
3181 336
3182 332
3183 311
3184 339
3185 326
3186 328
3187 363
3188 330
3189 337
3190 338
3191 347
3192 327
3193 348
3194 323
3195 348
3196 358
3197 347
3198 331
3199 343
3200 343
3201 361
3202 348
3203 339
3204 312
3205 353
3206 342
3207 342
3208 337
3209 317
3210 315
3211 326
3212 358
3213 351
3214 321
3215 317
3216 320
3217 337
3218 331
3219 314
3220 295
3221 385
3222 333
3223 326
3224 334
3225 357
3226 302
3227 349
3228 330
3229 303
3230 321
3231 290
3232 328
3233 336
3234 323
3235 342
3236 329
3237 290
3238 324
3239 305
3240 305
3241 328
3242 283
3243 304
3244 349
3245 315
3246 334
3247 306
3248 319
3249 323
3250 329
3251 336
3252 362
3253 316
3254 275
3255 327
3256 338
3257 304
3258 333
3259 326
3260 316
3261 309
3262 343
3263 309
3264 313
3265 315
3266 348
3267 301
3268 302
3269 305
3270 321
3271 314
3272 292
3273 328
3274 318
3275 310
3276 321
3277 316
3278 343
3279 337
3280 272
3281 302
3282 326
3283 310
3284 321
3285 326
3286 317
3287 287
3288 315
3289 288
3290 324
3291 286
3292 328
3293 318
3294 290
3295 312
3296 293
3297 318
3298 316
3299 324
3300 299
3301 297
3302 310
3303 300
3304 298
3305 305
3306 279
3307 305
3308 279
3309 309
3310 296
3311 317
3312 309
3313 325
3314 292
3315 331
3316 297
3317 315
3318 319
3319 297
3320 317
3321 300
3322 326
3323 285
3324 288
3325 294
3326 292
3327 294
3328 307
3329 297
3330 315
3331 309
3332 315
3333 297
3334 299
3335 315
3336 305
3337 274
3338 312
3339 314
3340 260
3341 297
3342 339
3343 325
3344 303
3345 267
3346 322
3347 309
3348 319
3349 309
3350 292
3351 298
3352 293
3353 285
3354 305
3355 291
3356 326
3357 271
3358 282
3359 310
3360 278
3361 292
3362 279
3363 269
3364 311
3365 296
3366 290
3367 266
3368 293
3369 311
3370 291
3371 289
3372 281
3373 297
3374 288
3375 292
3376 318
3377 298
3378 280
3379 271
3380 316
3381 277
3382 309
3383 290
3384 314
3385 294
3386 304
3387 295
3388 310
3389 307
3390 311
3391 272
3392 269
3393 279
3394 261
3395 254
3396 274
3397 282
3398 255
3399 290
3400 290
3401 306
3402 275
3403 276
3404 317
3405 286
3406 270
3407 276
3408 286
3409 267
3410 338
3411 276
3412 287
3413 303
3414 295
3415 260
3416 265
3417 280
3418 306
3419 283
3420 303
3421 278
3422 272
3423 275
3424 273
3425 297
3426 269
3427 290
3428 291
3429 307
3430 295
3431 269
3432 279
3433 299
3434 271
3435 265
3436 252
3437 283
3438 274
3439 285
3440 300
3441 275
3442 303
3443 277
3444 262
3445 276
3446 291
3447 274
3448 292
3449 275
3450 304
3451 253
3452 255
3453 274
3454 303
3455 272
3456 277
3457 260
3458 275
3459 259
3460 260
3461 263
3462 300
3463 280
3464 277
3465 294
3466 284
3467 277
3468 276
3469 246
3470 252
3471 287
3472 268
3473 275
3474 287
3475 254
3476 286
3477 256
3478 310
3479 253
3480 306
3481 283
3482 296
3483 304
3484 262
3485 277
3486 283
3487 265
3488 294
3489 262
3490 286
3491 287
3492 285
3493 252
3494 276
3495 297
3496 291
3497 305
3498 284
3499 273
3500 260
3501 250
3502 272
3503 268
3504 267
3505 270
3506 275
3507 271
3508 259
3509 295
3510 285
3511 273
3512 266
3513 259
3514 225
3515 266
3516 251
3517 267
3518 265
3519 276
3520 245
3521 277
3522 272
3523 261
3524 252
3525 254
3526 260
3527 262
3528 275
3529 248
3530 235
3531 293
3532 269
3533 245
3534 280
3535 263
3536 280
3537 299
3538 245
3539 266
3540 278
3541 251
3542 271
3543 263
3544 273
3545 278
3546 230
3547 279
3548 242
3549 255
3550 232
3551 268
3552 246
3553 264
3554 246
3555 249
3556 274
3557 250
3558 259
3559 267
3560 241
3561 287
3562 234
3563 250
3564 274
3565 239
3566 282
3567 257
3568 255
3569 290
3570 290
3571 223
3572 264
3573 252
3574 262
3575 249
3576 296
3577 252
3578 267
3579 298
3580 249
3581 263
3582 256
3583 254
3584 247
3585 271
3586 252
3587 249
3588 251
3589 265
3590 279
3591 268
3592 307
3593 222
3594 253
3595 259
3596 218
3597 255
3598 243
3599 258
3600 248
3601 255
3602 254
3603 247
3604 252
3605 251
3606 225
3607 271
3608 248
3609 267
3610 248
3611 265
3612 247
3613 255
3614 248
3615 271
3616 228
3617 236
3618 270
3619 253
3620 259
3621 242
3622 214
3623 258
3624 251
3625 239
3626 253
3627 241
3628 250
3629 249
3630 231
3631 264
3632 247
3633 232
3634 219
3635 248
3636 249
3637 252
3638 230
3639 243
3640 255
3641 240
3642 231
3643 251
3644 267
3645 261
3646 248
3647 260
3648 214
3649 256
3650 241
3651 247
3652 220
3653 235
3654 234
3655 233
3656 237
3657 285
3658 268
3659 226
3660 246
3661 242
3662 231
3663 247
3664 217
3665 281
3666 231
3667 241
3668 227
3669 229
3670 252
3671 252
3672 270
3673 250
3674 224
3675 250
3676 236
3677 217
3678 260
3679 267
3680 258
3681 212
3682 245
3683 262
3684 246
3685 259
3686 269
3687 249
3688 240
3689 243
3690 213
3691 251
3692 208
3693 238
3694 249
3695 234
3696 205
3697 235
3698 219
3699 263
3700 248
3701 264
3702 273
3703 236
3704 262
3705 241
3706 222
3707 211
3708 237
3709 271
3710 225
3711 233
3712 237
3713 214
3714 242
3715 237
3716 229
3717 248
3718 249
3719 211
3720 239
3721 245
3722 262
3723 224
3724 237
3725 251
3726 261
3727 245
3728 236
3729 227
3730 238
3731 218
3732 219
3733 217
3734 225
3735 225
3736 236
3737 203
3738 235
3739 223
3740 252
3741 235
3742 219
3743 215
3744 250
3745 249
3746 264
3747 246
3748 228
3749 237
3750 221
3751 232
3752 231
3753 232
3754 246
3755 228
3756 241
3757 255
3758 243
3759 235
3760 243
3761 223
3762 213
3763 245
3764 216
3765 246
3766 234
3767 208
3768 223
3769 241
3770 246
3771 231
3772 233
3773 235
3774 235
3775 252
3776 236
3777 225
3778 222
3779 243
3780 208
3781 221
3782 211
3783 235
3784 228
3785 225
3786 190
3787 225
3788 211
3789 229
3790 261
3791 219
3792 212
3793 243
3794 225
3795 203
3796 233
3797 225
3798 212
3799 242
3800 211
3801 227
3802 213
3803 226
3804 233
3805 226
3806 220
3807 237
3808 209
3809 235
3810 219
3811 220
3812 233
3813 243
3814 206
3815 220
3816 211
3817 218
3818 223
3819 233
3820 212
3821 212
3822 225
3823 205
3824 237
3825 210
3826 228
3827 221
3828 212
3829 203
3830 206
3831 234
3832 207
3833 212
3834 224
3835 245
3836 215
3837 224
3838 197
3839 214
3840 203
3841 174
3842 208
3843 205
3844 227
3845 224
3846 214
3847 215
3848 219
3849 218
3850 192
3851 199
3852 208
3853 225
3854 206
3855 208
3856 226
3857 203
3858 210
3859 209
3860 216
3861 204
3862 206
3863 228
3864 211
3865 208
3866 212
3867 208
3868 224
3869 209
3870 251
3871 204
3872 176
3873 232
3874 238
3875 208
3876 213
3877 203
3878 226
3879 190
3880 219
3881 228
3882 218
3883 230
3884 223
3885 206
3886 216
3887 211
3888 202
3889 206
3890 203
3891 199
3892 200
3893 220
3894 202
3895 214
3896 203
3897 186
3898 186
3899 218
3900 240
3901 203
3902 201
3903 205
3904 226
3905 230
3906 208
3907 207
3908 238
3909 197
3910 207
3911 179
3912 184
3913 201
3914 235
3915 191
3916 198
3917 231
3918 202
3919 208
3920 179
3921 200
3922 191
3923 195
3924 202
3925 195
3926 228
3927 206
3928 212
3929 217
3930 209
3931 208
3932 202
3933 220
3934 192
3935 199
3936 200
3937 204
3938 196
3939 225
3940 206
3941 207
3942 195
3943 209
3944 211
3945 211
3946 202
3947 197
3948 195
3949 221
3950 221
3951 201
3952 184
3953 231
3954 199
3955 211
3956 216
3957 211
3958 165
3959 221
3960 204
3961 182
3962 215
3963 193
3964 189
3965 197
3966 202
3967 209
3968 184
3969 182
3970 208
3971 186
3972 207
3973 198
3974 208
3975 185
3976 199
3977 204
3978 218
3979 203
3980 170
3981 200
3982 195
3983 199
3984 199
3985 203
3986 203
3987 175
3988 205
3989 200
3990 185
3991 194
3992 186
3993 190
3994 190
3995 193
3996 196
3997 233
3998 196
3999 218
4000 207
4001 197
4002 189
4003 204
4004 252
4005 197
4006 185
4007 189
4008 201
4009 227
4010 195
4011 170
4012 189
4013 180
4014 209
4015 175
4016 177
4017 187
4018 205
4019 190
4020 200
4021 202
4022 213
4023 196
4024 209
4025 206
4026 191
4027 191
4028 191
4029 219
4030 177
4031 176
4032 209
4033 200
4034 181
4035 185
4036 209
4037 212
4038 185
4039 189
4040 209
4041 213
4042 178
4043 188
4044 180
4045 224
4046 197
4047 202
4048 196
4049 188
4050 213
4051 195
4052 190
4053 187
4054 194
4055 181
4056 185
4057 206
4058 181
4059 216
4060 199
4061 223
4062 203
4063 186
4064 206
4065 193
4066 194
4067 196
4068 230
4069 201
4070 221
4071 222
4072 180
4073 216
4074 211
4075 180
4076 188
4077 180
4078 205
4079 195
4080 167
4081 200
4082 198
4083 176
4084 222
4085 210
4086 179
4087 171
4088 185
4089 208
4090 204
4091 184
4092 177
4093 216
4094 159
4095 193
4096 178
4097 194
4098 187
4099 199
4100 192
4101 169
4102 203
4103 180
4104 154
4105 197
4106 191
4107 179
4108 172
4109 209
4110 196
4111 173
4112 170
4113 172
4114 177
4115 229
4116 207
4117 200
4118 182
4119 203
4120 184
4121 187
4122 173
4123 213
4124 168
4125 193
4126 209
4127 196
4128 187
4129 190
4130 160
4131 172
4132 185
4133 178
4134 174
4135 178
4136 177
4137 184
4138 180
4139 183
4140 188
4141 165
4142 178
4143 186
4144 201
4145 176
4146 163
4147 182
4148 167
4149 190
4150 208
4151 181
4152 187
4153 166
4154 196
4155 176
4156 193
4157 185
4158 193
4159 184
4160 178
4161 174
4162 182
4163 176
4164 191
4165 194
4166 182
4167 180
4168 153
4169 173
4170 206
4171 199
4172 177
4173 194
4174 166
4175 179
4176 201
4177 178
4178 189
4179 172
4180 187
4181 192
4182 185
4183 179
4184 168
4185 182
4186 169
4187 174
4188 171
4189 184
4190 181
4191 169
4192 178
4193 197
4194 170
4195 169
4196 211
4197 180
4198 186
4199 189
4200 168
4201 173
4202 189
4203 166
4204 173
4205 178
4206 163
4207 195
4208 173
4209 165
4210 172
4211 159
4212 171
4213 184
4214 159
4215 188
4216 183
4217 171
4218 163
4219 179
4220 177
4221 188
4222 154
4223 146
4224 184
4225 189
4226 174
4227 169
4228 173
4229 167
4230 156
4231 181
4232 165
4233 162
4234 179
4235 175
4236 178
4237 161
4238 173
4239 173
4240 157
4241 177
4242 183
4243 152
4244 178
4245 192
4246 168
4247 173
4248 195
4249 172
4250 166
4251 179
4252 169
4253 189
4254 160
4255 164
4256 175
4257 160
4258 186
4259 163
4260 172
4261 158
4262 189
4263 176
4264 206
4265 154
4266 164
4267 179
4268 187
4269 176
4270 182
4271 155
4272 193
4273 174
4274 170
4275 178
4276 184
4277 177
4278 166
4279 170
4280 192
4281 181
4282 162
4283 187
4284 183
4285 194
4286 172
4287 160
4288 177
4289 164
4290 176
4291 186
4292 182
4293 141
4294 170
4295 172
4296 162
4297 187
4298 156
4299 185
4300 194
4301 163
4302 193
4303 167
4304 159
4305 180
4306 179
4307 172
4308 156
4309 191
4310 175
4311 173
4312 174
4313 159
4314 188
4315 157
4316 176
4317 184
4318 189
4319 152
4320 153
4321 166
4322 159
4323 204
4324 158
4325 175
4326 174
4327 170
4328 184
4329 150
4330 163
4331 152
4332 180
4333 177
4334 154
4335 178
4336 172
4337 173
4338 175
4339 186
4340 165
4341 175
4342 181
4343 163
4344 151
4345 176
4346 171
4347 175
4348 171
4349 156
4350 169
4351 154
4352 197
4353 181
4354 157
4355 169
4356 168
4357 162
4358 165
4359 164
4360 174
4361 160
4362 174
4363 160
4364 171
4365 209
4366 169
4367 151
4368 152
4369 149
4370 154
4371 146
4372 155
4373 163
4374 161
4375 163
4376 177
4377 173
4378 159
4379 190
4380 159
4381 165
4382 134
4383 184
4384 157
4385 177
4386 162
4387 146
4388 206
4389 160
4390 188
4391 176
4392 184
4393 158
4394 146
4395 164
4396 177
4397 160
4398 162
4399 146
4400 176
4401 165
4402 153
4403 171
4404 174
4405 152
4406 170
4407 170
4408 172
4409 155
4410 152
4411 152
4412 187
4413 163
4414 163
4415 159
4416 131
4417 166
4418 165
4419 182
4420 159
4421 194
4422 182
4423 154
4424 194
4425 187
4426 178
4427 160
4428 179
4429 182
4430 158
4431 162
4432 174
4433 170
4434 158
4435 149
4436 170
4437 136
4438 166
4439 168
4440 185
4441 159
4442 162
4443 161
4444 170
4445 184
4446 162
4447 184
4448 175
4449 152
4450 155
4451 151
4452 159
4453 142
4454 147
4455 173
4456 164
4457 164
4458 174
4459 174
4460 162
4461 169
4462 141
4463 133
4464 159
4465 163
4466 155
4467 166
4468 137
4469 159
4470 160
4471 164
4472 172
4473 156
4474 162
4475 173
4476 166
4477 173
4478 168
4479 126
4480 152
4481 146
4482 150
4483 145
4484 145
4485 153
4486 153
4487 160
4488 157
4489 145
4490 150
4491 163
4492 145
4493 173
4494 156
4495 155
4496 151
4497 174
4498 173
4499 167
4500 145
4501 182
4502 159
4503 153
4504 157
4505 155
4506 139
4507 151
4508 150
4509 148
4510 190
4511 142
4512 143
4513 166
4514 164
4515 166
4516 164
4517 141
4518 154
4519 200
4520 152
4521 129
4522 158
4523 164
4524 170
4525 159
4526 147
4527 147
4528 155
4529 140
4530 158
4531 148
4532 162
4533 152
4534 175
4535 154
4536 152
4537 163
4538 143
4539 166
4540 182
4541 165
4542 165
4543 154
4544 155
4545 141
4546 144
4547 137
4548 155
4549 152
4550 173
4551 173
4552 155
4553 161
4554 156
4555 157
4556 157
4557 165
4558 132
4559 149
4560 169
4561 162
4562 172
4563 164
4564 140
4565 153
4566 150
4567 174
4568 165
4569 146
4570 190
4571 149
4572 150
4573 144
4574 176
4575 162
4576 144
4577 166
4578 138
4579 173
4580 169
4581 159
4582 153
4583 155
4584 162
4585 149
4586 167
4587 182
4588 150
4589 150
4590 162
4591 165
4592 152
4593 147
4594 151
4595 142
4596 157
4597 140
4598 159
4599 170
4600 179
4601 167
4602 163
4603 174
4604 194
4605 156
4606 151
4607 157
4608 156
4609 154
4610 156
4611 150
4612 146
4613 153
4614 168
4615 173
4616 157
4617 166
4618 140
4619 156
4620 139
4621 144
4622 145
4623 127
4624 168
4625 156
4626 171
4627 177
4628 138
4629 146
4630 147
4631 149
4632 156
4633 159
4634 138
4635 131
4636 158
4637 150
4638 149
4639 148
4640 173
4641 167
4642 145
4643 138
4644 147
4645 141
4646 174
4647 161
4648 160
4649 146
4650 149
4651 136
4652 150
4653 168
4654 155
4655 162
4656 167
4657 147
4658 159
4659 162
4660 162
4661 176
4662 140
4663 153
4664 150
4665 145
4666 152
4667 151
4668 146
4669 151
4670 145
4671 139
4672 152
4673 160
4674 152
4675 175
4676 128
4677 136
4678 141
4679 143
4680 157
4681 143
4682 132
4683 157
4684 149
4685 166
4686 167
4687 140
4688 155
4689 152
4690 164
4691 147
4692 139
4693 172
4694 159
4695 159
4696 168
4697 163
4698 159
4699 157
4700 151
4701 154
4702 148
4703 157
4704 162
4705 135
4706 127
4707 138
4708 145
4709 135
4710 156
4711 153
4712 159
4713 143
4714 155
4715 163
4716 138
4717 144
4718 179
4719 140
4720 144
4721 164
4722 154
4723 164
4724 160
4725 165
4726 161
4727 175
4728 149
4729 159
4730 165
4731 144
4732 158
4733 176
4734 166
4735 159
4736 166
4737 160
4738 148
4739 146
4740 153
4741 156
4742 157
4743 148
4744 149
4745 149
4746 150
4747 164
4748 140
4749 142
4750 165
4751 133
4752 164
4753 146
4754 172
4755 141
4756 138
4757 176
4758 159
4759 156
4760 181
4761 163
4762 162
4763 140
4764 139
4765 143
4766 145
4767 137
4768 159
4769 162
4770 159
4771 152
4772 146
4773 155
4774 152
4775 162
4776 140
4777 157
4778 137
4779 137
4780 186
4781 147
4782 146
4783 162
4784 145
4785 139
4786 134
4787 136
4788 149
4789 160
4790 134
4791 155
4792 152
4793 162
4794 164
4795 138
4796 152
4797 149
4798 164
4799 154
4800 144
4801 145
4802 147
4803 147
4804 152
4805 161
4806 151
4807 158
4808 143
4809 142
4810 161
4811 136
4812 161
4813 168
4814 166
4815 160
4816 170
4817 160
4818 158
4819 140
4820 147
4821 135
4822 162
4823 147
4824 136
4825 141
4826 152
4827 142
4828 151
4829 143
4830 176
4831 154
4832 153
4833 166
4834 159
4835 169
4836 153
4837 142
4838 170
4839 152
4840 166
4841 162
4842 166
4843 140
4844 160
4845 140
4846 156
4847 158
4848 149
4849 162
4850 172
4851 128
4852 161
4853 152
4854 162
4855 153
4856 184
4857 153
4858 150
4859 145
4860 152
4861 145
4862 157
4863 135
4864 161
4865 141
4866 149
4867 128
4868 147
4869 149
4870 159
4871 159
4872 154
4873 149
4874 172
4875 135
4876 146
4877 160
4878 145
4879 131
4880 143
4881 170
4882 144
4883 152
4884 146
4885 163
4886 178
4887 148
4888 165
4889 150
4890 128
4891 152
4892 157
4893 147
4894 159
4895 138
4896 125
4897 154
4898 155
4899 161
4900 140
4901 157
4902 149
4903 147
4904 138
4905 144
4906 157
4907 148
4908 138
4909 153
4910 141
4911 145
4912 139
4913 172
4914 138
4915 151
4916 146
4917 147
4918 159
4919 157
4920 162
4921 156
4922 142
4923 160
4924 178
4925 148
4926 147
4927 139
4928 153
4929 144
4930 141
4931 151
4932 133
4933 152
4934 152
4935 145
4936 162
4937 136
4938 126
4939 133
4940 153
4941 134
4942 147
4943 163
4944 166
4945 150
4946 148
4947 165
4948 155
4949 167
4950 121
4951 142
4952 162
4953 144
4954 144
4955 145
4956 153
4957 149
4958 153
4959 123
4960 167
4961 158
4962 156
4963 152
4964 158
4965 142
4966 126
4967 142
4968 141
4969 136
4970 141
4971 152
4972 169
4973 141
4974 169
4975 170
4976 140
4977 148
4978 144
4979 149
4980 128
4981 151
4982 139
4983 137
4984 146
4985 158
4986 167
4987 165
4988 147
4989 141
4990 144
4991 143
4992 134
4993 154
4994 153
4995 151
4996 157
4997 141
4998 151
4999 141
5000 157
5001 135
5002 142
5003 161
5004 161
5005 162
5006 156
5007 149
5008 157
5009 145
5010 150
5011 148
5012 151
5013 126
5014 121
5015 132
5016 153
5017 131
5018 162
5019 154
5020 160
5021 162
5022 148
5023 143
5024 146
5025 121
5026 173
5027 159
5028 146
5029 131
5030 121
5031 155
5032 142
5033 165
5034 145
5035 161
5036 167
5037 132
5038 145
5039 151
5040 142
5041 139
5042 136
5043 145
5044 146
5045 138
5046 114
5047 142
5048 136
5049 145
5050 158
5051 178
5052 158
5053 133
5054 154
5055 166
5056 156
5057 151
5058 144
5059 143
5060 141
5061 158
5062 150
5063 141
5064 154
5065 163
5066 163
5067 144
5068 155
5069 143
5070 157
5071 141
5072 135
5073 142
5074 155
5075 150
5076 142
5077 136
5078 157
5079 150
5080 168
5081 167
5082 147
5083 133
5084 117
5085 156
5086 171
5087 159
5088 156
5089 157
5090 151
5091 151
5092 133
5093 158
5094 130
5095 154
5096 153
5097 138
5098 160
5099 145
5100 140
5101 160
5102 169
5103 155
5104 155
5105 169
5106 122
5107 169
5108 142
5109 159
5110 152
5111 145
5112 152
5113 155
5114 159
5115 160
5116 167
5117 139
5118 151
5119 144
5120 134
5121 177
5122 161
5123 159
5124 131
5125 154
5126 171
5127 169
5128 140
5129 166
5130 147
5131 130
5132 135
5133 158
5134 180
5135 167
5136 140
5137 155
5138 141
5139 160
5140 136
5141 156
5142 131
5143 145
5144 125
5145 139
5146 145
5147 141
5148 154
5149 149
5150 145
5151 145
5152 163
5153 152
5154 144
5155 153
5156 140
5157 136
5158 165
5159 168
5160 148
5161 141
5162 131
5163 168
5164 146
5165 118
5166 150
5167 133
5168 151
5169 149
5170 167
5171 141
5172 148
5173 153
5174 166
5175 154
5176 138
5177 147
5178 153
5179 152
5180 157
5181 134
5182 154
5183 137
5184 146
5185 159
5186 144
5187 128
5188 137
5189 144
5190 172
5191 155
5192 161
5193 166
5194 156
5195 181
5196 142
5197 144
5198 134
5199 162
5200 150
5201 142
5202 156
5203 146
5204 159
5205 177
5206 147
5207 128
5208 135
5209 155
5210 161
5211 120
5212 158
5213 162
5214 152
5215 155
5216 155
5217 158
5218 124
5219 167
5220 167
5221 151
5222 151
5223 153
5224 157
5225 153
5226 140
5227 154
5228 157
5229 152
5230 153
5231 151
5232 165
5233 142
5234 144
5235 145
5236 170
5237 139
5238 173
5239 156
5240 161
5241 182
5242 171
5243 148
5244 139
5245 164
5246 162
5247 167
5248 156
5249 168
5250 144
5251 139
5252 134
5253 143
5254 144
5255 130
5256 155
5257 152
5258 144
5259 166
5260 151
5261 149
5262 152
5263 139
5264 169
5265 154
5266 171
5267 149
5268 161
5269 155
5270 142
5271 162
5272 176
5273 151
5274 154
5275 153
5276 149
5277 137
5278 133
5279 146
5280 172
5281 146
5282 152
5283 157
5284 165
5285 154
5286 152
5287 170
5288 150
5289 146
5290 152
5291 144
5292 170
5293 163
5294 154
5295 177
5296 167
5297 159
5298 154
5299 147
5300 158
5301 168
5302 149
5303 146
5304 159
5305 145
5306 150
5307 166
5308 167
5309 149
5310 168
5311 171
5312 154
5313 174
5314 152
5315 131
5316 167
5317 162
5318 168
5319 156
5320 150
5321 139
5322 151
5323 148
5324 157
5325 161
5326 163
5327 153
5328 149
5329 147
5330 128
5331 133
5332 156
5333 158
5334 153
5335 156
5336 164
5337 162
5338 137
5339 151
5340 141
5341 166
5342 156
5343 152
5344 132
5345 182
5346 154
5347 151
5348 153
5349 140
5350 133
5351 142
5352 157
5353 153
5354 151
5355 149
5356 124
5357 154
5358 139
5359 159
5360 163
5361 161
5362 151
5363 161
5364 153
5365 135
5366 152
5367 152
5368 149
5369 163
5370 153
5371 167
5372 176
5373 145
5374 150
5375 165
5376 135
5377 144
5378 164
5379 173
5380 154
5381 131
5382 142
5383 154
5384 140
5385 166
5386 142
5387 159
5388 148
5389 162
5390 152
5391 160
5392 155
5393 174
5394 131
5395 127
5396 148
5397 140
5398 167
5399 139
5400 149
5401 153
5402 143
5403 135
5404 150
5405 168
5406 156
5407 166
5408 155
5409 170
5410 184
5411 143
5412 148
5413 155
5414 149
5415 146
5416 165
5417 147
5418 149
5419 152
5420 171
5421 167
5422 141
5423 141
5424 151
5425 166
5426 126
5427 161
5428 147
5429 128
5430 147
5431 158
5432 168
5433 160
5434 147
5435 144
5436 158
5437 137
5438 151
5439 135
5440 155
5441 127
5442 139
5443 170
5444 139
5445 163
5446 143
5447 130
5448 166
5449 149
5450 145
5451 132
5452 173
5453 168
5454 147
5455 151
5456 160
5457 140
5458 155
5459 145
5460 164
5461 185
5462 164
5463 145
5464 175
5465 176
5466 175
5467 162
5468 155
5469 143
5470 161
5471 142
5472 164
5473 159
5474 151
5475 156
5476 163
5477 170
5478 145
5479 171
5480 155
5481 195
5482 153
5483 175
5484 160
5485 166
5486 175
5487 145
5488 160
5489 166
5490 160
5491 159
5492 140
5493 175
5494 169
5495 163
5496 169
5497 176
5498 153
5499 146
5500 159
5501 166
5502 155
5503 151
5504 165
5505 163
5506 156
5507 150
5508 198
5509 179
5510 156
5511 165
5512 144
5513 165
5514 147
5515 146
5516 145
5517 160
5518 155
5519 137
5520 176
5521 128
5522 153
5523 139
5524 138
5525 144
5526 149
5527 163
5528 155
5529 129
5530 152
5531 144
5532 151
5533 159
5534 161
5535 127
5536 154
5537 191
5538 153
5539 166
5540 181
5541 144
5542 166
5543 143
5544 146
5545 137
5546 149
5547 161
5548 162
5549 157
5550 167
5551 151
5552 156
5553 136
5554 167
5555 166
5556 158
5557 148
5558 151
5559 147
5560 165
5561 180
5562 155
5563 173
5564 140
5565 136
5566 162
5567 180
5568 164
5569 161
5570 164
5571 162
5572 180
5573 172
5574 132
5575 149
5576 150
5577 157
5578 160
5579 155
5580 171
5581 163
5582 169
5583 159
5584 149
5585 157
5586 139
5587 153
5588 171
5589 170
5590 150
5591 167
5592 127
5593 169
5594 167
5595 144
5596 162
5597 169
5598 151
5599 153
5600 147
5601 173
5602 156
5603 162
5604 159
5605 153
5606 144
5607 137
5608 151
5609 141
5610 163
5611 155
5612 170
5613 155
5614 154
5615 158
5616 154
5617 173
5618 182
5619 153
5620 169
5621 173
5622 159
5623 172
5624 160
5625 154
5626 164
5627 171
5628 166
5629 141
5630 137
5631 127
5632 162
5633 166
5634 170
5635 138
5636 171
5637 160
5638 172
5639 153
5640 156
5641 161
5642 156
5643 138
5644 158
5645 170
5646 143
5647 137
5648 132
5649 153
5650 163
5651 169
5652 157
5653 146
5654 156
5655 182
5656 161
5657 146
5658 148
5659 147
5660 151
5661 155
5662 151
5663 156
5664 152
5665 191
5666 161
5667 162
5668 152
5669 162
5670 151
5671 140
5672 165
5673 153
5674 146
5675 152
5676 152
5677 172
5678 170
5679 128
5680 136
5681 171
5682 150
5683 147
5684 158
5685 145
5686 139
5687 146
5688 168
5689 160
5690 151
5691 159
5692 147
5693 140
5694 147
5695 160
5696 158
5697 152
5698 197
5699 155
5700 184
5701 161
5702 157
5703 142
5704 140
5705 143
5706 146
5707 180
5708 150
5709 183
5710 151
5711 152
5712 149
5713 161
5714 143
5715 164
5716 160
5717 159
5718 154
5719 178
5720 144
5721 171
5722 152
5723 177
5724 172
5725 153
5726 152
5727 152
5728 129
5729 152
5730 164
5731 164
5732 146
5733 189
5734 153
5735 162
5736 147
5737 140
5738 162
5739 157
5740 171
5741 143
5742 162
5743 136
5744 157
5745 141
5746 162
5747 160
5748 142
5749 155
5750 153
5751 171
5752 161
5753 160
5754 159
5755 163
5756 147
5757 148
5758 166
5759 151
5760 155
5761 145
5762 167
5763 135
5764 159
5765 159
5766 151
5767 192
5768 145
5769 199
5770 135
5771 138
5772 169
5773 151
5774 160
5775 170
5776 152
5777 172
5778 152
5779 187
5780 161
5781 168
5782 152
5783 148
5784 161
5785 164
5786 156
5787 142
5788 175
5789 162
5790 157
5791 139
5792 161
5793 141
5794 183
5795 159
5796 151
5797 159
5798 160
5799 139
5800 162
5801 134
5802 150
5803 163
5804 144
5805 149
5806 144
5807 157
5808 149
5809 171
5810 159
5811 141
5812 136
5813 144
5814 175
5815 162
5816 145
5817 166
5818 169
5819 153
5820 159
5821 174
5822 167
5823 149
5824 172
5825 137
5826 173
5827 152
5828 163
5829 143
5830 159
5831 157
5832 160
5833 167
5834 137
5835 161
5836 148
5837 181
5838 148
5839 162
5840 160
5841 149
5842 163
5843 165
5844 163
5845 162
5846 152
5847 142
5848 160
5849 149
5850 139
5851 160
5852 174
5853 168
5854 181
5855 133
5856 161
5857 145
5858 180
5859 165
5860 149
5861 167
5862 138
5863 175
5864 157
5865 173
5866 159
5867 167
5868 152
5869 149
5870 148
5871 155
5872 139
5873 162
5874 178
5875 167
5876 154
5877 164
5878 169
5879 182
5880 157
5881 158
5882 172
5883 174
5884 167
5885 149
5886 156
5887 133
5888 129
5889 170
5890 153
5891 145
5892 156
5893 141
5894 136
5895 153
5896 162
5897 145
5898 154
5899 152
5900 181
5901 155
5902 161
5903 156
5904 168
5905 193
5906 164
5907 171
5908 150
5909 162
5910 164
5911 146
5912 146
5913 170
5914 158
5915 142
5916 157
5917 171
5918 139
5919 150
5920 164
5921 155
5922 141
5923 147
5924 140
5925 145
5926 149
5927 145
5928 161
5929 131
5930 153
5931 150
5932 162
5933 170
5934 149
5935 152
5936 145
5937 153
5938 158
5939 125
5940 148
5941 154
5942 159
5943 159
5944 154
5945 168
5946 160
5947 143
5948 156
5949 138
5950 159
5951 151
5952 148
5953 150
5954 147
5955 151
5956 141
5957 145
5958 158
5959 157
5960 141
5961 167
5962 151
5963 174
5964 164
5965 149
5966 156
5967 144
5968 128
5969 136
5970 147
5971 135
5972 144
5973 143
5974 155
5975 146
5976 157
5977 166
5978 151
5979 137
5980 158
5981 130
5982 151
5983 148
5984 173
5985 141
5986 152
5987 151
5988 156
5989 141
5990 162
5991 166
5992 124
5993 140
5994 163
5995 149
5996 158
5997 127
5998 152
5999 158
6000 126
6001 138
6002 141
6003 151
6004 160
6005 153
6006 124
6007 129
6008 136
6009 159
6010 146
6011 157
6012 157
6013 157
6014 134
6015 147
6016 161
6017 151
6018 153
6019 131
6020 135
6021 139
6022 133
6023 148
6024 154
6025 143
6026 140
6027 126
6028 151
6029 149
6030 124
6031 131
6032 127
6033 120
6034 151
6035 146
6036 132
6037 126
6038 156
6039 154
6040 134
6041 144
6042 151
6043 136
6044 149
6045 127
6046 127
6047 142
6048 176
6049 125
6050 136
6051 146
6052 141
6053 136
6054 122
6055 124
6056 135
6057 132
6058 137
6059 114
6060 136
6061 127
6062 147
6063 160
6064 148
6065 132
6066 130
6067 152
6068 131
6069 129
6070 144
6071 138
6072 143
6073 129
6074 134
6075 139
6076 151
6077 136
6078 138
6079 156
6080 161
6081 147
6082 160
6083 140
6084 143
6085 163
6086 140
6087 126
6088 122
6089 133
6090 155
6091 128
6092 137
6093 137
6094 151
6095 139
6096 131
6097 149
6098 134
6099 141
6100 150
6101 169
6102 139
6103 137
6104 137
6105 123
6106 126
6107 126
6108 128
6109 147
6110 112
6111 130
6112 139
6113 148
6114 158
6115 138
6116 116
6117 135
6118 130
6119 142
6120 156
6121 139
6122 131
6123 147
6124 123
6125 129
6126 135
6127 126
6128 112
6129 139
6130 136
6131 122
6132 131
6133 151
6134 127
6135 159
6136 120
6137 145
6138 143
6139 137
6140 146
6141 137
6142 143
6143 121
6144 117
6145 119
6146 129
6147 138
6148 110
6149 113
6150 136
6151 152
6152 134
6153 114
6154 113
6155 140
6156 117
6157 124
6158 156
6159 119
6160 128
6161 122
6162 125
6163 144
6164 141
6165 146
6166 129
6167 140
6168 126
6169 111
6170 120
6171 132
6172 136
6173 113
6174 130
6175 124
6176 120
6177 126
6178 144
6179 141
6180 122
6181 134
6182 121
6183 125
6184 129
6185 124
6186 120
6187 135
6188 115
6189 123
6190 148
6191 125
6192 142
6193 124
6194 132
6195 130
6196 124
6197 140
6198 134
6199 126
6200 115
6201 123
6202 134
6203 128
6204 149
6205 118
6206 135
6207 123
6208 126
6209 111
6210 115
6211 134
6212 135
6213 127
6214 122
6215 142
6216 144
6217 129
6218 139
6219 130
6220 123
6221 122
6222 121
6223 137
6224 142
6225 142
6226 127
6227 136
6228 121
6229 120
6230 112
6231 119
6232 139
6233 125
6234 122
6235 129
6236 134
6237 140
6238 145
6239 143
6240 108
6241 138
6242 124
6243 111
6244 113
6245 127
6246 106
6247 115
6248 119
6249 131
6250 116
6251 119
6252 132
6253 115
6254 131
6255 132
6256 114
6257 94
6258 112
6259 125
6260 100
6261 128
6262 115
6263 123
6264 116
6265 128
6266 114
6267 119
6268 128
6269 137
6270 113
6271 124
6272 147
6273 116
6274 130
6275 127
6276 112
6277 115
6278 126
6279 111
6280 119
6281 108
6282 111
6283 147
6284 126
6285 110
6286 116
6287 115
6288 119
6289 112
6290 110
6291 146
6292 119
6293 130
6294 127
6295 118
6296 119
6297 125
6298 131
6299 116
6300 97
6301 129
6302 116
6303 123
6304 129
6305 88
6306 111
6307 120
6308 118
6309 119
6310 130
6311 120
6312 124
6313 119
6314 110
6315 135
6316 135
6317 100
6318 113
6319 113
6320 109
6321 133
6322 122
6323 125
6324 95
6325 123
6326 116
6327 121
6328 116
6329 125
6330 104
6331 101
6332 112
6333 106
6334 148
6335 129
6336 108
6337 131
6338 111
6339 135
6340 107
6341 104
6342 104
6343 118
6344 130
6345 122
6346 136
6347 104
6348 116
6349 127
6350 114
6351 132
6352 110
6353 113
6354 131
6355 117
6356 110
6357 104
6358 130
6359 123
6360 108
6361 138
6362 105
6363 123
6364 117
6365 111
6366 115
6367 121
6368 127
6369 129
6370 99
6371 113
6372 118
6373 112
6374 112
6375 108
6376 109
6377 112
6378 133
6379 102
6380 102
6381 101
6382 130
6383 118
6384 104
6385 102
6386 98
6387 117
6388 121
6389 102
6390 111
6391 110
6392 88
6393 137
6394 102
6395 124
6396 106
6397 91
6398 115
6399 117
6400 115
6401 113
6402 98
6403 99
6404 132
6405 117
6406 108
6407 102
6408 108
6409 112
6410 117
6411 109
6412 104
6413 116
6414 108
6415 122
6416 116
6417 118
6418 99
6419 102
6420 110
6421 151
6422 122
6423 100
6424 128
6425 108
6426 117
6427 99
6428 103
6429 113
6430 108
6431 86
6432 104
6433 108
6434 108
6435 97
6436 97
6437 102
6438 95
6439 116
6440 112
6441 129
6442 102
6443 94
6444 92
6445 114
6446 110
6447 116
6448 110
6449 106
6450 105
6451 104
6452 106
6453 97
6454 117
6455 108
6456 95
6457 125
6458 91
6459 114
6460 106
6461 99
6462 118
6463 112
6464 100
6465 103
6466 106
6467 108
6468 112
6469 101
6470 111
6471 107
6472 102
6473 109
6474 119
6475 106
6476 117
6477 99
6478 117
6479 116
6480 112
6481 111
6482 118
6483 81
6484 96
6485 105
6486 92
6487 108
6488 110
6489 112
6490 89
6491 104
6492 112
6493 97
6494 99
6495 103
6496 108
6497 90
6498 100
6499 100
6500 93
6501 131
6502 98
6503 103
6504 101
6505 99
6506 102
6507 91
6508 89
6509 133
6510 96
6511 106
6512 118
6513 98
6514 111
6515 98
6516 107
6517 114
6518 112
6519 108
6520 100
6521 109
6522 90
6523 108
6524 93
6525 100
6526 102
6527 105
6528 101
6529 110
6530 91
6531 101
6532 100
6533 108
6534 98
6535 93
6536 97
6537 94
6538 94
6539 117
6540 113
6541 99
6542 84
6543 96
6544 116
6545 94
6546 105
6547 96
6548 111
6549 104
6550 106
6551 96
6552 100
6553 97
6554 100
6555 106
6556 113
6557 95
6558 101
6559 117
6560 108
6561 107
6562 94
6563 93
6564 103
6565 98
6566 104
6567 97
6568 129
6569 105
6570 84
6571 101
6572 124
6573 111
6574 103
6575 103
6576 89
6577 93
6578 107
6579 109
6580 127
6581 84
6582 116
6583 93
6584 75
6585 96
6586 110
6587 103
6588 100
6589 103
6590 97
6591 99
6592 113
6593 100
6594 97
6595 103
6596 74
6597 121
6598 82
6599 104
6600 125
6601 89
6602 102
6603 103
6604 110
6605 82
6606 98
6607 97
6608 112
6609 89
6610 92
6611 84
6612 76
6613 85
6614 80
6615 111
6616 98
6617 89
6618 102
6619 84
6620 94
6621 96
6622 96
6623 106
6624 98
6625 106
6626 86
6627 100
6628 99
6629 89
6630 88
6631 88
6632 91
6633 78
6634 102
6635 103
6636 104
6637 89
6638 93
6639 83
6640 79
6641 82
6642 124
6643 94
6644 95
6645 97
6646 90
6647 81
6648 90
6649 81
6650 93
6651 87
6652 94
6653 89
6654 95
6655 88
6656 84
6657 101
6658 100
6659 86
6660 89
6661 92
6662 96
6663 90
6664 75
6665 79
6666 118
6667 86
6668 87
6669 81
6670 89
6671 104
6672 83
6673 97
6674 86
6675 88
6676 92
6677 97
6678 87
6679 100
6680 87
6681 85
6682 86
6683 95
6684 87
6685 110
6686 93
6687 92
6688 91
6689 91
6690 112
6691 85
6692 100
6693 92
6694 88
6695 70
6696 80
6697 96
6698 101
6699 87
6700 90
6701 100
6702 97
6703 80
6704 94
6705 87
6706 81
6707 108
6708 92
6709 85
6710 95
6711 81
6712 92
6713 84
6714 79
6715 85
6716 85
6717 91
6718 88
6719 96
6720 77
6721 87
6722 86
6723 86
6724 77
6725 85
6726 96
6727 76
6728 74
6729 97
6730 92
6731 97
6732 95
6733 68
6734 85
6735 83
6736 77
6737 87
6738 89
6739 97
6740 74
6741 85
6742 86
6743 86
6744 87
6745 83
6746 89
6747 94
6748 78
6749 98
6750 83
6751 81
6752 72
6753 91
6754 89
6755 89
6756 85
6757 90
6758 91
6759 86
6760 93
6761 84
6762 111
6763 74
6764 71
6765 78
6766 85
6767 89
6768 92
6769 89
6770 85
6771 91
6772 81
6773 81
6774 97
6775 88
6776 84
6777 88
6778 93
6779 82
6780 94
6781 85
6782 85
6783 96
6784 95
6785 85
6786 74
6787 81
6788 79
6789 100
6790 84
6791 91
6792 90
6793 94
6794 87
6795 84
6796 82
6797 91
6798 75
6799 84
6800 78
6801 64
6802 81
6803 78
6804 87
6805 91
6806 88
6807 93
6808 80
6809 99
6810 84
6811 88
6812 89
6813 70
6814 85
6815 84
6816 81
6817 84
6818 81
6819 87
6820 76
6821 92
6822 98
6823 81
6824 76
6825 81
6826 85
6827 86
6828 89
6829 93
6830 82
6831 93
6832 79
6833 95
6834 71
6835 84
6836 69
6837 87
6838 81
6839 72
6840 81
6841 90
6842 96
6843 71
6844 100
6845 80
6846 84
6847 88
6848 76
6849 91
6850 81
6851 86
6852 90
6853 93
6854 76
6855 92
6856 86
6857 102
6858 87
6859 77
6860 87
6861 72
6862 73
6863 77
6864 71
6865 76
6866 78
6867 88
6868 85
6869 91
6870 75
6871 90
6872 79
6873 71
6874 68
6875 84
6876 84
6877 82
6878 82
6879 91
6880 80
6881 86
6882 77
6883 76
6884 63
6885 78
6886 87
6887 85
6888 81
6889 77
6890 74
6891 93
6892 76
6893 87
6894 93
6895 80
6896 82
6897 75
6898 88
6899 67
6900 68
6901 93
6902 76
6903 70
6904 71
6905 72
6906 89
6907 73
6908 90
6909 72
6910 69
6911 74
6912 76
6913 81
6914 83
6915 75
6916 83
6917 73
6918 75
6919 69
6920 86
6921 76
6922 77
6923 86
6924 83
6925 86
6926 96
6927 67
6928 74
6929 77
6930 78
6931 92
6932 90
6933 87
6934 76
6935 72
6936 82
6937 84
6938 79
6939 85
6940 73
6941 99
6942 80
6943 73
6944 77
6945 88
6946 94
6947 71
6948 79
6949 66
6950 66
6951 75
6952 62
6953 85
6954 77
6955 83
6956 78
6957 85
6958 67
6959 81
6960 78
6961 78
6962 80
6963 73
6964 70
6965 67
6966 88
6967 82
6968 71
6969 85
6970 70
6971 73
6972 75
6973 70
6974 72
6975 76
6976 62
6977 72
6978 86
6979 80
6980 75
6981 82
6982 78
6983 76
6984 88
6985 67
6986 84
6987 75
6988 88
6989 80
6990 61
6991 65
6992 69
6993 70
6994 65
6995 81
6996 87
6997 79
6998 78
6999 80
7000 77
7001 78
7002 90
7003 70
7004 64
7005 80
7006 81
7007 70
7008 77
7009 62
7010 79
7011 80
7012 79
7013 77
7014 65
7015 92
7016 75
7017 67
7018 61
7019 83
7020 69
7021 82
7022 76
7023 68
7024 80
7025 66
7026 72
7027 77
7028 67
7029 73
7030 68
7031 78
7032 75
7033 78
7034 79
7035 53
7036 83
7037 67
7038 61
7039 60
7040 75
7041 70
7042 73
7043 69
7044 75
7045 78
7046 67
7047 78
7048 66
7049 78
7050 73
7051 69
7052 75
7053 72
7054 81
7055 73
7056 77
7057 71
7058 71
7059 79
7060 84
7061 66
7062 74
7063 66
7064 71
7065 65
7066 82
7067 74
7068 72
7069 61
7070 70
7071 77
7072 77
7073 74
7074 62
7075 65
7076 61
7077 69
7078 80
7079 63
7080 65
7081 79
7082 70
7083 83
7084 88
7085 68
7086 81
7087 77
7088 73
7089 73
7090 80
7091 91
7092 81
7093 74
7094 92
7095 72
7096 72
7097 83
7098 63
7099 73
7100 67
7101 62
7102 71
7103 82
7104 82
7105 58
7106 77
7107 71
7108 60
7109 85
7110 71
7111 81
7112 80
7113 80
7114 59
7115 64
7116 62
7117 77
7118 65
7119 66
7120 73
7121 63
7122 57
7123 82
7124 62
7125 67
7126 63
7127 82
7128 78
7129 75
7130 75
7131 60
7132 63
7133 63
7134 64
7135 83
7136 60
7137 60
7138 59
7139 64
7140 67
7141 69
7142 63
7143 63
7144 63
7145 71
7146 66
7147 76
7148 61
7149 55
7150 78
7151 79
7152 67
7153 69
7154 61
7155 67
7156 62
7157 57
7158 73
7159 59
7160 70
7161 68
7162 66
7163 65
7164 80
7165 69
7166 56
7167 59
7168 77
7169 71
7170 72
7171 73
7172 52
7173 73
7174 58
7175 76
7176 71
7177 72
7178 68
7179 64
7180 62
7181 70
7182 89
7183 52
7184 66
7185 66
7186 78
7187 74
7188 75
7189 73
7190 75
7191 72
7192 58
7193 62
7194 59
7195 74
7196 61
7197 70
7198 60
7199 57
7200 81
7201 62
7202 77
7203 70
7204 71
7205 73
7206 84
7207 78
7208 64
7209 70
7210 64
7211 66
7212 56
7213 79
7214 57
7215 78
7216 63
7217 75
7218 67
7219 64
7220 61
7221 65
7222 62
7223 66
7224 74
7225 83
7226 75
7227 68
7228 58
7229 61
7230 71
7231 78
7232 88
7233 58
7234 67
7235 57
7236 70
7237 65
7238 67
7239 53
7240 69
7241 70
7242 50
7243 68
7244 69
7245 73
7246 70
7247 78
7248 70
7249 62
7250 46
7251 61
7252 57
7253 66
7254 61
7255 61
7256 59
7257 48
7258 71
7259 65
7260 58
7261 55
7262 74
7263 63
7264 64
7265 53
7266 70
7267 73
7268 55
7269 75
7270 78
7271 48
7272 77
7273 52
7274 84
7275 50
7276 64
7277 79
7278 77
7279 63
7280 72
7281 76
7282 58
7283 73
7284 74
7285 65
7286 77
7287 57
7288 61
7289 65
7290 55
7291 60
7292 61
7293 69
7294 59
7295 65
7296 83
7297 64
7298 70
7299 67
7300 71
7301 71
7302 70
7303 78
7304 56
7305 66
7306 45
7307 58
7308 75
7309 64
7310 50
7311 52
7312 64
7313 49
7314 67
7315 64
7316 67
7317 59
7318 69
7319 55
7320 63
7321 51
7322 69
7323 71
7324 73
7325 70
7326 64
7327 51
7328 79
7329 70
7330 47
7331 65
7332 68
7333 56
7334 60
7335 65
7336 81
7337 63
7338 65
7339 58
7340 65
7341 58
7342 59
7343 68
7344 68
7345 66
7346 62
7347 62
7348 55
7349 67
7350 66
7351 74
7352 76
7353 57
7354 66
7355 65
7356 52
7357 69
7358 88
7359 56
7360 72
7361 57
7362 63
7363 59
7364 63
7365 69
7366 78
7367 61
7368 69
7369 68
7370 74
7371 64
7372 83
7373 55
7374 49
7375 56
7376 63
7377 62
7378 73
7379 90
7380 65
7381 52
7382 64
7383 68
7384 58
7385 59
7386 76
7387 64
7388 61
7389 63
7390 69
7391 59
7392 64
7393 65
7394 65
7395 47
7396 53
7397 74
7398 72
7399 78
7400 61
7401 70
7402 55
7403 60
7404 66
7405 53
7406 62
7407 66
7408 57
7409 71
7410 78
7411 70
7412 70
7413 65
7414 69
7415 87
7416 73
7417 65
7418 62
7419 69
7420 61
7421 67
7422 52
7423 52
7424 59
7425 45
7426 74
7427 70
7428 64
7429 55
7430 57
7431 64
7432 66
7433 57
7434 59
7435 57
7436 60
7437 51
7438 64
7439 76
7440 54
7441 71
7442 69
7443 67
7444 60
7445 52
7446 65
7447 69
7448 68
7449 50
7450 60
7451 58
7452 75
7453 62
7454 57
7455 66
7456 65
7457 58
7458 53
7459 49
7460 60
7461 54
7462 61
7463 48
7464 72
7465 64
7466 63
7467 69
7468 67
7469 58
7470 52
7471 62
7472 76
7473 57
7474 70
7475 53
7476 65
7477 46
7478 65
7479 63
7480 54
7481 56
7482 50
7483 56
7484 61
7485 70
7486 71
7487 69
7488 64
7489 62
7490 71
7491 48
7492 56
7493 65
7494 72
7495 67
7496 60
7497 66
7498 63
7499 60
7500 65
7501 62
7502 63
7503 56
7504 50
7505 77
7506 66
7507 60
7508 49
7509 61
7510 62
7511 61
7512 55
7513 61
7514 59
7515 66
7516 57
7517 53
7518 68
7519 59
7520 69
7521 64
7522 63
7523 51
7524 63
7525 45
7526 52
7527 43
7528 56
7529 61
7530 48
7531 64
7532 65
7533 50
7534 65
7535 60
7536 69
7537 61
7538 61
7539 56
7540 61
7541 54
7542 50
7543 62
7544 44
7545 50
7546 74
7547 62
7548 59
7549 61
7550 53
7551 60
7552 54
7553 61
7554 65
7555 52
7556 47
7557 60
7558 62
7559 73
7560 51
7561 62
7562 57
7563 71
7564 78
7565 51
7566 57
7567 45
7568 60
7569 60
7570 62
7571 64
7572 69
7573 58
7574 59
7575 47
7576 53
7577 54
7578 69
7579 66
7580 55
7581 63
7582 69
7583 64
7584 64
7585 55
7586 49
7587 62
7588 55
7589 49
7590 60
7591 51
7592 66
7593 43
7594 61
7595 67
7596 58
7597 74
7598 39
7599 51
7600 47
7601 54
7602 56
7603 61
7604 59
7605 51
7606 55
7607 56
7608 56
7609 50
7610 56
7611 50
7612 53
7613 62
7614 72
7615 51
7616 63
7617 44
7618 69
7619 47
7620 54
7621 61
7622 51
7623 59
7624 56
7625 47
7626 63
7627 69
7628 73
7629 46
7630 59
7631 60
7632 59
7633 58
7634 50
7635 79
7636 59
7637 47
7638 53
7639 55
7640 68
7641 62
7642 48
7643 64
7644 56
7645 59
7646 56
7647 60
7648 57
7649 58
7650 49
7651 64
7652 64
7653 57
7654 51
7655 63
7656 56
7657 59
7658 67
7659 60
7660 57
7661 57
7662 42
7663 58
7664 74
7665 60
7666 67
7667 47
7668 64
7669 64
7670 46
7671 65
7672 52
7673 59
7674 57
7675 62
7676 59
7677 71
7678 51
7679 65
7680 59
7681 63
7682 60
7683 57
7684 51
7685 45
7686 66
7687 55
7688 63
7689 52
7690 49
7691 48
7692 58
7693 58
7694 65
7695 66
7696 61
7697 57
7698 66
7699 64
7700 58
7701 68
7702 57
7703 43
7704 50
7705 69
7706 59
7707 60
7708 51
7709 55
7710 54
7711 51
7712 54
7713 65
7714 72
7715 53
7716 63
7717 68
7718 50
7719 48
7720 52
7721 55
7722 59
7723 45
7724 64
7725 57
7726 56
7727 60
7728 38
7729 47
7730 61
7731 73
7732 60
7733 52
7734 55
7735 52
7736 56
7737 59
7738 69
7739 61
7740 54
7741 54
7742 54
7743 50
7744 47
7745 61
7746 62
7747 55
7748 48
7749 59
7750 63
7751 54
7752 58
7753 66
7754 60
7755 65
7756 58
7757 63
7758 57
7759 46
7760 67
7761 67
7762 71
7763 70
7764 47
7765 53
7766 56
7767 60
7768 56
7769 52
7770 60
7771 59
7772 49
7773 60
7774 61
7775 59
7776 60
7777 54
7778 76
7779 62
7780 52
7781 52
7782 44
7783 59
7784 62
7785 65
7786 67
7787 47
7788 53
7789 55
7790 49
7791 55
7792 54
7793 50
7794 74
7795 65
7796 51
7797 53
7798 52
7799 53
7800 50
7801 43
7802 60
7803 64
7804 61
7805 55
7806 57
7807 50
7808 72
7809 52
7810 45
7811 43
7812 50
7813 58
7814 52
7815 59
7816 58
7817 60
7818 61
7819 61
7820 47
7821 52
7822 63
7823 51
7824 55
7825 61
7826 52
7827 62
7828 64
7829 56
7830 62
7831 53
7832 46
7833 54
7834 65
7835 56
7836 62
7837 47
7838 63
7839 48
7840 50
7841 51
7842 48
7843 67
7844 40
7845 51
7846 57
7847 53
7848 60
7849 50
7850 61
7851 65
7852 67
7853 44
7854 47
7855 44
7856 47
7857 45
7858 55
7859 54
7860 47
7861 64
7862 53
7863 66
7864 62
7865 59
7866 55
7867 55
7868 48
7869 56
7870 59
7871 58
7872 52
7873 60
7874 49
7875 58
7876 56
7877 52
7878 55
7879 46
7880 56
7881 44
7882 49
7883 56
7884 53
7885 42
7886 43
7887 50
7888 66
7889 58
7890 55
7891 51
7892 52
7893 55
7894 54
7895 58
7896 59
7897 40
7898 62
7899 47
7900 56
7901 42
7902 55
7903 58
7904 62
7905 58
7906 68
7907 47
7908 68
7909 57
7910 64
7911 65
7912 50
7913 53
7914 51
7915 36
7916 46
7917 54
7918 56
7919 66
7920 46
7921 41
7922 59
7923 59
7924 55
7925 49
7926 59
7927 57
7928 52
7929 52
7930 60
7931 57
7932 58
7933 61
7934 51
7935 38
7936 56
7937 70
7938 60
7939 54
7940 56
7941 52
7942 52
7943 43
7944 52
7945 48
7946 51
7947 59
7948 53
7949 61
7950 53
7951 43
7952 52
7953 54
7954 48
7955 47
7956 41
7957 47
7958 49
7959 54
7960 49
7961 49
7962 54
7963 58
7964 46
7965 73
7966 54
7967 44
7968 60
7969 57
7970 65
7971 61
7972 48
7973 66
7974 54
7975 52
7976 58
7977 41
7978 41
7979 48
7980 47
7981 58
7982 69
7983 50
7984 51
7985 62
7986 51
7987 46
7988 58
7989 54
7990 53
7991 55
7992 60
7993 48
7994 48
7995 53
7996 50
7997 55
7998 51
7999 57
8000 53
8001 50
8002 43
8003 54
8004 60
8005 50
8006 37
8007 53
8008 63
8009 52
8010 56
8011 55
8012 45
8013 51
8014 52
8015 42
8016 52
8017 48
8018 50
8019 56
8020 41
8021 60
8022 53
8023 53
8024 51
8025 46
8026 57
8027 44
8028 55
8029 48
8030 55
8031 36
8032 48
8033 61
8034 67
8035 51
8036 57
8037 53
8038 48
8039 57
8040 51
8041 44
8042 46
8043 56
8044 51
8045 39
8046 46
8047 63
8048 56
8049 60
8050 53
8051 45
8052 61
8053 44
8054 49
8055 51
8056 48
8057 41
8058 60
8059 53
8060 42
8061 46
8062 45
8063 45
8064 56
8065 51
8066 59
8067 37
8068 46
8069 54
8070 58
8071 51
8072 47
8073 50
8074 52
8075 45
8076 51
8077 47
8078 53
8079 43
8080 46
8081 48
8082 52
8083 51
8084 52
8085 49
8086 54
8087 59
8088 43
8089 58
8090 53
8091 42
8092 44
8093 47
8094 47
8095 50
8096 40
8097 56
8098 61
8099 40
8100 46
8101 58
8102 51
8103 59
8104 42
8105 52
8106 41
8107 54
8108 44
8109 57
8110 46
8111 52
8112 46
8113 51
8114 52
8115 57
8116 57
8117 48
8118 62
8119 35
8120 42
8121 37
8122 55
8123 46
8124 43
8125 53
8126 47
8127 42
8128 50
8129 44
8130 47
8131 38
8132 41
8133 50
8134 68
8135 55
8136 44
8137 56
8138 57
8139 49
8140 56
8141 47
8142 50
8143 55
8144 55
8145 45
8146 40
8147 48
8148 53
8149 62
8150 54
8151 55
8152 50
8153 35
8154 49
8155 63
8156 47
8157 50
8158 60
8159 46
8160 51
8161 52
8162 46
8163 51
8164 53
8165 51
8166 49
8167 51
8168 58
8169 49
8170 57
8171 46
8172 45
8173 51
8174 37
8175 51
8176 48
8177 49
8178 43
8179 54
8180 45
8181 40
8182 54
8183 40
8184 45
8185 59
8186 47
8187 38
8188 73
8189 48
8190 42
8191 50
8192 40
8193 45
8194 56
8195 56
8196 47
8197 51
8198 50
8199 58
8200 50
8201 50
8202 42
8203 52
8204 48
8205 46
8206 48
8207 60
8208 42
8209 46
8210 48
8211 46
8212 59
8213 50
8214 36
8215 43
8216 51
8217 48
8218 42
8219 60
8220 42
8221 42
8222 60
8223 57
8224 47
8225 43
8226 67
8227 59
8228 49
8229 51
8230 45
8231 48
8232 45
8233 52
8234 55
8235 52
8236 49
8237 49
8238 67
8239 45
8240 50
8241 65
8242 48
8243 60
8244 49
8245 53
8246 51
8247 53
8248 46
8249 50
8250 39
8251 53
8252 43
8253 54
8254 39
8255 46
8256 33
8257 41
8258 48
8259 44
8260 50
8261 55
8262 44
8263 53
8264 54
8265 46
8266 46
8267 50
8268 42
8269 59
8270 39
8271 41
8272 59
8273 43
8274 48
8275 58
8276 46
8277 59
8278 46
8279 62
8280 46
8281 41
8282 43
8283 44
8284 60
8285 51
8286 52
8287 51
8288 46
8289 56
8290 48
8291 41
8292 55
8293 60
8294 55
8295 47
8296 57
8297 51
8298 59
8299 41
8300 45
8301 48
8302 41
8303 49
8304 48
8305 38
8306 45
8307 48
8308 51
8309 42
8310 47
8311 48
8312 43
8313 45
8314 52
8315 39
8316 38
8317 58
8318 54
8319 48
8320 43
8321 48
8322 47
8323 52
8324 45
8325 45
8326 51
8327 46
8328 52
8329 53
8330 51
8331 42
8332 39
8333 60
8334 53
8335 34
8336 46
8337 49
8338 39
8339 51
8340 54
8341 49
8342 56
8343 45
8344 51
8345 42
8346 55
8347 56
8348 44
8349 47
8350 50
8351 52
8352 51
8353 45
8354 44
8355 53
8356 38
8357 52
8358 45
8359 56
8360 56
8361 56
8362 57
8363 42
8364 65
8365 35
8366 38
8367 56
8368 48
8369 51
8370 39
8371 38
8372 36
8373 50
8374 33
8375 51
8376 54
8377 40
8378 60
8379 51
8380 58
8381 52
8382 48
8383 39
8384 53
8385 49
8386 45
8387 42
8388 45
8389 50
8390 51
8391 48
8392 43
8393 52
8394 51
8395 53
8396 46
8397 45
8398 61
8399 57
8400 41
8401 55
8402 42
8403 42
8404 35
8405 44
8406 43
8407 59
8408 50
8409 44
8410 52
8411 50
8412 47
8413 47
8414 50
8415 31
8416 40
8417 60
8418 44
8419 49
8420 52
8421 47
8422 44
8423 51
8424 52
8425 57
8426 48
8427 48
8428 45
8429 51
8430 60
8431 46
8432 47
8433 32
8434 47
8435 45
8436 56
8437 50
8438 45
8439 47
8440 40
8441 52
8442 52
8443 48
8444 53
8445 31
8446 50
8447 48
8448 51
8449 53
8450 44
8451 48
8452 49
8453 55
8454 52
8455 62
8456 46
8457 49
8458 35
8459 40
8460 56
8461 48
8462 51
8463 49
8464 42
8465 50
8466 66
8467 43
8468 50
8469 54
8470 50
8471 45
8472 34
8473 52
8474 48
8475 44
8476 48
8477 51
8478 60
8479 38
8480 43
8481 56
8482 41
8483 42
8484 41
8485 51
8486 43
8487 44
8488 35
8489 50
8490 46
8491 38
8492 53
8493 36
8494 66
8495 40
8496 46
8497 46
8498 35
8499 51
8500 41
8501 51
8502 45
8503 54
8504 39
8505 62
8506 48
8507 39
8508 39
8509 52
8510 52
8511 40
8512 47
8513 48
8514 42
8515 48
8516 32
8517 44
8518 45
8519 51
8520 36
8521 40
8522 46
8523 35
8524 38
8525 58
8526 47
8527 54
8528 40
8529 62
8530 44
8531 53
8532 44
8533 32
8534 38
8535 36
8536 44
8537 49
8538 49
8539 49
8540 49
8541 43
8542 44
8543 56
8544 35
8545 53
8546 44
8547 36
8548 54
8549 53
8550 43
8551 37
8552 47
8553 46
8554 42
8555 62
8556 50
8557 51
8558 58
8559 52
8560 44
8561 48
8562 52
8563 38
8564 44
8565 47
8566 42
8567 50
8568 36
8569 45
8570 49
8571 50
8572 44
8573 45
8574 38
8575 40
8576 44
8577 45
8578 52
8579 45
8580 45
8581 47
8582 52
8583 44
8584 41
8585 29
8586 43
8587 55
8588 59
8589 42
8590 36
8591 43
8592 43
8593 46
8594 45
8595 51
8596 54
8597 39
8598 41
8599 39
8600 44
8601 58
8602 43
8603 52
8604 47
8605 52
8606 49
8607 54
8608 48
8609 46
8610 46
8611 57
8612 37
8613 49
8614 40
8615 52
8616 50
8617 36
8618 36
8619 47
8620 47
8621 42
8622 59
8623 53
8624 46
8625 50
8626 56
8627 41
8628 45
8629 44
8630 48
8631 47
8632 58
8633 45
8634 29
8635 37
8636 42
8637 46
8638 48
8639 43
8640 50
8641 46
8642 45
8643 46
8644 42
8645 46
8646 40
8647 51
8648 42
8649 49
8650 44
8651 33
8652 39
8653 38
8654 41
8655 47
8656 45
8657 45
8658 47
8659 40
8660 45
8661 31
8662 35
8663 33
8664 56
8665 33
8666 44
8667 37
8668 40
8669 39
8670 43
8671 39
8672 51
8673 46
8674 40
8675 55
8676 45
8677 36
8678 45
8679 43
8680 60
8681 44
8682 37
8683 49
8684 43
8685 39
8686 41
8687 41
8688 42
8689 36
8690 53
8691 40
8692 38
8693 47
8694 57
8695 35
8696 46
8697 36
8698 42
8699 41
8700 49
8701 40
8702 39
8703 54
8704 41
8705 50
8706 33
8707 40
8708 40
8709 38
8710 34
8711 40
8712 42
8713 41
8714 50
8715 41
8716 42
8717 46
8718 52
8719 44
8720 33
8721 52
8722 38
8723 58
8724 46
8725 28
8726 41
8727 46
8728 31
8729 45
8730 47
8731 47
8732 47
8733 45
8734 37
8735 45
8736 37
8737 42
8738 36
8739 48
8740 42
8741 44
8742 46
8743 33
8744 33
8745 57
8746 42
8747 43
8748 55
8749 49
8750 47
8751 37
8752 45
8753 34
8754 44
8755 46
8756 31
8757 46
8758 37
8759 40
8760 45
8761 40
8762 43
8763 44
8764 40
8765 48
8766 38
8767 50
8768 43
8769 41
8770 43
8771 32
8772 47
8773 39
8774 41
8775 42
8776 36
8777 45
8778 41
8779 51
8780 49
8781 42
8782 31
8783 49
8784 42
8785 38
8786 50
8787 34
8788 36
8789 45
8790 57
8791 33
8792 38
8793 30
8794 68
8795 40
8796 38
8797 37
8798 39
8799 52
8800 42
8801 51
8802 45
8803 33
8804 31
8805 33
8806 43
8807 46
8808 35
8809 33
8810 35
8811 42
8812 50
8813 43
8814 35
8815 39
8816 35
8817 35
8818 40
8819 46
8820 40
8821 41
8822 43
8823 36
8824 42
8825 46
8826 38
8827 50
8828 43
8829 41
8830 40
8831 45
8832 34
8833 36
8834 39
8835 41
8836 49
8837 31
8838 41
8839 47
8840 39
8841 43
8842 38
8843 33
8844 25
8845 32
8846 40
8847 27
8848 39
8849 39
8850 29
8851 41
8852 38
8853 26
8854 46
8855 52
8856 43
8857 48
8858 38
8859 45
8860 29
8861 35
8862 42
8863 39
8864 38
8865 28
8866 44
8867 42
8868 47
8869 31
8870 40
8871 36
8872 44
8873 33
8874 47
8875 42
8876 26
8877 43
8878 40
8879 46
8880 30
8881 42
8882 43
8883 32
8884 49
8885 45
8886 33
8887 49
8888 42
8889 49
8890 35
8891 38
8892 38
8893 46
8894 35
8895 37
8896 41
8897 48
8898 40
8899 34
8900 49
8901 42
8902 42
8903 46
8904 35
8905 31
8906 46
8907 53
8908 47
8909 44
8910 45
8911 34
8912 40
8913 38
8914 50
8915 36
8916 36
8917 42
8918 49
8919 47
8920 41
8921 40
8922 46
8923 42
8924 45
8925 31
8926 46
8927 31
8928 30
8929 51
8930 38
8931 35
8932 38
8933 41
8934 38
8935 26
8936 45
8937 44
8938 32
8939 44
8940 32
8941 38
8942 46
8943 39
8944 34
8945 48
8946 35
8947 27
8948 31
8949 46
8950 41
8951 41
8952 39
8953 38
8954 38
8955 45
8956 40
8957 39
8958 33
8959 31
8960 39
8961 46
8962 34
8963 38
8964 57
8965 30
8966 41
8967 30
8968 49
8969 36
8970 31
8971 34
8972 26
8973 42
8974 40
8975 35
8976 41
8977 34
8978 36
8979 52
8980 35
8981 30
8982 43
8983 38
8984 33
8985 45
8986 32
8987 31
8988 30
8989 34
8990 43
8991 25
8992 43
8993 47
8994 31
8995 34
8996 33
8997 38
8998 31
8999 37
9000 37
9001 37
9002 24
9003 35
9004 40
9005 30
9006 36
9007 42
9008 33
9009 29
9010 26
9011 35
9012 47
9013 38
9014 43
9015 36
9016 40
9017 34
9018 37
9019 36
9020 32
9021 44
9022 35
9023 44
9024 36
9025 35
9026 41
9027 46
9028 35
9029 43
9030 29
9031 42
9032 37
9033 42
9034 34
9035 36
9036 48
9037 36
9038 39
9039 37
9040 39
9041 38
9042 40
9043 45
9044 45
9045 30
9046 26
9047 35
9048 35
9049 34
9050 38
9051 33
9052 36
9053 42
9054 33
9055 40
9056 36
9057 37
9058 46
9059 39
9060 41
9061 30
9062 32
9063 38
9064 33
9065 43
9066 42
9067 36
9068 32
9069 39
9070 40
9071 27
9072 37
9073 38
9074 32
9075 25
9076 35
9077 36
9078 39
9079 29
9080 43
9081 41
9082 38
9083 38
9084 38
9085 45
9086 40
9087 41
9088 38
9089 39
9090 30
9091 35
9092 48
9093 38
9094 40
9095 48
9096 49
9097 44
9098 32
9099 44
9100 31
9101 33
9102 36
9103 30
9104 37
9105 31
9106 32
9107 35
9108 35
9109 40
9110 31
9111 29
9112 34
9113 43
9114 52
9115 40
9116 38
9117 36
9118 33
9119 36
9120 37
9121 37
9122 41
9123 29
9124 30
9125 37
9126 36
9127 44
9128 38
9129 32
9130 45
9131 47
9132 32
9133 40
9134 32
9135 47
9136 42
9137 37
9138 26
9139 29
9140 33
9141 37
9142 34
9143 28
9144 39
9145 36
9146 36
9147 33
9148 28
9149 29
9150 30
9151 37
9152 29
9153 37
9154 39
9155 43
9156 43
9157 39
9158 46
9159 39
9160 37
9161 35
9162 33
9163 28
9164 31
9165 35
9166 30
9167 28
9168 40
9169 38
9170 35
9171 32
9172 44
9173 41
9174 26
9175 35
9176 46
9177 48
9178 31
9179 44
9180 30
9181 45
9182 45
9183 33
9184 35
9185 32
9186 52
9187 49
9188 36
9189 33
9190 42
9191 37
9192 47
9193 43
9194 39
9195 31
9196 42
9197 38
9198 25
9199 28
9200 40
9201 40
9202 42
9203 38
9204 47
9205 39
9206 34
9207 38
9208 37
9209 42
9210 35
9211 48
9212 43
9213 35
9214 34
9215 42
9216 36
9217 35
9218 46
9219 36
9220 44
9221 39
9222 40
9223 32
9224 37
9225 27
9226 30
9227 26
9228 34
9229 33
9230 39
9231 34
9232 41
9233 34
9234 24
9235 24
9236 30
9237 35
9238 27
9239 56
9240 44
9241 32
9242 45
9243 33
9244 34
9245 34
9246 33
9247 35
9248 39
9249 34
9250 34
9251 40
9252 37
9253 35
9254 31
9255 30
9256 39
9257 42
9258 33
9259 28
9260 31
9261 43
9262 35
9263 41
9264 41
9265 39
9266 45
9267 37
9268 28
9269 29
9270 35
9271 25
9272 36
9273 26
9274 36
9275 40
9276 27
9277 40
9278 41
9279 35
9280 41
9281 30
9282 34
9283 38
9284 32
9285 30
9286 47
9287 43
9288 36
9289 38
9290 45
9291 35
9292 39
9293 33
9294 34
9295 34
9296 34
9297 40
9298 35
9299 35
9300 34
9301 34
9302 34
9303 33
9304 24
9305 35
9306 36
9307 37
9308 39
9309 23
9310 47
9311 33
9312 29
9313 38
9314 27
9315 29
9316 27
9317 26
9318 41
9319 32
9320 38
9321 43
9322 36
9323 45
9324 22
9325 36
9326 44
9327 29
9328 38
9329 40
9330 36
9331 37
9332 36
9333 41
9334 25
9335 33
9336 36
9337 53
9338 31
9339 36
9340 36
9341 39
9342 38
9343 47
9344 35
9345 34
9346 37
9347 35
9348 25
9349 33
9350 36
9351 34
9352 43
9353 33
9354 32
9355 35
9356 30
9357 35
9358 42
9359 34
9360 41
9361 27
9362 28
9363 27
9364 39
9365 31
9366 31
9367 40
9368 30
9369 29
9370 31
9371 30
9372 23
9373 34
9374 41
9375 23
9376 35
9377 25
9378 30
9379 45
9380 40
9381 41
9382 36
9383 39
9384 24
9385 41
9386 31
9387 37
9388 24
9389 40
9390 26
9391 35
9392 40
9393 44
9394 35
9395 24
9396 28
9397 32
9398 35
9399 40
9400 37
9401 36
9402 28
9403 25
9404 45
9405 33
9406 24
9407 29
9408 36
9409 37
9410 37
9411 36
9412 30
9413 35
9414 22
9415 37
9416 43
9417 29
9418 38
9419 34
9420 30
9421 34
9422 22
9423 38
9424 36
9425 41
9426 23
9427 24
9428 38
9429 44
9430 33
9431 29
9432 39
9433 28
9434 26
9435 27
9436 48
9437 35
9438 26
9439 26
9440 27
9441 36
9442 38
9443 25
9444 36
9445 30
9446 29
9447 29
9448 22
9449 32
9450 31
9451 34
9452 35
9453 40
9454 26
9455 27
9456 37
9457 37
9458 36
9459 30
9460 39
9461 35
9462 28
9463 28
9464 25
9465 31
9466 30
9467 31
9468 31
9469 41
9470 36
9471 32
9472 33
9473 27
9474 31
9475 32
9476 24
9477 33
9478 38
9479 41
9480 42
9481 27
9482 23
9483 37
9484 37
9485 28
9486 36
9487 40
9488 41
9489 29
9490 39
9491 40
9492 39
9493 34
9494 38
9495 36
9496 36
9497 32
9498 34
9499 27
9500 32
9501 39
9502 35
9503 29
9504 33
9505 30
9506 31
9507 43
9508 34
9509 33
9510 41
9511 34
9512 32
9513 35
9514 39
9515 33
9516 35
9517 37
9518 31
9519 28
9520 35
9521 41
9522 42
9523 36
9524 41
9525 30
9526 22
9527 40
9528 30
9529 39
9530 24
9531 34
9532 28
9533 32
9534 22
9535 37
9536 36
9537 27
9538 39
9539 36
9540 38
9541 35
9542 39
9543 39
9544 25
9545 25
9546 30
9547 34
9548 27
9549 45
9550 23
9551 20
9552 34
9553 33
9554 34
9555 31
9556 29
9557 42
9558 34
9559 29
9560 21
9561 26
9562 31
9563 30
9564 28
9565 36
9566 39
9567 34
9568 34
9569 26
9570 29
9571 34
9572 36
9573 30
9574 32
9575 48
9576 26
9577 22
9578 34
9579 34
9580 30
9581 23
9582 34
9583 25
9584 43
9585 29
9586 29
9587 40
9588 27
9589 28
9590 35
9591 34
9592 20
9593 44
9594 33
9595 40
9596 27
9597 33
9598 36
9599 26
9600 23
9601 32
9602 29
9603 25
9604 29
9605 28
9606 24
9607 34
9608 28
9609 38
9610 23
9611 30
9612 24
9613 25
9614 25
9615 32
9616 26
9617 38
9618 39
9619 32
9620 40
9621 41
9622 38
9623 24
9624 32
9625 37
9626 30
9627 28
9628 25
9629 33
9630 25
9631 30
9632 26
9633 43
9634 35
9635 24
9636 33
9637 29
9638 48
9639 19
9640 28
9641 27
9642 35
9643 41
9644 35
9645 33
9646 33
9647 33
9648 23
9649 29
9650 29
9651 37
9652 37
9653 30
9654 28
9655 31
9656 20
9657 32
9658 38
9659 29
9660 30
9661 28
9662 24
9663 28
9664 28
9665 42
9666 33
9667 30
9668 36
9669 35
9670 36
9671 40
9672 31
9673 42
9674 23
9675 27
9676 35
9677 33
9678 38
9679 40
9680 34
9681 37
9682 26
9683 39
9684 31
9685 39
9686 31
9687 35
9688 31
9689 27
9690 22
9691 35
9692 31
9693 34
9694 34
9695 38
9696 29
9697 37
9698 31
9699 35
9700 40
9701 24
9702 29
9703 36
9704 47
9705 25
9706 36
9707 24
9708 26
9709 38
9710 22
9711 31
9712 31
9713 41
9714 29
9715 33
9716 37
9717 34
9718 28
9719 30
9720 31
9721 35
9722 29
9723 32
9724 21
9725 35
9726 28
9727 29
9728 28
9729 28
9730 43
9731 32
9732 24
9733 31
9734 38
9735 38
9736 23
9737 30
9738 45
9739 33
9740 38
9741 30
9742 36
9743 28
9744 22
9745 31
9746 28
9747 26
9748 38
9749 25
9750 37
9751 33
9752 29
9753 22
9754 30
9755 29
9756 35
9757 31
9758 20
9759 34
9760 27
9761 41
9762 36
9763 25
9764 38
9765 31
9766 33
9767 27
9768 29
9769 25
9770 26
9771 37
9772 23
9773 36
9774 27
9775 33
9776 21
9777 33
9778 31
9779 29
9780 35
9781 23
9782 21
9783 29
9784 36
9785 22
9786 23
9787 32
9788 33
9789 39
9790 30
9791 38
9792 35
9793 34
9794 31
9795 29
9796 32
9797 25
9798 32
9799 37
9800 20
9801 30
9802 43
9803 31
9804 34
9805 30
9806 21
9807 33
9808 27
9809 27
9810 29
9811 25
9812 31
9813 33
9814 29
9815 30
9816 30
9817 34
9818 27
9819 21
9820 40
9821 36
9822 22
9823 26
9824 32
9825 29
9826 25
9827 26
9828 35
9829 27
9830 39
9831 34
9832 20
9833 37
9834 29
9835 37
9836 23
9837 32
9838 36
9839 36
9840 26
9841 43
9842 37
9843 25
9844 32
9845 29
9846 40
9847 30
9848 24
9849 35
9850 36
9851 24
9852 29
9853 37
9854 27
9855 32
9856 32
9857 40
9858 34
9859 29
9860 29
9861 36
9862 28
9863 32
9864 34
9865 29
9866 25
9867 38
9868 33
9869 22
9870 30
9871 35
9872 21
9873 26
9874 43
9875 18
9876 37
9877 26
9878 34
9879 28
9880 43
9881 30
9882 35
9883 34
9884 28
9885 33
9886 46
9887 29
9888 28
9889 16
9890 26
9891 27
9892 30
9893 30
9894 35
9895 35
9896 31
9897 43
9898 28
9899 26
9900 35
9901 23
9902 23
9903 24
9904 23
9905 27
9906 36
9907 29
9908 37
9909 33
9910 31
9911 34
9912 29
9913 37
9914 31
9915 26
9916 32
9917 28
9918 35
9919 33
9920 37
9921 37
9922 40
9923 34
9924 31
9925 38
9926 28
9927 26
9928 39
9929 27
9930 37
9931 39
9932 31
9933 26
9934 40
9935 29
9936 35
9937 22
9938 40
9939 39
9940 39
9941 24
9942 29
9943 30
9944 26
9945 31
9946 45
9947 41
9948 21
9949 37
9950 33
9951 24
9952 28
9953 25
9954 40
9955 34
9956 28
9957 31
9958 35
9959 24
9960 35
9961 24
9962 37
9963 36
9964 34
9965 30
9966 40
9967 37
9968 38
9969 28
9970 36
9971 28
9972 32
9973 34
9974 27
9975 32
9976 30
9977 24
9978 30
9979 28
9980 34
9981 32
9982 36
9983 37
9984 27
9985 26
9986 42
9987 40
9988 29
9989 45
9990 33
9991 46
9992 28
9993 28
9994 26
9995 29
9996 22
9997 27
9998 30
9999 28
10000 27
10001 207890
