2 157221405
3 36151680
4 17268648
5 12011679
6 11155537
7 12647386
8 15688177
9 19672825
10 24002522
11 28066942
12 31304482
13 33425107
14 34403868
15 34433350
16 33924613
17 33330911
18 33097005
19 33503323
20 34756872
21 36805179
22 39476082
23 42401649
24 45370891
25 47965924
26 49873833
27 50897779
28 50923974
29 49902374
30 47903536
31 45036011
32 41534646
33 37582058
34 33366377
35 29140353
36 25050817
37 21230331
38 17771528
39 14700472
40 12056384
41 9854492
42 8044464
43 6598577
44 5448729
45 4566250
46 3905182
47 3414975
48 3048034
49 2787787
50 2603449
51 2471211
52 2382401
53 2312172
54 2255315
55 2211198
56 2168275
57 2119946
58 2068115
59 2015379
60 1955684
61 1890021
62 1817759
63 1745681
64 1668362
65 1586822
66 1505084
67 1422566
68 1342080
69 1270756
70 1199487
71 1128949
72 1067016
73 1007014
74 957389
75 910288
76 863254
77 825398
78 789932
79 757433
80 731840
81 704817
82 682177
83 661284
84 643696
85 625067
86 610534
87 594546
88 578988
89 564682
90 550702
91 536420
92 521331
93 507434
94 495399
95 480900
96 468724
97 455109
98 442755
99 431224
100 420394
101 406944
102 395082
103 384696
104 373700
105 364542
106 352715
107 343882
108 335440
109 326082
110 317919
111 310504
112 302571
113 296173
114 289505
115 283089
116 276926
117 272222
118 264424
119 259367
120 253798
121 248066
122 242654
123 237898
124 232755
125 228046
126 222999
127 217945
128 212910
129 209441
130 205419
131 202199
132 196469
133 192450
134 188772
135 184489
136 181338
137 178142
138 174380
139 171573
140 168316
141 164584
142 161688
143 158678
144 156167
145 153616
146 149769
147 147871
148 146083
149 142195
150 140722
151 138724
152 135259
153 133586
154 130825
155 128820
156 127197
157 125426
158 123403
159 121309
160 119834
161 117905
162 115624
163 113551
164 112401
165 110191
166 108854
167 107346
168 105880
169 103137
170 102408
171 100496
172 99128
173 97256
174 95959
175 94875
176 93629
177 92037
178 90867
179 89774
180 88683
181 87554
182 85775
183 84813
184 84088
185 82552
186 81889
187 80085
188 79563
189 78531
190 77857
191 76911
192 75177
193 74382
194 73920
195 72144
196 71586
197 70781
198 69181
199 69189
200 67817
201 66552
202 66140
203 65020
204 64037
205 63505
206 62259
207 61840
208 61014
209 60046
210 59320
211 58979
212 58297
213 57504
214 57144
215 56235
216 55733
217 54553
218 54557
219 53608
220 52964
221 52648
222 52156
223 51511
224 50558
225 50102
226 49760
227 49237
228 48662
229 48183
230 47450
231 47493
232 46823
233 46219
234 45624
235 45168
236 45072
237 43805
238 43965
239 43555
240 43709
241 42755
242 42247
243 41915
244 41223
245 40864
246 40479
247 40024
248 40104
249 39458
250 39894
251 38937
252 38435
253 38334
254 38062
255 37474
256 36773
257 36726
258 36479
259 36176
260 35953
261 35421
262 35137
263 34610
264 34378
265 34075
266 33823
267 33560
268 33053
269 33009
270 32337
271 32181
272 32015
273 31571
274 31502
275 31256
276 30733
277 30609
278 30227
279 29980
280 29763
281 29384
282 29210
283 29212
284 28864
285 28617
286 28275
287 27984
288 27950
289 27597
290 27384
291 27222
292 26987
293 26737
294 26696
295 26545
296 26326
297 25818
298 25505
299 25479
300 25455
301 25185
302 25168
303 24733
304 24585
305 24252
306 24016
307 23858
308 23606
309 23774
310 23667
311 23218
312 23018
313 22707
314 22522
315 22701
316 22494
317 21935
318 22291
319 21904
320 21927
321 21992
322 21437
323 21343
324 21159
325 21094
326 20926
327 20514
328 20754
329 20408
330 20264
331 20101
332 20007
333 19774
334 19593
335 19523
336 19468
337 19528
338 19376
339 19155
340 18911
341 18870
342 18763
343 18517
344 18571
345 18265
346 18078
347 17931
348 17820
349 17991
350 17896
351 17781
352 17873
353 17322
354 17496
355 17416
356 17235
357 16877
358 16938
359 16584
360 16821
361 16659
362 16297
363 16505
364 16258
365 16088
366 16104
367 15654
368 15820
369 15666
370 15605
371 15386
372 15642
373 15420
374 15433
375 15230
376 15157
377 14942
378 14987
379 14666
380 14904
381 14850
382 14643
383 14484
384 14371
385 14265
386 14225
387 14163
388 14142
389 13681
390 13951
391 13817
392 13631
393 13472
394 13629
395 13487
396 13437
397 13462
398 13237
399 13313
400 13045
401 12839
402 13038
403 13010
404 12895
405 12604
406 12837
407 12474
408 12405
409 12561
410 12515
411 12451
412 12482
413 12264
414 12320
415 12278
416 12157
417 11927
418 11917
419 11985
420 11900
421 11876
422 11604
423 11525
424 11558
425 11458
426 11343
427 11174
428 11264
429 11003
430 11278
431 11038
432 11007
433 11023
434 11104
435 10756
436 10838
437 10667
438 10655
439 10779
440 10627
441 10560
442 10646
443 10531
444 10300
445 10271
446 10281
447 10338
448 10065
449 10127
450 9991
451 10043
452 10140
453 9953
454 10031
455 9791
456 9965
457 9908
458 9695
459 9783
460 9740
461 9625
462 9636
463 9630
464 9551
465 9576
466 9421
467 9394
468 9219
469 9338
470 9277
471 9222
472 9292
473 9320
474 8909
475 9332
476 9081
477 9088
478 8874
479 8978
480 9074
481 8885
482 8819
483 8749
484 8811
485 8685
486 8771
487 8728
488 8656
489 8553
490 8585
491 8501
492 8478
493 8320
494 8381
495 8585
496 8422
497 8463
498 8359
499 8408
500 8183
501 8410
502 8204
503 8072
504 8024
505 8230
506 8397
507 8191
508 8155
509 8171
510 8103
511 8095
512 7752
513 7821
514 8071
515 8214
516 8034
517 7996
518 8003
519 7898
520 7636
521 7836
522 7756
523 7759
524 7745
525 7760
526 7720
527 7637
528 7580
529 7909
530 7802
531 7595
532 7603
533 7640
534 7601
535 7701
536 7542
537 7467
538 7598
539 7441
540 7467
541 7631
542 7429
543 7498
544 7592
545 7521
546 7497
547 7493
548 7423
549 7460
550 7557
551 7327
552 7271
553 7461
554 7390
555 7353
556 7298
557 7222
558 7325
559 7255
560 7416
561 7377
562 7339
563 7278
564 7368
565 7391
566 7329
567 7331
568 7396
569 7194
570 7219
571 7102
572 7260
573 7219
574 7231
575 7155
576 7401
577 7322
578 7292
579 7231
580 7191
581 7228
582 7213
583 7306
584 7047
585 7123
586 7205
587 7277
588 7262
589 7086
590 7039
591 7043
592 7067
593 7074
594 7142
595 6985
596 7055
597 7041
598 7153
599 7090
600 7157
601 7142
602 7070
603 7095
604 7229
605 7045
606 7242
607 7151
608 7013
609 6971
610 7049
611 7017
612 7056
613 7093
614 6764
615 7059
616 6936
617 6888
618 6876
619 6865
620 6809
621 6773
622 6896
623 7012
624 7043
625 6911
626 6937
627 6953
628 6762
629 6958
630 6857
631 6992
632 6913
633 6755
634 6726
635 6786
636 6757
637 6867
638 6752
639 6629
640 6749
641 6837
642 6797
643 6752
644 6869
645 6905
646 6800
647 6764
648 6942
649 6726
650 6763
651 6877
652 6688
653 6702
654 6901
655 6648
656 6696
657 6644
658 6789
659 6774
660 6677
661 6571
662 6686
663 6632
664 6469
665 6625
666 6476
667 6390
668 6415
669 6662
670 6369
671 6371
672 6461
673 6581
674 6503
675 6446
676 6483
677 6604
678 6421
679 6497
680 6226
681 6428
682 6393
683 6320
684 6473
685 6211
686 6275
687 6345
688 6162
689 6413
690 6319
691 6359
692 6318
693 6242
694 6176
695 6258
696 6250
697 6212
698 6081
699 6204
700 6008
701 6098
702 6165
703 6159
704 6039
705 5970
706 6036
707 6049
708 5953
709 6114
710 5770
711 5978
712 6012
713 6020
714 5881
715 6041
716 5928
717 5874
718 5871
719 5807
720 5731
721 5780
722 5820
723 5852
724 5705
725 5702
726 5582
727 5756
728 5617
729 5558
730 5661
731 5704
732 5434
733 5605
734 5452
735 5366
736 5492
737 5333
738 5480
739 5323
740 5411
741 5478
742 5371
743 5268
744 5360
745 5203
746 5264
747 5205
748 5241
749 5222
750 5157
751 5338
752 5173
753 5226
754 5227
755 5175
756 5150
757 5053
758 5119
759 5101
760 5082
761 4974
762 5051
763 4890
764 4945
765 4984
766 4943
767 4880
768 4801
769 4831
770 4924
771 4974
772 4856
773 4779
774 4668
775 4781
776 4734
777 4582
778 4754
779 4779
780 4729
781 4688
782 4687
783 4610
784 4537
785 4586
786 4474
787 4474
788 4493
789 4487
790 4556
791 4464
792 4433
793 4319
794 4380
795 4507
796 4227
797 4315
798 4347
799 4263
800 4312
801 4337
802 4229
803 4206
804 4198
805 4183
806 4273
807 4075
808 4179
809 4111
810 4050
811 4101
812 4082
813 3972
814 4011
815 3931
816 3997
817 3935
818 3900
819 3940
820 3826
821 3956
822 3856
823 3912
824 3848
825 3779
826 3710
827 3739
828 3806
829 3691
830 3609
831 3674
832 3635
833 3730
834 3669
835 3662
836 3707
837 3566
838 3575
839 3451
840 3546
841 3575
842 3476
843 3520
844 3466
845 3478
846 3574
847 3375
848 3408
849 3563
850 3423
851 3458
852 3416
853 3398
854 3491
855 3430
856 3304
857 3370
858 3196
859 3213
860 3315
861 3289
862 3245
863 3233
864 3198
865 3224
866 3270
867 3266
868 3192
869 3268
870 3317
871 3157
872 3167
873 3211
874 3148
875 3127
876 3022
877 2947
878 3052
879 3051
880 2941
881 3089
882 2973
883 3009
884 2938
885 3008
886 2998
887 2939
888 2989
889 3007
890 3020
891 2902
892 2895
893 2906
894 2922
895 2811
896 2824
897 2883
898 2829
899 2798
900 2794
901 2824
902 2786
903 2653
904 2743
905 2786
906 2794
907 2665
908 2758
909 2668
910 2737
911 2569
912 2593
913 2603
914 2568
915 2662
916 2550
917 2618
918 2626
919 2506
920 2539
921 2500
922 2541
923 2530
924 2521
925 2520
926 2469
927 2545
928 2461
929 2453
930 2477
931 2413
932 2525
933 2531
934 2396
935 2448
936 2377
937 2431
938 2426
939 2427
940 2405
941 2373
942 2394
943 2387
944 2472
945 2438
946 2330
947 2315
948 2391
949 2381
950 2381
951 2274
952 2327
953 2295
954 2222
955 2249
956 2283
957 2279
958 2255
959 2286
960 2242
961 2211
962 2237
963 2322
964 2279
965 2248
966 2291
967 2243
968 2298
969 2287
970 2225
971 2166
972 2230
973 2181
974 2205
975 2259
976 2262
977 2255
978 2115
979 2232
980 2124
981 2308
982 2153
983 2147
984 2099
985 2144
986 2189
987 2100
988 2109
989 2107
990 2040
991 2066
992 2119
993 2128
994 2095
995 2061
996 2019
997 2091
998 2159
999 2122
1000 2114
1001 2027
1002 2029
1003 2068
1004 2109
1005 2016
1006 2007
1007 2083
1008 2062
1009 2048
1010 2023
1011 2027
1012 1996
1013 1958
1014 2099
1015 1978
1016 1951
1017 1842
1018 1926
1019 1909
1020 2006
1021 1995
1022 1969
1023 1955
1024 1893
1025 1959
1026 1940
1027 1925
1028 1979
1029 1927
1030 1910
1031 1832
1032 1845
1033 1972
1034 1961
1035 1788
1036 1945
1037 1901
1038 1903
1039 1919
1040 1867
1041 1924
1042 1831
1043 1867
1044 1803
1045 1805
1046 1806
1047 1805
1048 1756
1049 1827
1050 1849
1051 1819
1052 1814
1053 1875
1054 1787
1055 1789
1056 1798
1057 1810
1058 1762
1059 1752
1060 1826
1061 1734
1062 1726
1063 1764
1064 1766
1065 1770
1066 1814
1067 1729
1068 1750
1069 1728
1070 1723
1071 1766
1072 1806
1073 1658
1074 1663
1075 1771
1076 1735
1077 1673
1078 1740
1079 1720
1080 1740
1081 1734
1082 1684
1083 1733
1084 1702
1085 1705
1086 1700
1087 1716
1088 1682
1089 1662
1090 1669
1091 1637
1092 1685
1093 1682
1094 1648
1095 1713
1096 1673
1097 1703
1098 1626
1099 1666
1100 1595
1101 1668
1102 1652
1103 1667
1104 1627
1105 1647
1106 1686
1107 1637
1108 1600
1109 1664
1110 1610
1111 1641
1112 1648
1113 1652
1114 1564
1115 1605
1116 1638
1117 1578
1118 1601
1119 1557
1120 1668
1121 1627
1122 1620
1123 1513
1124 1611
1125 1607
1126 1548
1127 1559
1128 1625
1129 1571
1130 1587
1131 1611
1132 1463
1133 1530
1134 1571
1135 1558
1136 1545
1137 1593
1138 1511
1139 1538
1140 1593
1141 1569
1142 1634
1143 1538
1144 1526
1145 1553
1146 1559
1147 1506
1148 1511
1149 1492
1150 1395
1151 1576
1152 1488
1153 1459
1154 1557
1155 1502
1156 1485
1157 1580
1158 1431
1159 1537
1160 1513
1161 1494
1162 1478
1163 1567
1164 1511
1165 1491
1166 1509
1167 1465
1168 1442
1169 1498
1170 1498
1171 1500
1172 1457
1173 1407
1174 1494
1175 1474
1176 1454
1177 1498
1178 1473
1179 1537
1180 1396
1181 1458
1182 1345
1183 1437
1184 1492
1185 1474
1186 1441
1187 1413
1188 1422
1189 1386
1190 1417
1191 1404
1192 1363
1193 1465
1194 1349
1195 1453
1196 1344
1197 1416
1198 1376
1199 1374
1200 1356
1201 1346
1202 1350
1203 1345
1204 1316
1205 1311
1206 1346
1207 1406
1208 1340
1209 1256
1210 1347
1211 1382
1212 1358
1213 1341
1214 1342
1215 1318
1216 1262
1217 1273
1218 1279
1219 1301
1220 1288
1221 1342
1222 1343
1223 1256
1224 1288
1225 1241
1226 1302
1227 1276
1228 1281
1229 1228
1230 1272
1231 1369
1232 1221
1233 1256
1234 1278
1235 1262
1236 1280
1237 1353
1238 1229
1239 1258
1240 1233
1241 1235
1242 1197
1243 1235
1244 1252
1245 1203
1246 1290
1247 1251
1248 1282
1249 1206
1250 1258
1251 1217
1252 1209
1253 1238
1254 1245
1255 1211
1256 1201
1257 1230
1258 1259
1259 1252
1260 1254
1261 1218
1262 1205
1263 1180
1264 1205
1265 1216
1266 1180
1267 1174
1268 1163
1269 1181
1270 1205
1271 1228
1272 1266
1273 1171
1274 1123
1275 1194
1276 1219
1277 1193
1278 1214
1279 1158
1280 1139
1281 1170
1282 1134
1283 1134
1284 1136
1285 1073
1286 1133
1287 1131
1288 1096
1289 1091
1290 1085
1291 1096
1292 1094
1293 1142
1294 1128
1295 1053
1296 1138
1297 1123
1298 1070
1299 1060
1300 1108
1301 1033
1302 1127
1303 1060
1304 1138
1305 1018
1306 1076
1307 1110
1308 1067
1309 1123
1310 1062
1311 1066
1312 1081
1313 1137
1314 1029
1315 1049
1316 1113
1317 1096
1318 1034
1319 1053
1320 1047
1321 995
1322 1041
1323 1115
1324 1076
1325 1062
1326 1053
1327 1018
1328 1017
1329 1033
1330 931
1331 1012
1332 988
1333 959
1334 988
1335 988
1336 990
1337 1027
1338 967
1339 1000
1340 1006
1341 988
1342 987
1343 1006
1344 1037
1345 994
1346 1024
1347 957
1348 1079
1349 1012
1350 1011
1351 1028
1352 982
1353 1016
1354 1018
1355 985
1356 952
1357 978
1358 1042
1359 904
1360 917
1361 996
1362 928
1363 933
1364 943
1365 960
1366 957
1367 923
1368 949
1369 957
1370 955
1371 984
1372 897
1373 917
1374 879
1375 938
1376 946
1377 980
1378 935
1379 965
1380 922
1381 908
1382 950
1383 906
1384 860
1385 946
1386 936
1387 956
1388 913
1389 937
1390 963
1391 967
1392 940
1393 940
1394 962
1395 934
1396 974
1397 906
1398 873
1399 922
1400 895
1401 878
1402 854
1403 892
1404 901
1405 922
1406 949
1407 907
1408 907
1409 841
1410 903
1411 935
1412 875
1413 884
1414 873
1415 898
1416 841
1417 873
1418 829
1419 833
1420 908
1421 879
1422 815
1423 827
1424 873
1425 876
1426 849
1427 876
1428 878
1429 864
1430 905
1431 859
1432 861
1433 869
1434 838
1435 877
1436 848
1437 814
1438 822
1439 853
1440 832
1441 830
1442 860
1443 820
1444 862
1445 830
1446 800
1447 802
1448 812
1449 807
1450 836
1451 822
1452 823
1453 873
1454 863
1455 768
1456 789
1457 830
1458 811
1459 870
1460 814
1461 818
1462 814
1463 712
1464 846
1465 798
1466 833
1467 771
1468 822
1469 809
1470 788
1471 822
1472 807
1473 775
1474 772
1475 793
1476 824
1477 803
1478 831
1479 785
1480 782
1481 822
1482 791
1483 825
1484 790
1485 775
1486 816
1487 807
1488 785
1489 769
1490 794
1491 791
1492 793
1493 822
1494 785
1495 741
1496 783
1497 776
1498 725
1499 713
1500 757
1501 719
1502 740
1503 789
1504 724
1505 755
1506 706
1507 771
1508 816
1509 737
1510 751
1511 731
1512 726
1513 733
1514 725
1515 764
1516 736
1517 760
1518 719
1519 760
1520 724
1521 751
1522 694
1523 733
1524 715
1525 687
1526 737
1527 741
1528 728
1529 707
1530 716
1531 727
1532 722
1533 742
1534 749
1535 734
1536 735
1537 720
1538 732
1539 722
1540 692
1541 704
1542 743
1543 705
1544 700
1545 722
1546 740
1547 739
1548 675
1549 693
1550 761
1551 718
1552 725
1553 704
1554 720
1555 709
1556 692
1557 673
1558 767
1559 727
1560 706
1561 692
1562 684
1563 697
1564 700
1565 657
1566 654
1567 702
1568 708
1569 684
1570 646
1571 666
1572 664
1573 645
1574 664
1575 657
1576 648
1577 700
1578 659
1579 658
1580 636
1581 603
1582 616
1583 677
1584 706
1585 647
1586 655
1587 628
1588 649
1589 658
1590 617
1591 664
1592 640
1593 652
1594 654
1595 699
1596 685
1597 666
1598 606
1599 684
1600 639
1601 604
1602 614
1603 633
1604 628
1605 654
1606 636
1607 627
1608 650
1609 629
1610 670
1611 605
1612 699
1613 655
1614 673
1615 664
1616 656
1617 639
1618 616
1619 638
1620 637
1621 614
1622 605
1623 613
1624 644
1625 629
1626 655
1627 646
1628 651
1629 617
1630 612
1631 642
1632 643
1633 588
1634 595
1635 596
1636 606
1637 609
1638 618
1639 613
1640 640
1641 600
1642 602
1643 566
1644 601
1645 638
1646 673
1647 568
1648 579
1649 600
1650 593
1651 627
1652 631
1653 622
1654 577
1655 593
1656 628
1657 635
1658 646
1659 564
1660 648
1661 593
1662 597
1663 653
1664 568
1665 655
1666 588
1667 592
1668 603
1669 582
1670 595
1671 585
1672 616
1673 602
1674 547
1675 616
1676 597
1677 603
1678 565
1679 603
1680 629
1681 594
1682 597
1683 579
1684 579
1685 544
1686 642
1687 569
1688 538
1689 585
1690 553
1691 583
1692 607
1693 608
1694 577
1695 564
1696 586
1697 599
1698 572
1699 579
1700 528
1701 552
1702 561
1703 546
1704 585
1705 544
1706 571
1707 619
1708 529
1709 559
1710 529
1711 558
1712 558
1713 532
1714 568
1715 512
1716 562
1717 554
1718 575
1719 528
1720 578
1721 566
1722 538
1723 552
1724 555
1725 560
1726 545
1727 596
1728 550
1729 538
1730 556
1731 564
1732 516
1733 547
1734 568
1735 574
1736 537
1737 628
1738 547
1739 566
1740 514
1741 561
1742 555
1743 523
1744 549
1745 538
1746 531
1747 521
1748 560
1749 550
1750 532
1751 553
1752 534
1753 561
1754 532
1755 538
1756 522
1757 521
1758 539
1759 518
1760 547
1761 566
1762 526
1763 470
1764 562
1765 545
1766 497
1767 543
1768 529
1769 542
1770 521
1771 524
1772 571
1773 527
1774 510
1775 537
1776 513
1777 521
1778 515
1779 544
1780 531
1781 537
1782 549
1783 480
1784 489
1785 502
1786 525
1787 530
1788 526
1789 524
1790 503
1791 532
1792 542
1793 503
1794 503
1795 491
1796 527
1797 526
1798 501
1799 526
1800 484
1801 520
1802 489
1803 573
1804 554
1805 499
1806 505
1807 472
1808 526
1809 490
1810 515
1811 511
1812 483
1813 523
1814 493
1815 478
1816 497
1817 542
1818 500
1819 544
1820 471
1821 516
1822 499
1823 483
1824 498
1825 503
1826 471
1827 545
1828 522
1829 492
1830 524
1831 498
1832 479
1833 528
1834 479
1835 477
1836 535
1837 485
1838 500
1839 464
1840 506
1841 516
1842 526
1843 513
1844 516
1845 502
1846 503
1847 497
1848 465
1849 489
1850 514
1851 465
1852 502
1853 489
1854 517
1855 518
1856 446
1857 472
1858 471
1859 493
1860 507
1861 475
1862 475
1863 461
1864 481
1865 532
1866 506
1867 507
1868 502
1869 504
1870 489
1871 483
1872 488
1873 468
1874 482
1875 459
1876 480
1877 536
1878 484
1879 504
1880 467
1881 421
1882 517
1883 486
1884 447
1885 486
1886 505
1887 509
1888 453
1889 475
1890 439
1891 464
1892 507
1893 486
1894 460
1895 460
1896 451
1897 471
1898 461
1899 476
1900 458
1901 462
1902 469
1903 466
1904 498
1905 474
1906 451
1907 448
1908 456
1909 428
1910 460
1911 517
1912 496
1913 434
1914 453
1915 444
1916 431
1917 463
1918 454
1919 430
1920 448
1921 462
1922 449
1923 419
1924 421
1925 430
1926 470
1927 470
1928 452
1929 472
1930 479
1931 478
1932 455
1933 452
1934 482
1935 466
1936 453
1937 484
1938 453
1939 461
1940 441
1941 484
1942 474
1943 429
1944 419
1945 437
1946 474
1947 415
1948 422
1949 440
1950 428
1951 452
1952 452
1953 485
1954 427
1955 434
1956 405
1957 464
1958 457
1959 450
1960 446
1961 460
1962 410
1963 433
1964 472
1965 463
1966 415
1967 416
1968 430
1969 448
1970 409
1971 441
1972 408
1973 412
1974 402
1975 432
1976 443
1977 454
1978 415
1979 435
1980 424
1981 447
1982 455
1983 433
1984 411
1985 411
1986 408
1987 381
1988 436
1989 417
1990 442
1991 435
1992 418
1993 429
1994 385
1995 421
1996 455
1997 412
1998 433
1999 420
2000 414
2001 450
2002 434
2003 427
2004 417
2005 420
2006 384
2007 433
2008 394
2009 438
2010 428
2011 403
2012 412
2013 397
2014 406
2015 383
2016 413
2017 421
2018 431
2019 407
2020 407
2021 410
2022 429
2023 427
2024 391
2025 416
2026 403
2027 406
2028 424
2029 421
2030 404
2031 418
2032 410
2033 391
2034 400
2035 391
2036 397
2037 405
2038 380
2039 391
2040 360
2041 377
2042 423
2043 421
2044 390
2045 374
2046 348
2047 393
2048 382
2049 398
2050 388
2051 364
2052 384
2053 384
2054 418
2055 398
2056 402
2057 393
2058 416
2059 403
2060 368
2061 407
2062 398
2063 421
2064 388
2065 370
2066 419
2067 397
2068 365
2069 393
2070 398
2071 391
2072 418
2073 405
2074 408
2075 415
2076 404
2077 401
2078 384
2079 399
2080 400
2081 401
2082 376
2083 375
2084 410
2085 415
2086 408
2087 390
2088 421
2089 380
2090 399
2091 374
2092 423
2093 393
2094 376
2095 378
2096 384
2097 395
2098 378
2099 426
2100 389
2101 401
2102 389
2103 377
2104 398
2105 411
2106 412
2107 370
2108 446
2109 377
2110 365
2111 353
2112 388
2113 396
2114 380
2115 392
2116 399
2117 394
2118 379
2119 356
2120 399
2121 365
2122 354
2123 388
2124 343
2125 349
2126 378
2127 397
2128 366
2129 395
2130 367
2131 412
2132 354
2133 411
2134 398
2135 430
2136 374
2137 359
2138 347
2139 345
2140 375
2141 361
2142 413
2143 385
2144 374
2145 342
2146 346
2147 343
2148 391
2149 350
2150 381
2151 351
2152 356
2153 324
2154 392
2155 399
2156 336
2157 366
2158 371
2159 393
2160 377
2161 365
2162 360
2163 382
2164 379
2165 376
2166 337
2167 352
2168 381
2169 350
2170 390
2171 372
2172 361
2173 359
2174 379
2175 387
2176 359
2177 386
2178 352
2179 360
2180 375
2181 376
2182 355
2183 353
2184 385
2185 355
2186 331
2187 378
2188 349
2189 349
2190 330
2191 319
2192 335
2193 355
2194 346
2195 374
2196 376
2197 350
2198 341
2199 339
2200 374
2201 364
2202 332
2203 389
2204 355
2205 346
2206 358
2207 358
2208 345
2209 358
2210 386
2211 366
2212 362
2213 382
2214 339
2215 388
2216 329
2217 342
2218 359
2219 377
2220 348
2221 339
2222 370
2223 368
2224 331
2225 346
2226 342
2227 351
2228 347
2229 351
2230 334
2231 306
2232 327
2233 348
2234 332
2235 359
2236 340
2237 340
2238 305
2239 346
2240 356
2241 330
2242 315
2243 339
2244 359
2245 356
2246 353
2247 358
2248 332
2249 354
2250 337
2251 345
2252 336
2253 329
2254 333
2255 380
2256 358
2257 345
2258 349
2259 346
2260 284
2261 282
2262 336
2263 355
2264 347
2265 326
2266 333
2267 303
2268 358
2269 329
2270 335
2271 339
2272 364
2273 375
2274 353
2275 332
2276 325
2277 316
2278 320
2279 305
2280 327
2281 318
2282 335
2283 332
2284 283
2285 326
2286 327
2287 310
2288 330
2289 340
2290 365
2291 302
2292 330
2293 327
2294 327
2295 314
2296 308
2297 326
2298 333
2299 362
2300 330
2301 345
2302 300
2303 339
2304 336
2305 325
2306 359
2307 324
2308 350
2309 320
2310 355
2311 370
2312 356
2313 328
2314 333
2315 343
2316 325
2317 336
2318 308
2319 288
2320 309
2321 340
2322 326
2323 317
2324 303
2325 315
2326 308
2327 295
2328 315
2329 316
2330 359
2331 293
2332 342
2333 334
2334 331
2335 369
2336 318
2337 277
2338 293
2339 324
2340 318
2341 299
2342 294
2343 303
2344 345
2345 338
2346 313
2347 341
2348 297
2349 313
2350 291
2351 291
2352 317
2353 327
2354 280
2355 314
2356 312
2357 335
2358 301
2359 282
2360 299
2361 290
2362 320
2363 344
2364 302
2365 309
2366 302
2367 294
2368 300
2369 329
2370 303
2371 303
2372 305
2373 320
2374 292
2375 307
2376 339
2377 313
2378 296
2379 305
2380 332
2381 299
2382 298
2383 281
2384 332
2385 292
2386 341
2387 270
2388 304
2389 314
2390 297
2391 300
2392 306
2393 269
2394 315
2395 283
2396 298
2397 306
2398 310
2399 307
2400 284
2401 295
2402 313
2403 284
2404 314
2405 302
2406 285
2407 320
2408 274
2409 310
2410 278
2411 318
2412 283
2413 296
2414 312
2415 292
2416 303
2417 296
2418 275
2419 289
2420 286
2421 285
2422 306
2423 274
2424 293
2425 263
2426 349
2427 283
2428 305
2429 322
2430 309
2431 287
2432 291
2433 323
2434 293
2435 289
2436 267
2437 297
2438 307
2439 303
2440 302
2441 241
2442 324
2443 288
2444 279
2445 269
2446 294
2447 282
2448 316
2449 322
2450 290
2451 296
2452 272
2453 294
2454 304
2455 302
2456 300
2457 243
2458 272
2459 271
2460 275
2461 274
2462 263
2463 302
2464 272
2465 283
2466 295
2467 292
2468 307
2469 305
2470 311
2471 298
2472 289
2473 272
2474 277
2475 245
2476 287
2477 273
2478 296
2479 297
2480 250
2481 275
2482 272
2483 269
2484 264
2485 294
2486 281
2487 274
2488 243
2489 280
2490 283
2491 256
2492 270
2493 277
2494 246
2495 296
2496 291
2497 265
2498 266
2499 284
2500 282
2501 274
2502 250
2503 256
2504 261
2505 291
2506 273
2507 264
2508 251
2509 283
2510 263
2511 275
2512 268
2513 301
2514 276
2515 258
2516 281
2517 270
2518 266
2519 290
2520 229
2521 281
2522 284
2523 282
2524 256
2525 279
2526 268
2527 280
2528 279
2529 266
2530 265
2531 249
2532 263
2533 265
2534 278
2535 282
2536 283
2537 269
2538 251
2539 281
2540 267
2541 280
2542 249
2543 281
2544 270
2545 254
2546 258
2547 274
2548 260
2549 276
2550 271
2551 262
2552 276
2553 275
2554 277
2555 253
2556 251
2557 241
2558 267
2559 241
2560 248
2561 256
2562 267
2563 260
2564 254
2565 253
2566 256
2567 253
2568 308
2569 269
2570 250
2571 254
2572 260
2573 238
2574 278
2575 250
2576 266
2577 250
2578 261
2579 246
2580 245
2581 259
2582 265
2583 251
2584 240
2585 261
2586 258
2587 231
2588 258
2589 248
2590 256
2591 231
2592 233
2593 246
2594 244
2595 252
2596 247
2597 248
2598 265
2599 262
2600 244
2601 248
2602 229
2603 227
2604 227
2605 226
2606 243
2607 224
2608 259
2609 285
2610 239
2611 244
2612 240
2613 251
2614 238
2615 247
2616 251
2617 238
2618 274
2619 240
2620 269
2621 228
2622 220
2623 230
2624 242
2625 223
2626 251
2627 265
2628 227
2629 243
2630 223
2631 215
2632 214
2633 256
2634 215
2635 251
2636 260
2637 244
2638 257
2639 228
2640 257
2641 237
2642 233
2643 224
2644 217
2645 235
2646 232
2647 247
2648 268
2649 244
2650 258
2651 217
2652 231
2653 239
2654 222
2655 227
2656 225
2657 239
2658 256
2659 252
2660 233
2661 219
2662 218
2663 225
2664 251
2665 232
2666 231
2667 243
2668 231
2669 247
2670 229
2671 253
2672 231
2673 225
2674 218
2675 240
2676 216
2677 243
2678 243
2679 217
2680 243
2681 218
2682 213
2683 221
2684 233
2685 257
2686 236
2687 208
2688 243
2689 215
2690 222
2691 237
2692 233
2693 213
2694 237
2695 260
2696 243
2697 267
2698 235
2699 238
2700 210
2701 235
2702 229
2703 222
2704 225
2705 217
2706 205
2707 229
2708 235
2709 209
2710 246
2711 212
2712 230
2713 194
2714 209
2715 245
2716 218
2717 200
2718 204
2719 248
2720 232
2721 247
2722 241
2723 240
2724 219
2725 220
2726 207
2727 187
2728 202
2729 230
2730 220
2731 219
2732 232
2733 216
2734 226
2735 232
2736 210
2737 219
2738 209
2739 216
2740 216
2741 234
2742 240
2743 234
2744 233
2745 234
2746 215
2747 209
2748 213
2749 224
2750 219
2751 234
2752 226
2753 253
2754 227
2755 248
2756 247
2757 213
2758 228
2759 194
2760 228
2761 200
2762 199
2763 208
2764 243
2765 235
2766 213
2767 227
2768 212
2769 210
2770 227
2771 224
2772 215
2773 217
2774 211
2775 237
2776 194
2777 214
2778 210
2779 217
2780 221
2781 215
2782 219
2783 197
2784 226
2785 226
2786 228
2787 252
2788 229
2789 218
2790 203
2791 210
2792 216
2793 216
2794 203
2795 196
2796 216
2797 219
2798 253
2799 194
2800 212
2801 222
2802 208
2803 192
2804 205
2805 217
2806 213
2807 203
2808 206
2809 213
2810 218
2811 209
2812 205
2813 215
2814 211
2815 183
2816 204
2817 182
2818 190
2819 205
2820 223
2821 220
2822 196
2823 208
2824 214
2825 229
2826 204
2827 210
2828 214
2829 220
2830 205
2831 199
2832 235
2833 203
2834 222
2835 217
2836 200
2837 195
2838 217
2839 211
2840 215
2841 208
2842 167
2843 202
2844 211
2845 212
2846 208
2847 213
2848 198
2849 217
2850 202
2851 195
2852 192
2853 212
2854 211
2855 196
2856 234
2857 189
2858 226
2859 208
2860 212
2861 193
2862 210
2863 198
2864 205
2865 207
2866 188
2867 183
2868 180
2869 189
2870 194
2871 188
2872 213
2873 220
2874 189
2875 205
2876 182
2877 216
2878 191
2879 193
2880 212
2881 196
2882 202
2883 193
2884 179
2885 198
2886 193
2887 206
2888 202
2889 205
2890 222
2891 181
2892 170
2893 216
2894 178
2895 212
2896 182
2897 174
2898 193
2899 181
2900 205
2901 201
2902 194
2903 188
2904 187
2905 201
2906 200
2907 196
2908 209
2909 177
2910 180
2911 201
2912 191
2913 185
2914 213
2915 213
2916 205
2917 197
2918 193
2919 201
2920 185
2921 188
2922 193
2923 203
2924 197
2925 181
2926 210
2927 167
2928 191
2929 198
2930 200
2931 180
2932 190
2933 214
2934 212
2935 170
2936 209
2937 179
2938 188
2939 187
2940 231
2941 197
2942 177
2943 167
2944 190
2945 178
2946 180
2947 208
2948 187
2949 202
2950 179
2951 180
2952 174
2953 189
2954 178
2955 192
2956 187
2957 169
2958 159
2959 165
2960 175
2961 188
2962 184
2963 149
2964 163
2965 160
2966 174
2967 190
2968 177
2969 176
2970 178
2971 175
2972 172
2973 194
2974 166
2975 206
2976 184
2977 190
2978 211
2979 190
2980 191
2981 160
2982 188
2983 184
2984 189
2985 163
2986 177
2987 181
2988 186
2989 155
2990 163
2991 193
2992 184
2993 187
2994 187
2995 184
2996 196
2997 176
2998 177
2999 187
3000 188
3001 191
3002 169
3003 178
3004 182
3005 153
3006 178
3007 192
3008 177
3009 145
3010 165
3011 181
3012 178
3013 201
3014 188
3015 197
3016 179
3017 180
3018 161
3019 193
3020 171
3021 152
3022 160
3023 171
3024 162
3025 173
3026 192
3027 159
3028 149
3029 177
3030 180
3031 165
3032 160
3033 165
3034 170
3035 181
3036 190
3037 193
3038 160
3039 182
3040 151
3041 155
3042 173
3043 178
3044 193
3045 137
3046 163
3047 173
3048 160
3049 198
3050 179
3051 185
3052 188
3053 155
3054 178
3055 191
3056 172
3057 158
3058 153
3059 163
3060 173
3061 181
3062 183
3063 169
3064 163
3065 170
3066 197
3067 175
3068 186
3069 142
3070 158
3071 185
3072 163
3073 165
3074 142
3075 180
3076 169
3077 174
3078 161
3079 156
3080 173
3081 185
3082 160
3083 162
3084 175
3085 176
3086 164
3087 176
3088 199
3089 182
3090 171
3091 170
3092 184
3093 158
3094 169
3095 173
3096 162
3097 191
3098 189
3099 172
3100 168
3101 159
3102 174
3103 181
3104 158
3105 160
3106 157
3107 158
3108 186
3109 175
3110 173
3111 186
3112 160
3113 170
3114 169
3115 159
3116 159
3117 165
3118 152
3119 182
3120 163
3121 166
3122 184
3123 178
3124 178
3125 193
3126 155
3127 165
3128 157
3129 158
3130 171
3131 190
3132 176
3133 170
3134 148
3135 165
3136 199
3137 151
3138 174
3139 178
3140 158
3141 166
3142 180
3143 190
3144 155
3145 154
3146 149
3147 170
3148 181
3149 178
3150 162
3151 150
3152 147
3153 139
3154 160
3155 149
3156 174
3157 131
3158 169
3159 160
3160 144
3161 176
3162 147
3163 166
3164 148
3165 175
3166 161
3167 154
3168 181
3169 162
3170 141
3171 197
3172 143
3173 165
3174 158
3175 148
3176 144
3177 170
3178 154
3179 157
3180 142
3181 167
3182 155
3183 162
3184 171
3185 142
3186 150
3187 167
3188 153
3189 150
3190 150
3191 158
3192 136
3193 154
3194 156
3195 156
3196 130
3197 167
3198 149
3199 157
3200 185
3201 146
3202 157
3203 155
3204 156
3205 150
3206 160
3207 138
3208 152
3209 157
3210 135
3211 157
3212 164
3213 136
3214 145
3215 162
3216 155
3217 171
3218 180
3219 152
3220 138
3221 139
3222 164
3223 144
3224 159
3225 146
3226 131
3227 156
3228 133
3229 161
3230 141
3231 160
3232 164
3233 148
3234 157
3235 146
3236 160
3237 132
3238 173
3239 141
3240 144
3241 149
3242 135
3243 157
3244 156
3245 143
3246 156
3247 143
3248 140
3249 168
3250 153
3251 137
3252 147
3253 127
3254 148
3255 150
3256 156
3257 149
3258 149
3259 137
3260 142
3261 131
3262 150
3263 169
3264 134
3265 133
3266 144
3267 153
3268 140
3269 143
3270 164
3271 138
3272 135
3273 131
3274 145
3275 150
3276 156
3277 155
3278 145
3279 131
3280 146
3281 145
3282 127
3283 154
3284 149
3285 148
3286 161
3287 135
3288 146
3289 142
3290 148
3291 146
3292 152
3293 156
3294 130
3295 134
3296 127
3297 153
3298 148
3299 145
3300 129
3301 128
3302 131
3303 145
3304 139
3305 147
3306 120
3307 126
3308 120
3309 174
3310 131
3311 136
3312 143
3313 110
3314 121
3315 128
3316 146
3317 119
3318 146
3319 143
3320 138
3321 156
3322 162
3323 144
3324 147
3325 145
3326 140
3327 116
3328 138
3329 135
3330 138
3331 126
3332 147
3333 119
3334 140
3335 136
3336 135
3337 121
3338 130
3339 135
3340 135
3341 132
3342 149
3343 127
3344 149
3345 147
3346 150
3347 153
3348 145
3349 144
3350 137
3351 146
3352 151
3353 127
3354 148
3355 121
3356 147
3357 132
3358 152
3359 160
3360 131
3361 129
3362 135
3363 144
3364 147
3365 143
3366 132
3367 159
3368 139
3369 145
3370 140
3371 125
3372 138
3373 137
3374 133
3375 146
3376 137
3377 142
3378 121
3379 137
3380 161
3381 123
3382 140
3383 144
3384 125
3385 143
3386 127
3387 143
3388 119
3389 120
3390 163
3391 132
3392 147
3393 135
3394 124
3395 134
3396 122
3397 142
3398 139
3399 137
3400 132
3401 147
3402 127
3403 121
3404 156
3405 153
3406 138
3407 143
3408 132
3409 140
3410 136
3411 127
3412 133
3413 141
3414 114
3415 125
3416 136
3417 133
3418 138
3419 150
3420 131
3421 140
3422 119
3423 146
3424 128
3425 128
3426 109
3427 130
3428 140
3429 136
3430 144
3431 126
3432 144
3433 144
3434 141
3435 143
3436 143
3437 142
3438 121
3439 138
3440 156
3441 139
3442 140
3443 138
3444 136
3445 118
3446 121
3447 134
3448 131
3449 139
3450 126
3451 142
3452 139
3453 120
3454 134
3455 126
3456 141
3457 123
3458 133
3459 135
3460 162
3461 133
3462 153
3463 144
3464 131
3465 147
3466 145
3467 137
3468 131
3469 127
3470 131
3471 126
3472 136
3473 117
3474 127
3475 131
3476 161
3477 124
3478 157
3479 134
3480 154
3481 130
3482 166
3483 135
3484 141
3485 117
3486 131
3487 130
3488 135
3489 140
3490 117
3491 137
3492 125
3493 157
3494 132
3495 135
3496 104
3497 129
3498 123
3499 141
3500 132
3501 149
3502 115
3503 123
3504 119
3505 122
3506 119
3507 138
3508 132
3509 112
3510 133
3511 139
3512 110
3513 134
3514 125
3515 157
3516 120
3517 148
3518 125
3519 131
3520 122
3521 129
3522 125
3523 125
3524 126
3525 144
3526 137
3527 131
3528 118
3529 120
3530 148
3531 128
3532 125
3533 140
3534 136
3535 120
3536 122
3537 154
3538 132
3539 140
3540 137
3541 129
3542 127
3543 131
3544 109
3545 127
3546 130
3547 151
3548 128
3549 128
3550 125
3551 123
3552 136
3553 129
3554 132
3555 133
3556 125
3557 148
3558 144
3559 119
3560 136
3561 137
3562 123
3563 132
3564 106
3565 147
3566 140
3567 126
3568 122
3569 135
3570 110
3571 128
3572 141
3573 125
3574 145
3575 109
3576 133
3577 127
3578 125
3579 142
3580 123
3581 133
3582 122
3583 132
3584 120
3585 121
3586 113
3587 133
3588 127
3589 117
3590 124
3591 105
3592 132
3593 104
3594 119
3595 116
3596 126
3597 116
3598 125
3599 106
3600 128
3601 132
3602 126
3603 135
3604 108
3605 124
3606 124
3607 142
3608 113
3609 102
3610 116
3611 122
3612 115
3613 109
3614 124
3615 133
3616 136
3617 132
3618 137
3619 107
3620 121
3621 118
3622 119
3623 125
3624 138
3625 137
3626 115
3627 118
3628 112
3629 131
3630 107
3631 122
3632 128
3633 133
3634 116
3635 135
3636 127
3637 94
3638 126
3639 129
3640 113
3641 126
3642 132
3643 106
3644 134
3645 121
3646 129
3647 122
3648 111
3649 137
3650 144
3651 112
3652 118
3653 126
3654 128
3655 129
3656 117
3657 122
3658 125
3659 120
3660 134
3661 128
3662 126
3663 140
3664 110
3665 130
3666 112
3667 117
3668 138
3669 119
3670 107
3671 142
3672 111
3673 124
3674 116
3675 138
3676 103
3677 121
3678 137
3679 134
3680 130
3681 127
3682 118
3683 112
3684 131
3685 119
3686 136
3687 112
3688 116
3689 133
3690 117
3691 121
3692 112
3693 111
3694 127
3695 130
3696 122
3697 127
3698 105
3699 116
3700 124
3701 159
3702 127
3703 138
3704 118
3705 118
3706 107
3707 123
3708 133
3709 116
3710 106
3711 124
3712 112
3713 106
3714 120
3715 130
3716 122
3717 123
3718 151
3719 112
3720 107
3721 137
3722 130
3723 134
3724 114
3725 131
3726 145
3727 128
3728 116
3729 140
3730 133
3731 119
3732 117
3733 136
3734 137
3735 122
3736 113
3737 114
3738 133
3739 131
3740 117
3741 110
3742 137
3743 122
3744 121
3745 120
3746 113
3747 106
3748 114
3749 124
3750 117
3751 118
3752 122
3753 134
3754 106
3755 141
3756 145
3757 109
3758 117
3759 131
3760 106
3761 122
3762 145
3763 123
3764 127
3765 122
3766 133
3767 117
3768 133
3769 126
3770 114
3771 117
3772 99
3773 113
3774 132
3775 112
3776 116
3777 129
3778 134
3779 123
3780 113
3781 124
3782 134
3783 125
3784 126
3785 129
3786 126
3787 128
3788 120
3789 114
3790 119
3791 105
3792 127
3793 115
3794 107
3795 129
3796 127
3797 104
3798 109
3799 118
3800 115
3801 112
3802 123
3803 140
3804 127
3805 124
3806 106
3807 137
3808 141
3809 110
3810 140
3811 111
3812 121
3813 123
3814 128
3815 126
3816 119
3817 116
3818 126
3819 113
3820 111
3821 119
3822 115
3823 128
3824 109
3825 108
3826 111
3827 110
3828 106
3829 107
3830 128
3831 104
3832 107
3833 106
3834 106
3835 103
3836 112
3837 119
3838 118
3839 124
3840 110
3841 99
3842 100
3843 119
3844 130
3845 121
3846 99
3847 109
3848 103
3849 127
3850 104
3851 111
3852 120
3853 110
3854 115
3855 114
3856 112
3857 121
3858 127
3859 107
3860 115
3861 107
3862 120
3863 104
3864 99
3865 111
3866 101
3867 106
3868 117
3869 119
3870 111
3871 125
3872 119
3873 133
3874 114
3875 123
3876 119
3877 115
3878 106
3879 114
3880 99
3881 111
3882 107
3883 139
3884 93
3885 124
3886 118
3887 103
3888 126
3889 119
3890 105
3891 118
3892 115
3893 113
3894 117
3895 125
3896 120
3897 126
3898 105
3899 93
3900 108
3901 122
3902 122
3903 111
3904 117
3905 104
3906 114
3907 101
3908 123
3909 124
3910 94
3911 140
3912 119
3913 114
3914 128
3915 110
3916 117
3917 129
3918 124
3919 108
3920 97
3921 118
3922 123
3923 115
3924 107
3925 127
3926 123
3927 104
3928 114
3929 115
3930 127
3931 109
3932 103
3933 135
3934 102
3935 130
3936 105
3937 131
3938 114
3939 114
3940 117
3941 104
3942 113
3943 115
3944 100
3945 117
3946 109
3947 125
3948 126
3949 115
3950 109
3951 125
3952 117
3953 102
3954 113
3955 95
3956 102
3957 89
3958 97
3959 102
3960 123
3961 103
3962 116
3963 115
3964 118
3965 116
3966 102
3967 112
3968 89
3969 112
3970 111
3971 121
3972 125
3973 115
3974 117
3975 121
3976 107
3977 118
3978 108
3979 113
3980 126
3981 106
3982 98
3983 90
3984 104
3985 107
3986 114
3987 99
3988 113
3989 98
3990 118
3991 111
3992 92
3993 100
3994 106
3995 105
3996 85
3997 124
3998 136
3999 115
4000 91
4001 132
4002 109
4003 105
4004 108
4005 122
4006 109
4007 119
4008 121
4009 118
4010 105
4011 93
4012 131
4013 88
4014 110
4015 111
4016 106
4017 111
4018 115
4019 121
4020 110
4021 103
4022 120
4023 122
4024 110
4025 109
4026 131
4027 119
4028 102
4029 103
4030 123
4031 118
4032 116
4033 82
4034 102
4035 111
4036 101
4037 107
4038 118
4039 117
4040 98
4041 113
4042 94
4043 107
4044 97
4045 99
4046 109
4047 117
4048 113
4049 110
4050 105
4051 129
4052 99
4053 130
4054 103
4055 122
4056 96
4057 112
4058 110
4059 100
4060 107
4061 81
4062 126
4063 97
4064 101
4065 100
4066 89
4067 127
4068 108
4069 108
4070 101
4071 112
4072 94
4073 91
4074 108
4075 91
4076 97
4077 85
4078 125
4079 100
4080 101
4081 127
4082 99
4083 99
4084 112
4085 103
4086 102
4087 109
4088 99
4089 101
4090 92
4091 124
4092 103
4093 91
4094 118
4095 106
4096 93
4097 99
4098 116
4099 106
4100 101
4101 104
4102 91
4103 101
4104 109
4105 104
4106 91
4107 98
4108 110
4109 98
4110 99
4111 110
4112 124
4113 87
4114 111
4115 98
4116 110
4117 114
4118 106
4119 103
4120 107
4121 96
4122 108
4123 86
4124 111
4125 108
4126 113
4127 103
4128 121
4129 104
4130 108
4131 124
4132 107
4133 116
4134 109
4135 109
4136 95
4137 95
4138 104
4139 120
4140 112
4141 108
4142 144
4143 105
4144 96
4145 100
4146 119
4147 93
4148 128
4149 113
4150 111
4151 130
4152 87
4153 106
4154 103
4155 108
4156 92
4157 95
4158 89
4159 114
4160 95
4161 117
4162 108
4163 110
4164 122
4165 110
4166 97
4167 94
4168 93
4169 113
4170 101
4171 107
4172 93
4173 93
4174 104
4175 106
4176 116
4177 96
4178 90
4179 105
4180 131
4181 110
4182 116
4183 97
4184 93
4185 114
4186 99
4187 116
4188 89
4189 116
4190 103
4191 114
4192 127
4193 104
4194 98
4195 87
4196 99
4197 115
4198 86
4199 97
4200 136
4201 121
4202 106
4203 104
4204 124
4205 119
4206 111
4207 110
4208 102
4209 115
4210 96
4211 102
4212 102
4213 123
4214 115
4215 98
4216 91
4217 96
4218 98
4219 117
4220 123
4221 117
4222 94
4223 94
4224 108
4225 100
4226 111
4227 112
4228 124
4229 102
4230 103
4231 108
4232 85
4233 89
4234 102
4235 108
4236 110
4237 113
4238 110
4239 90
4240 98
4241 111
4242 108
4243 100
4244 122
4245 111
4246 98
4247 104
4248 105
4249 98
4250 87
4251 99
4252 91
4253 104
4254 116
4255 105
4256 90
4257 108
4258 99
4259 94
4260 91
4261 122
4262 102
4263 108
4264 84
4265 98
4266 105
4267 103
4268 92
4269 110
4270 103
4271 97
4272 97
4273 106
4274 108
4275 112
4276 101
4277 98
4278 106
4279 115
4280 103
4281 91
4282 87
4283 101
4284 105
4285 100
4286 110
4287 106
4288 99
4289 91
4290 99
4291 103
4292 105
4293 105
4294 108
4295 104
4296 110
4297 103
4298 106
4299 118
4300 107
4301 107
4302 107
4303 114
4304 114
4305 108
4306 98
4307 107
4308 107
4309 100
4310 105
4311 98
4312 108
4313 108
4314 104
4315 112
4316 86
4317 105
4318 103
4319 103
4320 86
4321 114
4322 86
4323 113
4324 92
4325 122
4326 98
4327 107
4328 95
4329 85
4330 100
4331 101
4332 108
4333 90
4334 111
4335 93
4336 92
4337 107
4338 102
4339 90
4340 76
4341 105
4342 91
4343 96
4344 86
4345 109
4346 118
4347 103
4348 106
4349 103
4350 110
4351 109
4352 100
4353 110
4354 100
4355 120
4356 111
4357 110
4358 126
4359 99
4360 90
4361 99
4362 113
4363 117
4364 110
4365 91
4366 107
4367 119
4368 103
4369 111
4370 100
4371 79
4372 97
4373 116
4374 123
4375 95
4376 100
4377 111
4378 103
4379 107
4380 91
4381 119
4382 117
4383 111
4384 101
4385 90
4386 88
4387 95
4388 92
4389 115
4390 107
4391 101
4392 114
4393 118
4394 106
4395 102
4396 99
4397 93
4398 110
4399 90
4400 115
4401 109
4402 101
4403 79
4404 97
4405 109
4406 106
4407 104
4408 114
4409 123
4410 81
4411 117
4412 117
4413 94
4414 91
4415 105
4416 95
4417 90
4418 88
4419 99
4420 101
4421 101
4422 105
4423 81
4424 90
4425 92
4426 94
4427 81
4428 101
4429 85
4430 104
4431 98
4432 110
4433 92
4434 76
4435 85
4436 83
4437 108
4438 119
4439 91
4440 116
4441 95
4442 84
4443 94
4444 93
4445 75
4446 90
4447 110
4448 93
4449 97
4450 102
4451 103
4452 113
4453 90
4454 95
4455 94
4456 111
4457 102
4458 96
4459 77
4460 97
4461 101
4462 102
4463 91
4464 108
4465 112
4466 102
4467 94
4468 87
4469 102
4470 97
4471 95
4472 110
4473 110
4474 91
4475 89
4476 104
4477 75
4478 103
4479 107
4480 97
4481 98
4482 103
4483 92
4484 91
4485 115
4486 112
4487 95
4488 110
4489 104
4490 109
4491 92
4492 99
4493 104
4494 81
4495 95
4496 89
4497 107
4498 100
4499 95
4500 94
4501 104
4502 64
4503 93
4504 122
4505 88
4506 91
4507 94
4508 99
4509 101
4510 104
4511 97
4512 92
4513 106
4514 84
4515 84
4516 85
4517 85
4518 94
4519 106
4520 95
4521 95
4522 105
4523 96
4524 91
4525 97
4526 89
4527 97
4528 101
4529 92
4530 100
4531 83
4532 98
4533 103
4534 92
4535 93
4536 96
4537 87
4538 99
4539 111
4540 95
4541 87
4542 99
4543 79
4544 86
4545 116
4546 95
4547 91
4548 96
4549 102
4550 102
4551 83
4552 94
4553 100
4554 99
4555 84
4556 93
4557 101
4558 108
4559 95
4560 99
4561 80
4562 97
4563 108
4564 94
4565 99
4566 99
4567 102
4568 111
4569 107
4570 75
4571 86
4572 99
4573 106
4574 97
4575 99
4576 95
4577 100
4578 82
4579 88
4580 82
4581 103
4582 80
4583 83
4584 106
4585 93
4586 85
4587 92
4588 95
4589 88
4590 94
4591 107
4592 78
4593 106
4594 96
4595 105
4596 97
4597 95
4598 88
4599 82
4600 108
4601 103
4602 95
4603 84
4604 86
4605 98
4606 87
4607 91
4608 94
4609 89
4610 79
4611 92
4612 115
4613 106
4614 93
4615 97
4616 96
4617 115
4618 86
4619 106
4620 87
4621 94
4622 92
4623 90
4624 99
4625 111
4626 91
4627 78
4628 92
4629 95
4630 95
4631 91
4632 93
4633 94
4634 103
4635 96
4636 99
4637 87
4638 107
4639 100
4640 80
4641 103
4642 82
4643 92
4644 98
4645 99
4646 97
4647 99
4648 96
4649 88
4650 82
4651 90
4652 96
4653 118
4654 96
4655 101
4656 98
4657 70
4658 109
4659 92
4660 84
4661 80
4662 102
4663 83
4664 87
4665 74
4666 102
4667 96
4668 97
4669 101
4670 91
4671 87
4672 81
4673 95
4674 74
4675 83
4676 73
4677 96
4678 79
4679 97
4680 79
4681 73
4682 88
4683 93
4684 91
4685 101
4686 73
4687 78
4688 82
4689 98
4690 91
4691 113
4692 77
4693 99
4694 85
4695 86
4696 82
4697 104
4698 91
4699 91
4700 87
4701 107
4702 105
4703 96
4704 94
4705 111
4706 89
4707 88
4708 94
4709 92
4710 90
4711 104
4712 95
4713 98
4714 89
4715 90
4716 106
4717 86
4718 85
4719 91
4720 86
4721 107
4722 83
4723 106
4724 89
4725 77
4726 75
4727 83
4728 81
4729 76
4730 100
4731 92
4732 103
4733 87
4734 90
4735 105
4736 76
4737 87
4738 114
4739 99
4740 99
4741 74
4742 112
4743 87
4744 82
4745 99
4746 88
4747 93
4748 93
4749 88
4750 88
4751 96
4752 93
4753 93
4754 86
4755 87
4756 108
4757 79
4758 97
4759 103
4760 89
4761 90
4762 93
4763 88
4764 93
4765 87
4766 100
4767 91
4768 91
4769 104
4770 69
4771 88
4772 88
4773 82
4774 90
4775 84
4776 98
4777 80
4778 77
4779 88
4780 81
4781 96
4782 73
4783 93
4784 94
4785 94
4786 80
4787 115
4788 92
4789 97
4790 99
4791 95
4792 99
4793 89
4794 89
4795 85
4796 96
4797 73
4798 78
4799 94
4800 75
4801 79
4802 83
4803 76
4804 98
4805 91
4806 90
4807 88
4808 90
4809 76
4810 89
4811 90
4812 88
4813 93
4814 82
4815 96
4816 93
4817 102
4818 92
4819 94
4820 100
4821 91
4822 99
4823 91
4824 94
4825 90
4826 103
4827 89
4828 104
4829 72
4830 85
4831 69
4832 87
4833 96
4834 93
4835 83
4836 89
4837 77
4838 82
4839 88
4840 81
4841 93
4842 88
4843 91
4844 70
4845 87
4846 78
4847 86
4848 75
4849 93
4850 92
4851 80
4852 101
4853 89
4854 78
4855 96
4856 80
4857 79
4858 87
4859 84
4860 89
4861 104
4862 90
4863 70
4864 94
4865 102
4866 88
4867 82
4868 57
4869 88
4870 92
4871 81
4872 91
4873 92
4874 90
4875 87
4876 92
4877 88
4878 90
4879 83
4880 86
4881 72
4882 81
4883 107
4884 92
4885 77
4886 70
4887 85
4888 95
4889 74
4890 95
4891 83
4892 101
4893 100
4894 85
4895 84
4896 81
4897 83
4898 77
4899 86
4900 83
4901 81
4902 76
4903 79
4904 90
4905 99
4906 85
4907 89
4908 73
4909 99
4910 99
4911 79
4912 80
4913 88
4914 74
4915 95
4916 77
4917 89
4918 89
4919 80
4920 82
4921 85
4922 66
4923 71
4924 88
4925 92
4926 89
4927 88
4928 82
4929 82
4930 77
4931 85
4932 83
4933 67
4934 91
4935 89
4936 93
4937 90
4938 82
4939 81
4940 73
4941 76
4942 88
4943 89
4944 69
4945 82
4946 80
4947 107
4948 81
4949 99
4950 79
4951 100
4952 100
4953 83
4954 95
4955 90
4956 76
4957 73
4958 103
4959 66
4960 89
4961 104
4962 84
4963 87
4964 97
4965 95
4966 95
4967 91
4968 70
4969 79
4970 105
4971 96
4972 83
4973 89
4974 93
4975 86
4976 109
4977 76
4978 74
4979 80
4980 93
4981 87
4982 74
4983 89
4984 90
4985 94
4986 88
4987 92
4988 97
4989 91
4990 78
4991 88
4992 105
4993 87
4994 71
4995 65
4996 78
4997 74
4998 84
4999 77
5000 72
5001 98
5002 77
5003 82
5004 77
5005 100
5006 76
5007 76
5008 88
5009 79
5010 80
5011 88
5012 78
5013 78
5014 74
5015 75
5016 95
5017 86
5018 68
5019 89
5020 76
5021 87
5022 84
5023 75
5024 95
5025 89
5026 76
5027 90
5028 94
5029 77
5030 96
5031 94
5032 89
5033 88
5034 84
5035 98
5036 86
5037 74
5038 86
5039 82
5040 105
5041 94
5042 85
5043 76
5044 72
5045 99
5046 73
5047 81
5048 89
5049 83
5050 80
5051 83
5052 87
5053 89
5054 79
5055 105
5056 80
5057 79
5058 94
5059 86
5060 91
5061 96
5062 84
5063 99
5064 87
5065 90
5066 83
5067 97
5068 91
5069 59
5070 82
5071 64
5072 84
5073 81
5074 66
5075 75
5076 85
5077 90
5078 73
5079 82
5080 97
5081 84
5082 106
5083 67
5084 99
5085 92
5086 80
5087 79
5088 85
5089 91
5090 92
5091 73
5092 85
5093 80
5094 68
5095 77
5096 83
5097 76
5098 78
5099 68
5100 85
5101 82
5102 74
5103 92
5104 65
5105 79
5106 75
5107 87
5108 84
5109 80
5110 81
5111 85
5112 93
5113 82
5114 82
5115 99
5116 75
5117 97
5118 71
5119 77
5120 86
5121 94
5122 77
5123 68
5124 79
5125 90
5126 75
5127 71
5128 67
5129 70
5130 100
5131 78
5132 83
5133 75
5134 80
5135 90
5136 78
5137 79
5138 77
5139 73
5140 62
5141 73
5142 79
5143 77
5144 81
5145 76
5146 64
5147 80
5148 69
5149 87
5150 76
5151 81
5152 75
5153 65
5154 70
5155 84
5156 72
5157 85
5158 74
5159 74
5160 88
5161 74
5162 83
5163 79
5164 71
5165 69
5166 87
5167 87
5168 88
5169 90
5170 74
5171 81
5172 90
5173 99
5174 82
5175 71
5176 88
5177 71
5178 72
5179 84
5180 66
5181 81
5182 66
5183 72
5184 83
5185 77
5186 71
5187 64
5188 87
5189 81
5190 79
5191 88
5192 87
5193 72
5194 79
5195 91
5196 82
5197 88
5198 79
5199 82
5200 103
5201 79
5202 81
5203 87
5204 74
5205 78
5206 84
5207 72
5208 66
5209 89
5210 99
5211 94
5212 79
5213 69
5214 76
5215 83
5216 84
5217 77
5218 71
5219 74
5220 75
5221 80
5222 67
5223 84
5224 89
5225 83
5226 105
5227 66
5228 74
5229 85
5230 81
5231 92
5232 78
5233 77
5234 96
5235 67
5236 86
5237 89
5238 81
5239 85
5240 87
5241 91
5242 81
5243 69
5244 102
5245 81
5246 75
5247 84
5248 59
5249 79
5250 83
5251 96
5252 73
5253 90
5254 86
5255 78
5256 88
5257 85
5258 76
5259 89
5260 94
5261 83
5262 96
5263 79
5264 75
5265 93
5266 82
5267 77
5268 96
5269 79
5270 82
5271 82
5272 86
5273 89
5274 77
5275 81
5276 89
5277 72
5278 87
5279 70
5280 82
5281 96
5282 99
5283 76
5284 77
5285 92
5286 77
5287 84
5288 70
5289 79
5290 77
5291 87
5292 85
5293 73
5294 79
5295 78
5296 82
5297 68
5298 66
5299 87
5300 91
5301 90
5302 77
5303 91
5304 83
5305 79
5306 76
5307 84
5308 73
5309 93
5310 71
5311 105
5312 75
5313 86
5314 82
5315 60
5316 76
5317 70
5318 75
5319 77
5320 79
5321 76
5322 55
5323 91
5324 65
5325 79
5326 80
5327 110
5328 80
5329 71
5330 83
5331 90
5332 86
5333 93
5334 86
5335 80
5336 77
5337 74
5338 88
5339 78
5340 71
5341 81
5342 74
5343 87
5344 99
5345 87
5346 87
5347 69
5348 93
5349 87
5350 79
5351 71
5352 88
5353 76
5354 94
5355 74
5356 98
5357 75
5358 84
5359 61
5360 83
5361 60
5362 89
5363 84
5364 83
5365 84
5366 81
5367 73
5368 73
5369 93
5370 82
5371 77
5372 80
5373 85
5374 92
5375 98
5376 73
5377 76
5378 86
5379 97
5380 95
5381 72
5382 80
5383 90
5384 75
5385 72
5386 74
5387 80
5388 79
5389 71
5390 83
5391 80
5392 85
5393 95
5394 74
5395 70
5396 86
5397 87
5398 104
5399 75
5400 82
5401 90
5402 83
5403 77
5404 85
5405 97
5406 96
5407 81
5408 84
5409 81
5410 69
5411 80
5412 76
5413 74
5414 87
5415 80
5416 64
5417 78
5418 104
5419 86
5420 87
5421 60
5422 76
5423 89
5424 73
5425 77
5426 88
5427 89
5428 82
5429 90
5430 84
5431 75
5432 78
5433 68
5434 70
5435 84
5436 73
5437 75
5438 79
5439 97
5440 78
5441 84
5442 73
5443 77
5444 92
5445 82
5446 73
5447 83
5448 72
5449 82
5450 81
5451 76
5452 80
5453 96
5454 83
5455 85
5456 71
5457 86
5458 83
5459 79
5460 83
5461 89
5462 82
5463 85
5464 78
5465 83
5466 83
5467 79
5468 87
5469 90
5470 79
5471 73
5472 99
5473 69
5474 84
5475 88
5476 90
5477 101
5478 72
5479 97
5480 66
5481 77
5482 82
5483 80
5484 93
5485 82
5486 80
5487 84
5488 78
5489 70
5490 82
5491 70
5492 72
5493 71
5494 94
5495 78
5496 55
5497 92
5498 101
5499 69
5500 80
5501 75
5502 83
5503 68
5504 82
5505 78
5506 87
5507 89
5508 71
5509 79
5510 92
5511 82
5512 93
5513 77
5514 87
5515 89
5516 80
5517 85
5518 86
5519 77
5520 86
5521 66
5522 88
5523 76
5524 82
5525 74
5526 95
5527 99
5528 77
5529 84
5530 71
5531 94
5532 84
5533 89
5534 80
5535 81
5536 95
5537 88
5538 88
5539 79
5540 84
5541 82
5542 88
5543 72
5544 74
5545 81
5546 91
5547 100
5548 78
5549 84
5550 94
5551 96
5552 91
5553 75
5554 82
5555 100
5556 81
5557 83
5558 81
5559 104
5560 78
5561 76
5562 82
5563 87
5564 82
5565 85
5566 99
5567 102
5568 94
5569 75
5570 81
5571 86
5572 79
5573 95
5574 80
5575 94
5576 87
5577 76
5578 80
5579 71
5580 97
5581 79
5582 81
5583 93
5584 72
5585 92
5586 78
5587 76
5588 88
5589 80
5590 85
5591 81
5592 96
5593 77
5594 81
5595 91
5596 91
5597 87
5598 91
5599 94
5600 91
5601 79
5602 91
5603 94
5604 77
5605 96
5606 96
5607 93
5608 96
5609 79
5610 97
5611 69
5612 77
5613 96
5614 84
5615 85
5616 70
5617 92
5618 86
5619 61
5620 79
5621 84
5622 74
5623 82
5624 79
5625 87
5626 91
5627 97
5628 92
5629 89
5630 82
5631 86
5632 80
5633 82
5634 65
5635 101
5636 80
5637 87
5638 79
5639 77
5640 92
5641 85
5642 94
5643 89
5644 88
5645 71
5646 88
5647 85
5648 86
5649 74
5650 71
5651 84
5652 80
5653 99
5654 80
5655 86
5656 87
5657 83
5658 76
5659 97
5660 89
5661 76
5662 92
5663 100
5664 90
5665 85
5666 80
5667 78
5668 72
5669 83
5670 87
5671 83
5672 106
5673 80
5674 80
5675 81
5676 77
5677 78
5678 75
5679 91
5680 95
5681 84
5682 89
5683 98
5684 65
5685 85
5686 84
5687 89
5688 94
5689 98
5690 86
5691 78
5692 94
5693 87
5694 77
5695 80
5696 73
5697 99
5698 75
5699 73
5700 85
5701 72
5702 93
5703 94
5704 77
5705 103
5706 92
5707 84
5708 79
5709 88
5710 95
5711 94
5712 82
5713 86
5714 86
5715 100
5716 85
5717 81
5718 90
5719 76
5720 64
5721 78
5722 95
5723 83
5724 90
5725 104
5726 85
5727 90
5728 93
5729 82
5730 84
5731 79
5732 81
5733 97
5734 85
5735 79
5736 90
5737 93
5738 82
5739 101
5740 119
5741 88
5742 111
5743 89
5744 88
5745 88
5746 89
5747 94
5748 88
5749 73
5750 94
5751 93
5752 84
5753 76
5754 101
5755 95
5756 86
5757 90
5758 88
5759 98
5760 88
5761 71
5762 93
5763 93
5764 96
5765 83
5766 101
5767 94
5768 91
5769 93
5770 98
5771 80
5772 84
5773 92
5774 86
5775 92
5776 110
5777 101
5778 95
5779 98
5780 90
5781 90
5782 103
5783 103
5784 86
5785 121
5786 83
5787 91
5788 83
5789 84
5790 100
5791 97
5792 79
5793 93
5794 81
5795 94
5796 86
5797 85
5798 80
5799 86
5800 87
5801 100
5802 94
5803 86
5804 95
5805 93
5806 98
5807 85
5808 94
5809 84
5810 80
5811 90
5812 91
5813 101
5814 88
5815 92
5816 91
5817 94
5818 109
5819 102
5820 91
5821 89
5822 109
5823 88
5824 100
5825 105
5826 95
5827 98
5828 99
5829 93
5830 96
5831 104
5832 104
5833 78
5834 111
5835 76
5836 93
5837 107
5838 101
5839 83
5840 87
5841 113
5842 95
5843 70
5844 112
5845 97
5846 89
5847 94
5848 98
5849 89
5850 94
5851 96
5852 101
5853 79
5854 73
5855 95
5856 104
5857 95
5858 100
5859 94
5860 95
5861 102
5862 90
5863 86
5864 107
5865 87
5866 109
5867 108
5868 93
5869 104
5870 100
5871 117
5872 124
5873 101
5874 79
5875 102
5876 104
5877 100
5878 89
5879 99
5880 104
5881 110
5882 94
5883 113
5884 99
5885 94
5886 93
5887 86
5888 104
5889 86
5890 77
5891 117
5892 112
5893 104
5894 103
5895 102
5896 93
5897 92
5898 83
5899 106
5900 93
5901 102
5902 97
5903 94
5904 94
5905 112
5906 90
5907 76
5908 99
5909 92
5910 96
5911 96
5912 102
5913 94
5914 77
5915 106
5916 98
5917 100
5918 108
5919 94
5920 103
5921 91
5922 94
5923 95
5924 110
5925 99
5926 96
5927 87
5928 84
5929 103
5930 133
5931 92
5932 90
5933 111
5934 98
5935 80
5936 98
5937 112
5938 104
5939 95
5940 101
5941 95
5942 106
5943 88
5944 109
5945 89
5946 92
5947 105
5948 103
5949 93
5950 105
5951 109
5952 120
5953 96
5954 96
5955 111
5956 94
5957 101
5958 90
5959 102
5960 125
5961 103
5962 99
5963 100
5964 98
5965 94
5966 100
5967 88
5968 86
5969 91
5970 111
5971 78
5972 96
5973 102
5974 99
5975 117
5976 102
5977 89
5978 109
5979 95
5980 103
5981 92
5982 105
5983 112
5984 93
5985 120
5986 100
5987 96
5988 106
5989 83
5990 115
5991 106
5992 100
5993 106
5994 103
5995 94
5996 99
5997 102
5998 103
5999 95
6000 108
6001 104
6002 109
6003 99
6004 91
6005 106
6006 104
6007 92
6008 113
6009 113
6010 108
6011 103
6012 93
6013 108
6014 115
6015 101
6016 101
6017 116
6018 119
6019 100
6020 100
6021 104
6022 118
6023 102
6024 105
6025 94
6026 107
6027 84
6028 95
6029 100
6030 107
6031 112
6032 111
6033 98
6034 97
6035 102
6036 101
6037 126
6038 98
6039 106
6040 96
6041 103
6042 112
6043 110
6044 101
6045 102
6046 102
6047 111
6048 98
6049 109
6050 111
6051 97
6052 116
6053 109
6054 95
6055 102
6056 115
6057 85
6058 124
6059 105
6060 93
6061 86
6062 109
6063 122
6064 112
6065 107
6066 109
6067 110
6068 118
6069 103
6070 111
6071 103
6072 118
6073 99
6074 111
6075 96
6076 100
6077 99
6078 117
6079 116
6080 99
6081 104
6082 130
6083 97
6084 119
6085 101
6086 105
6087 99
6088 106
6089 105
6090 126
6091 97
6092 97
6093 122
6094 123
6095 118
6096 81
6097 102
6098 119
6099 113
6100 110
6101 120
6102 107
6103 100
6104 110
6105 123
6106 107
6107 123
6108 119
6109 112
6110 120
6111 105
6112 103
6113 117
6114 117
6115 119
6116 107
6117 101
6118 116
6119 108
6120 132
6121 120
6122 110
6123 116
6124 130
6125 119
6126 98
6127 130
6128 112
6129 101
6130 100
6131 116
6132 117
6133 112
6134 118
6135 127
6136 122
6137 106
6138 114
6139 115
6140 119
6141 118
6142 117
6143 116
6144 114
6145 113
6146 124
6147 102
6148 127
6149 94
6150 123
6151 113
6152 110
6153 117
6154 115
6155 106
6156 115
6157 148
6158 115
6159 128
6160 123
6161 116
6162 139
6163 124
6164 101
6165 140
6166 126
6167 126
6168 121
6169 98
6170 112
6171 120
6172 100
6173 112
6174 99
6175 126
6176 112
6177 101
6178 126
6179 106
6180 103
6181 144
6182 110
6183 107
6184 121
6185 133
6186 116
6187 111
6188 117
6189 130
6190 111
6191 118
6192 114
6193 113
6194 108
6195 104
6196 123
6197 122
6198 125
6199 117
6200 129
6201 116
6202 120
6203 122
6204 112
6205 123
6206 118
6207 125
6208 108
6209 131
6210 139
6211 111
6212 127
6213 151
6214 130
6215 126
6216 112
6217 121
6218 97
6219 97
6220 128
6221 135
6222 126
6223 107
6224 99
6225 121
6226 125
6227 103
6228 111
6229 119
6230 120
6231 126
6232 138
6233 130
6234 137
6235 122
6236 136
6237 121
6238 130
6239 125
6240 119
6241 115
6242 140
6243 114
6244 140
6245 106
6246 130
6247 106
6248 118
6249 130
6250 115
6251 136
6252 131
6253 134
6254 136
6255 116
6256 133
6257 118
6258 116
6259 116
6260 150
6261 131
6262 120
6263 113
6264 116
6265 102
6266 136
6267 145
6268 121
6269 102
6270 122
6271 116
6272 117
6273 117
6274 110
6275 139
6276 110
6277 126
6278 129
6279 148
6280 121
6281 122
6282 112
6283 126
6284 111
6285 138
6286 127
6287 127
6288 130
6289 118
6290 121
6291 127
6292 123
6293 113
6294 114
6295 129
6296 120
6297 126
6298 122
6299 115
6300 114
6301 135
6302 133
6303 125
6304 123
6305 140
6306 145
6307 100
6308 126
6309 138
6310 132
6311 131
6312 138
6313 132
6314 116
6315 127
6316 102
6317 131
6318 135
6319 112
6320 134
6321 136
6322 131
6323 121
6324 118
6325 113
6326 134
6327 124
6328 122
6329 127
6330 136
6331 113
6332 141
6333 120
6334 123
6335 134
6336 148
6337 115
6338 127
6339 126
6340 111
6341 148
6342 127
6343 125
6344 122
6345 118
6346 124
6347 131
6348 137
6349 131
6350 128
6351 132
6352 141
6353 115
6354 137
6355 133
6356 137
6357 135
6358 113
6359 137
6360 143
6361 132
6362 122
6363 140
6364 118
6365 135
6366 137
6367 134
6368 144
6369 120
6370 118
6371 118
6372 145
6373 128
6374 130
6375 134
6376 136
6377 133
6378 133
6379 142
6380 133
6381 129
6382 153
6383 138
6384 128
6385 123
6386 124
6387 132
6388 138
6389 137
6390 142
6391 130
6392 128
6393 145
6394 147
6395 112
6396 133
6397 134
6398 136
6399 136
6400 126
6401 110
6402 147
6403 135
6404 135
6405 135
6406 133
6407 146
6408 134
6409 151
6410 161
6411 135
6412 127
6413 122
6414 130
6415 119
6416 127
6417 138
6418 138
6419 133
6420 144
6421 133
6422 129
6423 122
6424 158
6425 158
6426 128
6427 127
6428 126
6429 137
6430 118
6431 147
6432 135
6433 144
6434 138
6435 122
6436 147
6437 156
6438 132
6439 137
6440 147
6441 139
6442 159
6443 120
6444 129
6445 136
6446 130
6447 114
6448 130
6449 138
6450 142
6451 162
6452 124
6453 141
6454 142
6455 130
6456 131
6457 146
6458 152
6459 127
6460 132
6461 133
6462 131
6463 121
6464 142
6465 138
6466 169
6467 130
6468 155
6469 128
6470 135
6471 150
6472 160
6473 147
6474 133
6475 130
6476 127
6477 151
6478 142
6479 123
6480 147
6481 150
6482 127
6483 148
6484 156
6485 152
6486 151
6487 135
6488 117
6489 135
6490 116
6491 119
6492 136
6493 137
6494 137
6495 137
6496 119
6497 165
6498 141
6499 127
6500 145
6501 141
6502 149
6503 140
6504 126
6505 126
6506 146
6507 135
6508 149
6509 116
6510 128
6511 143
6512 136
6513 126
6514 151
6515 147
6516 134
6517 140
6518 149
6519 149
6520 148
6521 121
6522 149
6523 142
6524 144
6525 122
6526 118
6527 131
6528 136
6529 142
6530 141
6531 147
6532 156
6533 139
6534 149
6535 133
6536 141
6537 133
6538 133
6539 139
6540 132
6541 152
6542 140
6543 149
6544 144
6545 148
6546 140
6547 150
6548 127
6549 135
6550 146
6551 153
6552 157
6553 121
6554 144
6555 138
6556 144
6557 122
6558 148
6559 141
6560 146
6561 129
6562 134
6563 130
6564 160
6565 131
6566 128
6567 136
6568 131
6569 130
6570 137
6571 156
6572 168
6573 144
6574 142
6575 131
6576 155
6577 134
6578 154
6579 144
6580 143
6581 132
6582 157
6583 159
6584 125
6585 143
6586 143
6587 159
6588 150
6589 137
6590 144
6591 152
6592 136
6593 144
6594 140
6595 132
6596 150
6597 131
6598 138
6599 139
6600 145
6601 143
6602 137
6603 157
6604 157
6605 146
6606 141
6607 136
6608 140
6609 139
6610 144
6611 138
6612 134
6613 144
6614 136
6615 163
6616 144
6617 129
6618 142
6619 144
6620 134
6621 164
6622 138
6623 172
6624 130
6625 147
6626 148
6627 132
6628 138
6629 141
6630 138
6631 139
6632 177
6633 141
6634 147
6635 132
6636 143
6637 153
6638 139
6639 147
6640 141
6641 134
6642 125
6643 138
6644 146
6645 138
6646 167
6647 136
6648 141
6649 154
6650 174
6651 130
6652 176
6653 150
6654 152
6655 149
6656 137
6657 146
6658 123
6659 148
6660 136
6661 150
6662 139
6663 122
6664 118
6665 135
6666 155
6667 139
6668 144
6669 136
6670 127
6671 147
6672 155
6673 154
6674 133
6675 143
6676 120
6677 140
6678 155
6679 127
6680 143
6681 156
6682 124
6683 146
6684 128
6685 143
6686 151
6687 144
6688 137
6689 146
6690 153
6691 140
6692 131
6693 145
6694 148
6695 140
6696 140
6697 156
6698 126
6699 141
6700 150
6701 160
6702 163
6703 164
6704 161
6705 156
6706 143
6707 146
6708 140
6709 160
6710 162
6711 152
6712 165
6713 160
6714 143
6715 126
6716 151
6717 147
6718 171
6719 170
6720 165
6721 165
6722 161
6723 129
6724 145
6725 160
6726 132
6727 121
6728 149
6729 140
6730 148
6731 152
6732 156
6733 139
6734 155
6735 176
6736 155
6737 148
6738 155
6739 157
6740 151
6741 158
6742 137
6743 150
6744 165
6745 160
6746 155
6747 148
6748 146
6749 165
6750 143
6751 140
6752 133
6753 133
6754 155
6755 145
6756 161
6757 158
6758 125
6759 165
6760 166
6761 146
6762 156
6763 148
6764 141
6765 151
6766 178
6767 152
6768 158
6769 167
6770 143
6771 146
6772 159
6773 152
6774 163
6775 138
6776 159
6777 151
6778 146
6779 145
6780 165
6781 165
6782 147
6783 158
6784 145
6785 145
6786 158
6787 157
6788 142
6789 151
6790 140
6791 140
6792 160
6793 155
6794 156
6795 165
6796 141
6797 138
6798 163
6799 152
6800 150
6801 180
6802 149
6803 150
6804 171
6805 163
6806 138
6807 152
6808 169
6809 146
6810 161
6811 175
6812 167
6813 162
6814 139
6815 141
6816 145
6817 152
6818 146
6819 157
6820 166
6821 146
6822 144
6823 170
6824 145
6825 161
6826 157
6827 150
6828 142
6829 167
6830 169
6831 170
6832 161
6833 162
6834 144
6835 149
6836 155
6837 147
6838 147
6839 155
6840 172
6841 156
6842 158
6843 150
6844 154
6845 149
6846 162
6847 167
6848 165
6849 169
6850 145
6851 173
6852 160
6853 157
6854 155
6855 147
6856 148
6857 161
6858 148
6859 152
6860 150
6861 154
6862 153
6863 145
6864 170
6865 156
6866 157
6867 153
6868 169
6869 179
6870 151
6871 149
6872 144
6873 166
6874 158
6875 138
6876 145
6877 161
6878 146
6879 163
6880 134
6881 156
6882 130
6883 144
6884 159
6885 161
6886 163
6887 153
6888 177
6889 135
6890 142
6891 150
6892 151
6893 141
6894 150
6895 135
6896 130
6897 146
6898 156
6899 155
6900 164
6901 131
6902 151
6903 161
6904 159
6905 154
6906 144
6907 142
6908 134
6909 149
6910 144
6911 140
6912 139
6913 134
6914 142
6915 138
6916 137
6917 143
6918 155
6919 168
6920 177
6921 146
6922 137
6923 126
6924 131
6925 128
6926 145
6927 136
6928 140
6929 124
6930 151
6931 147
6932 175
6933 157
6934 118
6935 159
6936 173
6937 142
6938 150
6939 149
6940 157
6941 137
6942 149
6943 160
6944 152
6945 135
6946 126
6947 127
6948 160
6949 139
6950 129
6951 144
6952 139
6953 149
6954 142
6955 135
6956 127
6957 170
6958 149
6959 132
6960 138
6961 154
6962 144
6963 143
6964 156
6965 154
6966 148
6967 152
6968 168
6969 162
6970 134
6971 158
6972 133
6973 155
6974 138
6975 141
6976 124
6977 166
6978 143
6979 134
6980 133
6981 135
6982 160
6983 147
6984 135
6985 143
6986 135
6987 151
6988 127
6989 139
6990 142
6991 142
6992 146
6993 127
6994 157
6995 137
6996 138
6997 121
6998 153
6999 123
7000 144
7001 146
7002 130
7003 123
7004 140
7005 143
7006 147
7007 145
7008 146
7009 126
7010 145
7011 143
7012 136
7013 128
7014 133
7015 149
7016 135
7017 146
7018 145
7019 145
7020 151
7021 138
7022 123
7023 140
7024 121
7025 128
7026 145
7027 144
7028 145
7029 149
7030 139
7031 147
7032 138
7033 118
7034 163
7035 135
7036 133
7037 140
7038 126
7039 138
7040 150
7041 130
7042 156
7043 146
7044 154
7045 148
7046 155
7047 136
7048 133
7049 137
7050 124
7051 159
7052 132
7053 147
7054 121
7055 135
7056 128
7057 130
7058 125
7059 134
7060 139
7061 130
7062 130
7063 131
7064 131
7065 114
7066 134
7067 134
7068 141
7069 138
7070 135
7071 137
7072 123
7073 153
7074 165
7075 136
7076 153
7077 121
7078 132
7079 132
7080 133
7081 135
7082 157
7083 132
7084 135
7085 146
7086 126
7087 134
7088 117
7089 114
7090 141
7091 115
7092 120
7093 122
7094 116
7095 148
7096 123
7097 143
7098 143
7099 142
7100 125
7101 140
7102 129
7103 121
7104 138
7105 154
7106 128
7107 145
7108 129
7109 150
7110 122
7111 137
7112 140
7113 120
7114 119
7115 115
7116 125
7117 142
7118 120
7119 115
7120 159
7121 136
7122 139
7123 148
7124 129
7125 128
7126 147
7127 137
7128 111
7129 135
7130 129
7131 127
7132 125
7133 131
7134 128
7135 132
7136 120
7137 138
7138 126
7139 128
7140 128
7141 124
7142 128
7143 141
7144 135
7145 128
7146 120
7147 129
7148 123
7149 155
7150 138
7151 115
7152 119
7153 127
7154 129
7155 129
7156 112
7157 139
7158 135
7159 139
7160 99
7161 124
7162 118
7163 116
7164 122
7165 108
7166 126
7167 128
7168 151
7169 123
7170 121
7171 120
7172 140
7173 131
7174 120
7175 96
7176 102
7177 136
7178 115
7179 128
7180 127
7181 125
7182 121
7183 116
7184 112
7185 128
7186 115
7187 116
7188 119
7189 134
7190 104
7191 132
7192 126
7193 125
7194 121
7195 140
7196 105
7197 111
7198 121
7199 120
7200 141
7201 119
7202 130
7203 134
7204 117
7205 110
7206 122
7207 145
7208 121
7209 123
7210 122
7211 114
7212 120
7213 115
7214 111
7215 113
7216 119
7217 121
7218 129
7219 120
7220 132
7221 136
7222 116
7223 99
7224 113
7225 119
7226 129
7227 114
7228 116
7229 125
7230 126
7231 119
7232 121
7233 117
7234 134
7235 103
7236 117
7237 105
7238 120
7239 124
7240 110
7241 116
7242 109
7243 103
7244 117
7245 92
7246 102
7247 117
7248 117
7249 106
7250 117
7251 105
7252 114
7253 102
7254 125
7255 128
7256 118
7257 125
7258 120
7259 126
7260 115
7261 104
7262 108
7263 105
7264 126
7265 108
7266 102
7267 104
7268 113
7269 116
7270 104
7271 116
7272 128
7273 131
7274 110
7275 131
7276 123
7277 117
7278 117
7279 92
7280 107
7281 113
7282 129
7283 96
7284 129
7285 94
7286 117
7287 126
7288 118
7289 118
7290 119
7291 117
7292 101
7293 118
7294 128
7295 102
7296 113
7297 98
7298 111
7299 120
7300 113
7301 118
7302 99
7303 108
7304 107
7305 124
7306 120
7307 123
7308 114
7309 108
7310 98
7311 100
7312 124
7313 123
7314 119
7315 84
7316 90
7317 91
7318 98
7319 107
7320 101
7321 120
7322 120
7323 134
7324 112
7325 111
7326 130
7327 116
7328 104
7329 100
7330 98
7331 107
7332 113
7333 112
7334 111
7335 111
7336 120
7337 114
7338 110
7339 115
7340 92
7341 118
7342 102
7343 95
7344 117
7345 89
7346 98
7347 123
7348 100
7349 78
7350 115
7351 109
7352 109
7353 109
7354 99
7355 107
7356 95
7357 93
7358 90
7359 119
7360 115
7361 102
7362 92
7363 113
7364 97
7365 80
7366 102
7367 79
7368 102
7369 114
7370 102
7371 109
7372 107
7373 89
7374 98
7375 91
7376 108
7377 107
7378 105
7379 94
7380 92
7381 96
7382 98
7383 108
7384 117
7385 84
7386 121
7387 94
7388 114
7389 104
7390 109
7391 90
7392 114
7393 99
7394 119
7395 103
7396 104
7397 125
7398 102
7399 95
7400 117
7401 91
7402 113
7403 107
7404 106
7405 99
7406 88
7407 95
7408 104
7409 106
7410 97
7411 99
7412 101
7413 112
7414 89
7415 92
7416 85
7417 87
7418 101
7419 106
7420 105
7421 96
7422 99
7423 95
7424 93
7425 96
7426 103
7427 89
7428 115
7429 96
7430 101
7431 92
7432 90
7433 108
7434 92
7435 87
7436 109
7437 90
7438 102
7439 118
7440 79
7441 97
7442 99
7443 104
7444 103
7445 104
7446 95
7447 89
7448 95
7449 100
7450 109
7451 103
7452 102
7453 102
7454 110
7455 78
7456 86
7457 107
7458 109
7459 91
7460 91
7461 96
7462 98
7463 103
7464 86
7465 91
7466 106
7467 90
7468 82
7469 123
7470 117
7471 104
7472 100
7473 82
7474 82
7475 76
7476 104
7477 90
7478 97
7479 103
7480 106
7481 93
7482 96
7483 95
7484 99
7485 95
7486 95
7487 112
7488 91
7489 94
7490 74
7491 92
7492 108
7493 93
7494 107
7495 98
7496 90
7497 95
7498 80
7499 92
7500 78
7501 101
7502 92
7503 109
7504 86
7505 96
7506 87
7507 95
7508 78
7509 101
7510 86
7511 95
7512 89
7513 106
7514 90
7515 97
7516 85
7517 113
7518 106
7519 73
7520 95
7521 97
7522 91
7523 101
7524 90
7525 100
7526 83
7527 98
7528 88
7529 77
7530 99
7531 99
7532 98
7533 91
7534 100
7535 82
7536 80
7537 89
7538 94
7539 93
7540 92
7541 94
7542 80
7543 88
7544 77
7545 94
7546 92
7547 82
7548 78
7549 90
7550 108
7551 82
7552 72
7553 96
7554 89
7555 102
7556 85
7557 102
7558 97
7559 80
7560 89
7561 80
7562 91
7563 97
7564 67
7565 80
7566 96
7567 92
7568 80
7569 87
7570 96
7571 71
7572 89
7573 107
7574 102
7575 95
7576 83
7577 69
7578 86
7579 67
7580 93
7581 95
7582 82
7583 88
7584 87
7585 99
7586 88
7587 80
7588 72
7589 99
7590 81
7591 98
7592 87
7593 105
7594 91
7595 72
7596 73
7597 86
7598 82
7599 94
7600 104
7601 81
7602 86
7603 87
7604 81
7605 88
7606 77
7607 102
7608 83
7609 83
7610 79
7611 84
7612 78
7613 80
7614 85
7615 82
7616 80
7617 92
7618 74
7619 85
7620 70
7621 85
7622 98
7623 81
7624 85
7625 91
7626 76
7627 89
7628 80
7629 75
7630 92
7631 71
7632 82
7633 90
7634 91
7635 89
7636 89
7637 88
7638 72
7639 84
7640 97
7641 95
7642 90
7643 87
7644 71
7645 85
7646 90
7647 79
7648 105
7649 84
7650 72
7651 83
7652 75
7653 72
7654 70
7655 84
7656 80
7657 87
7658 82
7659 72
7660 82
7661 86
7662 93
7663 76
7664 75
7665 80
7666 71
7667 80
7668 97
7669 87
7670 75
7671 76
7672 91
7673 88
7674 77
7675 75
7676 80
7677 64
7678 71
7679 67
7680 74
7681 68
7682 67
7683 88
7684 77
7685 65
7686 71
7687 90
7688 86
7689 93
7690 77
7691 85
7692 61
7693 71
7694 77
7695 73
7696 88
7697 74
7698 85
7699 78
7700 69
7701 68
7702 69
7703 75
7704 71
7705 68
7706 57
7707 63
7708 83
7709 96
7710 71
7711 81
7712 88
7713 57
7714 71
7715 76
7716 84
7717 81
7718 72
7719 64
7720 65
7721 65
7722 68
7723 64
7724 64
7725 75
7726 79
7727 64
7728 93
7729 67
7730 72
7731 72
7732 65
7733 76
7734 88
7735 78
7736 65
7737 86
7738 73
7739 63
7740 73
7741 89
7742 71
7743 68
7744 78
7745 58
7746 65
7747 75
7748 77
7749 72
7750 69
7751 77
7752 63
7753 76
7754 82
7755 65
7756 78
7757 64
7758 63
7759 69
7760 52
7761 73
7762 75
7763 73
7764 71
7765 75
7766 48
7767 64
7768 66
7769 65
7770 70
7771 61
7772 78
7773 61
7774 70
7775 75
7776 79
7777 61
7778 83
7779 79
7780 73
7781 87
7782 75
7783 76
7784 69
7785 70
7786 59
7787 65
7788 69
7789 63
7790 64
7791 70
7792 74
7793 72
7794 72
7795 68
7796 65
7797 74
7798 64
7799 89
7800 74
7801 61
7802 66
7803 68
7804 50
7805 66
7806 74
7807 68
7808 68
7809 57
7810 70
7811 78
7812 63
7813 62
7814 62
7815 70
7816 63
7817 65
7818 64
7819 73
7820 75
7821 83
7822 60
7823 67
7824 67
7825 70
7826 77
7827 73
7828 81
7829 69
7830 72
7831 66
7832 57
7833 61
7834 68
7835 71
7836 85
7837 69
7838 57
7839 76
7840 68
7841 62
7842 60
7843 60
7844 56
7845 60
7846 69
7847 42
7848 71
7849 59
7850 61
7851 60
7852 78
7853 55
7854 65
7855 59
7856 55
7857 71
7858 64
7859 70
7860 55
7861 73
7862 59
7863 61
7864 49
7865 61
7866 65
7867 57
7868 65
7869 65
7870 61
7871 45
7872 67
7873 66
7874 63
7875 68
7876 73
7877 63
7878 68
7879 66
7880 59
7881 65
7882 48
7883 66
7884 63
7885 58
7886 57
7887 61
7888 60
7889 69
7890 72
7891 66
7892 57
7893 59
7894 48
7895 57
7896 65
7897 59
7898 55
7899 53
7900 60
7901 66
7902 60
7903 61
7904 70
7905 50
7906 47
7907 52
7908 57
7909 81
7910 57
7911 57
7912 58
7913 59
7914 61
7915 66
7916 44
7917 69
7918 45
7919 63
7920 60
7921 63
7922 55
7923 64
7924 63
7925 62
7926 77
7927 69
7928 57
7929 42
7930 58
7931 62
7932 64
7933 54
7934 58
7935 48
7936 55
7937 55
7938 46
7939 59
7940 69
7941 48
7942 62
7943 60
7944 58
7945 66
7946 57
7947 64
7948 58
7949 49
7950 60
7951 48
7952 43
7953 62
7954 49
7955 53
7956 59
7957 56
7958 64
7959 51
7960 51
7961 57
7962 53
7963 55
7964 63
7965 57
7966 78
7967 59
7968 58
7969 61
7970 59
7971 48
7972 55
7973 49
7974 47
7975 59
7976 52
7977 59
7978 48
7979 57
7980 52
7981 72
7982 63
7983 45
7984 53
7985 44
7986 52
7987 60
7988 63
7989 55
7990 45
7991 48
7992 55
7993 49
7994 55
7995 62
7996 66
7997 53
7998 53
7999 47
8000 58
8001 59
8002 46
8003 64
8004 48
8005 58
8006 47
8007 47
8008 48
8009 46
8010 52
8011 45
8012 41
8013 57
8014 57
8015 44
8016 48
8017 52
8018 58
8019 56
8020 60
8021 59
8022 42
8023 45
8024 44
8025 62
8026 60
8027 50
8028 63
8029 57
8030 47
8031 44
8032 59
8033 43
8034 47
8035 55
8036 58
8037 52
8038 49
8039 37
8040 45
8041 59
8042 53
8043 61
8044 67
8045 56
8046 48
8047 55
8048 46
8049 56
8050 43
8051 42
8052 49
8053 43
8054 51
8055 34
8056 41
8057 52
8058 49
8059 61
8060 53
8061 60
8062 47
8063 44
8064 58
8065 47
8066 51
8067 41
8068 47
8069 45
8070 56
8071 52
8072 52
8073 43
8074 59
8075 56
8076 49
8077 48
8078 56
8079 41
8080 51
8081 51
8082 55
8083 47
8084 50
8085 44
8086 46
8087 38
8088 51
8089 47
8090 39
8091 42
8092 58
8093 48
8094 45
8095 55
8096 46
8097 50
8098 50
8099 40
8100 57
8101 48
8102 42
8103 43
8104 39
8105 48
8106 46
8107 42
8108 26
8109 37
8110 37
8111 39
8112 50
8113 46
8114 53
8115 43
8116 43
8117 44
8118 42
8119 50
8120 29
8121 44
8122 46
8123 50
8124 40
8125 35
8126 39
8127 43
8128 33
8129 49
8130 41
8131 29
8132 31
8133 51
8134 46
8135 45
8136 41
8137 48
8138 43
8139 35
8140 43
8141 42
8142 34
8143 39
8144 42
8145 45
8146 43
8147 51
8148 42
8149 44
8150 41
8151 42
8152 32
8153 37
8154 44
8155 40
8156 49
8157 42
8158 50
8159 47
8160 48
8161 24
8162 46
8163 37
8164 41
8165 49
8166 46
8167 35
8168 44
8169 33
8170 40
8171 43
8172 53
8173 45
8174 41
8175 44
8176 29
8177 31
8178 45
8179 39
8180 37
8181 49
8182 45
8183 40
8184 32
8185 38
8186 41
8187 50
8188 34
8189 36
8190 32
8191 37
8192 34
8193 33
8194 39
8195 25
8196 36
8197 35
8198 33
8199 55
8200 39
8201 33
8202 37
8203 51
8204 41
8205 43
8206 40
8207 31
8208 43
8209 29
8210 37
8211 32
8212 38
8213 57
8214 34
8215 31
8216 43
8217 36
8218 38
8219 38
8220 40
8221 40
8222 33
8223 33
8224 38
8225 40
8226 42
8227 45
8228 36
8229 36
8230 40
8231 40
8232 37
8233 42
8234 30
8235 48
8236 34
8237 53
8238 42
8239 35
8240 36
8241 41
8242 43
8243 42
8244 31
8245 38
8246 38
8247 32
8248 41
8249 45
8250 34
8251 35
8252 45
8253 35
8254 46
8255 41
8256 30
8257 45
8258 43
8259 41
8260 28
8261 34
8262 39
8263 36
8264 44
8265 47
8266 43
8267 29
8268 40
8269 37
8270 34
8271 22
8272 34
8273 28
8274 41
8275 37
8276 38
8277 31
8278 46
8279 41
8280 33
8281 38
8282 41
8283 44
8284 32
8285 44
8286 44
8287 30
8288 37
8289 51
8290 49
8291 32
8292 42
8293 29
8294 38
8295 40
8296 38
8297 27
8298 35
8299 46
8300 27
8301 27
8302 46
8303 33
8304 27
8305 32
8306 37
8307 39
8308 30
8309 35
8310 32
8311 36
8312 31
8313 40
8314 26
8315 28
8316 37
8317 38
8318 27
8319 33
8320 33
8321 39
8322 38
8323 29
8324 40
8325 35
8326 38
8327 34
8328 34
8329 36
8330 25
8331 38
8332 42
8333 24
8334 41
8335 32
8336 36
8337 40
8338 30
8339 37
8340 33
8341 36
8342 26
8343 30
8344 30
8345 35
8346 31
8347 24
8348 33
8349 29
8350 33
8351 45
8352 39
8353 38
8354 38
8355 36
8356 37
8357 37
8358 34
8359 30
8360 44
8361 39
8362 38
8363 44
8364 28
8365 38
8366 23
8367 20
8368 33
8369 24
8370 31
8371 32
8372 30
8373 44
8374 29
8375 34
8376 33
8377 40
8378 32
8379 27
8380 37
8381 28
8382 22
8383 27
8384 30
8385 25
8386 32
8387 33
8388 32
8389 32
8390 35
8391 30
8392 34
8393 34
8394 37
8395 27
8396 36
8397 35
8398 25
8399 43
8400 31
8401 27
8402 40
8403 30
8404 28
8405 35
8406 34
8407 26
8408 23
8409 27
8410 22
8411 35
8412 30
8413 29
8414 34
8415 25
8416 31
8417 23
8418 40
8419 30
8420 31
8421 27
8422 34
8423 37
8424 36
8425 42
8426 27
8427 23
8428 30
8429 23
8430 28
8431 26
8432 33
8433 30
8434 24
8435 31
8436 48
8437 17
8438 26
8439 30
8440 27
8441 17
8442 30
8443 35
8444 38
8445 25
8446 28
8447 25
8448 22
8449 24
8450 38
8451 35
8452 33
8453 43
8454 31
8455 32
8456 37
8457 32
8458 36
8459 26
8460 32
8461 25
8462 31
8463 29
8464 32
8465 33
8466 18
8467 24
8468 27
8469 38
8470 38
8471 20
8472 24
8473 37
8474 30
8475 24
8476 31
8477 36
8478 28
8479 26
8480 26
8481 29
8482 30
8483 31
8484 32
8485 26
8486 30
8487 35
8488 21
8489 27
8490 33
8491 35
8492 15
8493 37
8494 28
8495 30
8496 25
8497 31
8498 25
8499 25
8500 26
8501 19
8502 32
8503 26
8504 25
8505 24
8506 23
8507 39
8508 25
8509 28
8510 23
8511 29
8512 40
8513 28
8514 31
8515 33
8516 30
8517 20
8518 17
8519 37
8520 30
8521 21
8522 18
8523 26
8524 25
8525 29
8526 28
8527 21
8528 27
8529 20
8530 27
8531 22
8532 25
8533 25
8534 28
8535 27
8536 39
8537 32
8538 34
8539 31
8540 17
8541 23
8542 37
8543 32
8544 41
8545 26
8546 27
8547 26
8548 29
8549 36
8550 22
8551 40
8552 31
8553 26
8554 30
8555 35
8556 31
8557 24
8558 33
8559 27
8560 19
8561 26
8562 26
8563 20
8564 28
8565 33
8566 23
8567 25
8568 31
8569 21
8570 21
8571 31
8572 25
8573 26
8574 21
8575 22
8576 22
8577 24
8578 26
8579 20
8580 29
8581 23
8582 31
8583 33
8584 20
8585 24
8586 22
8587 26
8588 28
8589 23
8590 30
8591 22
8592 20
8593 38
8594 26
8595 24
8596 26
8597 26
8598 28
8599 12
8600 30
8601 37
8602 22
8603 24
8604 27
8605 23
8606 25
8607 29
8608 24
8609 23
8610 28
8611 22
8612 25
8613 34
8614 30
8615 29
8616 24
8617 30
8618 24
8619 34
8620 37
8621 20
8622 32
8623 23
8624 20
8625 25
8626 24
8627 21
8628 25
8629 19
8630 29
8631 25
8632 18
8633 35
8634 17
8635 22
8636 31
8637 29
8638 20
8639 31
8640 24
8641 21
8642 21
8643 29
8644 28
8645 21
8646 29
8647 24
8648 23
8649 29
8650 18
8651 29
8652 26
8653 34
8654 31
8655 28
8656 15
8657 31
8658 23
8659 25
8660 20
8661 26
8662 33
8663 22
8664 28
8665 26
8666 25
8667 19
8668 23
8669 25
8670 28
8671 28
8672 28
8673 17
8674 26
8675 20
8676 31
8677 34
8678 17
8679 32
8680 28
8681 28
8682 28
8683 29
8684 27
8685 28
8686 18
8687 15
8688 31
8689 17
8690 21
8691 21
8692 22
8693 23
8694 20
8695 17
8696 28
8697 21
8698 15
8699 25
8700 27
8701 23
8702 31
8703 28
8704 13
8705 28
8706 21
8707 29
8708 23
8709 31
8710 23
8711 29
8712 20
8713 23
8714 19
8715 22
8716 22
8717 22
8718 41
8719 26
8720 21
8721 23
8722 20
8723 24
8724 24
8725 27
8726 22
8727 25
8728 26
8729 21
8730 23
8731 28
8732 18
8733 35
8734 21
8735 21
8736 24
8737 15
8738 21
8739 28
8740 26
8741 27
8742 20
8743 17
8744 25
8745 20
8746 21
8747 16
8748 25
8749 26
8750 19
8751 20
8752 21
8753 36
8754 26
8755 24
8756 24
8757 16
8758 25
8759 22
8760 17
8761 27
8762 20
8763 22
8764 18
8765 32
8766 15
8767 22
8768 20
8769 19
8770 21
8771 13
8772 27
8773 25
8774 20
8775 18
8776 18
8777 22
8778 25
8779 30
8780 25
8781 22
8782 25
8783 33
8784 28
8785 22
8786 23
8787 23
8788 21
8789 29
8790 21
8791 26
8792 20
8793 27
8794 24
8795 19
8796 18
8797 30
8798 21
8799 23
8800 23
8801 18
8802 21
8803 16
8804 26
8805 30
8806 27
8807 25
8808 28
8809 21
8810 27
8811 24
8812 23
8813 20
8814 29
8815 21
8816 33
8817 26
8818 28
8819 24
8820 20
8821 20
8822 26
8823 23
8824 18
8825 22
8826 27
8827 25
8828 32
8829 22
8830 20
8831 17
8832 25
8833 23
8834 28
8835 20
8836 22
8837 23
8838 21
8839 27
8840 30
8841 22
8842 24
8843 24
8844 19
8845 18
8846 16
8847 28
8848 16
8849 23
8850 26
8851 21
8852 29
8853 24
8854 24
8855 21
8856 27
8857 28
8858 26
8859 22
8860 22
8861 27
8862 13
8863 25
8864 21
8865 30
8866 15
8867 19
8868 18
8869 22
8870 23
8871 19
8872 18
8873 22
8874 29
8875 24
8876 32
8877 21
8878 21
8879 18
8880 22
8881 15
8882 20
8883 20
8884 24
8885 17
8886 15
8887 22
8888 16
8889 16
8890 28
8891 24
8892 31
8893 16
8894 24
8895 24
8896 21
8897 29
8898 15
8899 18
8900 25
8901 21
8902 21
8903 18
8904 20
8905 17
8906 20
8907 17
8908 26
8909 28
8910 18
8911 20
8912 33
8913 17
8914 18
8915 13
8916 15
8917 22
8918 22
8919 23
8920 24
8921 25
8922 25
8923 20
8924 15
8925 14
8926 31
8927 20
8928 16
8929 19
8930 16
8931 21
8932 23
8933 19
8934 23
8935 19
8936 24
8937 25
8938 22
8939 21
8940 23
8941 16
8942 22
8943 23
8944 20
8945 26
8946 24
8947 17
8948 21
8949 21
8950 14
8951 18
8952 19
8953 25
8954 21
8955 22
8956 23
8957 23
8958 28
8959 26
8960 26
8961 18
8962 20
8963 20
8964 31
8965 23
8966 20
8967 15
8968 24
8969 18
8970 22
8971 20
8972 18
8973 21
8974 20
8975 20
8976 27
8977 22
8978 21
8979 17
8980 19
8981 24
8982 25
8983 19
8984 21
8985 26
8986 17
8987 29
8988 30
8989 19
8990 23
8991 24
8992 19
8993 24
8994 15
8995 19
8996 25
8997 12
8998 13
8999 20
9000 22
9001 20
9002 17
9003 18
9004 28
9005 25
9006 23
9007 17
9008 19
9009 22
9010 19
9011 21
9012 24
9013 24
9014 15
9015 21
9016 22
9017 17
9018 16
9019 16
9020 24
9021 19
9022 23
9023 14
9024 17
9025 22
9026 21
9027 20
9028 17
9029 28
9030 21
9031 30
9032 26
9033 19
9034 20
9035 23
9036 28
9037 23
9038 20
9039 17
9040 19
9041 20
9042 17
9043 20
9044 23
9045 23
9046 21
9047 16
9048 31
9049 19
9050 20
9051 17
9052 18
9053 22
9054 31
9055 16
9056 35
9057 22
9058 22
9059 22
9060 20
9061 13
9062 20
9063 19
9064 19
9065 16
9066 22
9067 22
9068 26
9069 19
9070 20
9071 18
9072 16
9073 25
9074 21
9075 22
9076 20
9077 12
9078 19
9079 23
9080 16
9081 14
9082 23
9083 22
9084 30
9085 23
9086 29
9087 15
9088 23
9089 15
9090 23
9091 18
9092 32
9093 21
9094 16
9095 19
9096 20
9097 23
9098 21
9099 16
9100 21
9101 23
9102 22
9103 21
9104 14
9105 17
9106 11
9107 17
9108 18
9109 15
9110 19
9111 28
9112 10
9113 19
9114 21
9115 13
9116 22
9117 21
9118 27
9119 16
9120 32
9121 20
9122 22
9123 29
9124 21
9125 13
9126 13
9127 20
9128 18
9129 19
9130 20
9131 26
9132 23
9133 29
9134 23
9135 19
9136 24
9137 12
9138 23
9139 23
9140 21
9141 21
9142 21
9143 18
9144 17
9145 19
9146 21
9147 22
9148 23
9149 22
9150 20
9151 19
9152 19
9153 23
9154 26
9155 20
9156 25
9157 22
9158 14
9159 25
9160 23
9161 14
9162 19
9163 15
9164 23
9165 17
9166 19
9167 11
9168 19
9169 15
9170 18
9171 23
9172 24
9173 22
9174 19
9175 19
9176 19
9177 24
9178 17
9179 19
9180 21
9181 20
9182 14
9183 12
9184 12
9185 20
9186 18
9187 17
9188 24
9189 16
9190 24
9191 21
9192 27
9193 16
9194 21
9195 19
9196 15
9197 16
9198 16
9199 15
9200 15
9201 21
9202 20
9203 13
9204 25
9205 17
9206 21
9207 23
9208 22
9209 20
9210 17
9211 26
9212 24
9213 19
9214 19
9215 21
9216 12
9217 18
9218 16
9219 19
9220 19
9221 18
9222 24
9223 12
9224 25
9225 13
9226 11
9227 15
9228 16
9229 15
9230 20
9231 19
9232 15
9233 20
9234 28
9235 21
9236 10
9237 16
9238 17
9239 14
9240 21
9241 14
9242 17
9243 17
9244 17
9245 22
9246 15
9247 22
9248 17
9249 17
9250 16
9251 14
9252 17
9253 20
9254 26
9255 17
9256 8
9257 22
9258 16
9259 14
9260 15
9261 11
9262 22
9263 10
9264 18
9265 19
9266 17
9267 12
9268 13
9269 19
9270 13
9271 14
9272 15
9273 21
9274 22
9275 17
9276 16
9277 14
9278 17
9279 12
9280 26
9281 9
9282 13
9283 24
9284 29
9285 15
9286 24
9287 14
9288 26
9289 23
9290 18
9291 14
9292 21
9293 17
9294 20
9295 14
9296 19
9297 17
9298 15
9299 29
9300 22
9301 11
9302 17
9303 23
9304 19
9305 22
9306 15
9307 15
9308 15
9309 21
9310 18
9311 12
9312 20
9313 16
9314 23
9315 16
9316 19
9317 17
9318 26
9319 17
9320 18
9321 18
9322 13
9323 16
9324 14
9325 18
9326 16
9327 15
9328 17
9329 17
9330 18
9331 18
9332 27
9333 9
9334 19
9335 11
9336 20
9337 10
9338 18
9339 27
9340 18
9341 14
9342 15
9343 28
9344 16
9345 12
9346 17
9347 20
9348 22
9349 17
9350 17
9351 17
9352 18
9353 14
9354 21
9355 15
9356 13
9357 20
9358 15
9359 13
9360 23
9361 17
9362 16
9363 13
9364 16
9365 30
9366 13
9367 20
9368 21
9369 27
9370 15
9371 20
9372 16
9373 15
9374 16
9375 17
9376 17
9377 16
9378 19
9379 16
9380 12
9381 12
9382 13
9383 17
9384 18
9385 16
9386 18
9387 9
9388 14
9389 10
9390 22
9391 23
9392 19
9393 12
9394 15
9395 14
9396 26
9397 17
9398 17
9399 14
9400 14
9401 19
9402 18
9403 16
9404 16
9405 14
9406 14
9407 17
9408 17
9409 24
9410 11
9411 24
9412 8
9413 23
9414 18
9415 16
9416 18
9417 12
9418 11
9419 15
9420 22
9421 16
9422 20
9423 15
9424 8
9425 14
9426 22
9427 20
9428 13
9429 20
9430 17
9431 13
9432 21
9433 24
9434 19
9435 29
9436 10
9437 25
9438 17
9439 11
9440 22
9441 21
9442 15
9443 16
9444 12
9445 21
9446 12
9447 18
9448 20
9449 13
9450 20
9451 24
9452 15
9453 18
9454 13
9455 20
9456 20
9457 15
9458 15
9459 21
9460 18
9461 25
9462 17
9463 19
9464 15
9465 25
9466 26
9467 16
9468 25
9469 17
9470 20
9471 22
9472 15
9473 16
9474 17
9475 18
9476 16
9477 22
9478 17
9479 17
9480 11
9481 22
9482 17
9483 17
9484 20
9485 20
9486 19
9487 11
9488 12
9489 23
9490 17
9491 17
9492 18
9493 18
9494 19
9495 16
9496 23
9497 16
9498 23
9499 18
9500 20
9501 23
9502 23
9503 20
9504 19
9505 19
9506 14
9507 18
9508 15
9509 12
9510 24
9511 17
9512 18
9513 24
9514 17
9515 25
9516 15
9517 16
9518 19
9519 20
9520 16
9521 24
9522 13
9523 22
9524 17
9525 15
9526 17
9527 11
9528 24
9529 15
9530 19
9531 16
9532 15
9533 22
9534 14
9535 8
9536 16
9537 18
9538 17
9539 19
9540 24
9541 19
9542 18
9543 19
9544 17
9545 15
9546 17
9547 27
9548 17
9549 18
9550 12
9551 15
9552 11
9553 27
9554 15
9555 16
9556 18
9557 14
9558 16
9559 23
9560 25
9561 15
9562 13
9563 23
9564 18
9565 20
9566 22
9567 21
9568 13
9569 12
9570 19
9571 16
9572 14
9573 21
9574 19
9575 13
9576 19
9577 19
9578 16
9579 20
9580 15
9581 22
9582 15
9583 19
9584 15
9585 14
9586 20
9587 17
9588 17
9589 22
9590 23
9591 19
9592 15
9593 17
9594 21
9595 18
9596 26
9597 19
9598 15
9599 19
9600 16
9601 14
9602 20
9603 23
9604 17
9605 20
9606 19
9607 18
9608 13
9609 16
9610 23
9611 20
9612 14
9613 14
9614 15
9615 18
9616 10
9617 21
9618 19
9619 18
9620 23
9621 17
9622 15
9623 16
9624 19
9625 12
9626 11
9627 13
9628 16
9629 18
9630 21
9631 14
9632 13
9633 17
9634 16
9635 16
9636 23
9637 22
9638 31
9639 9
9640 18
9641 22
9642 12
9643 19
9644 15
9645 18
9646 22
9647 20
9648 31
9649 18
9650 18
9651 15
9652 20
9653 21
9654 13
9655 27
9656 17
9657 19
9658 21
9659 18
9660 21
9661 17
9662 12
9663 23
9664 14
9665 14
9666 18
9667 19
9668 24
9669 16
9670 22
9671 7
9672 16
9673 19
9674 10
9675 17
9676 24
9677 16
9678 17
9679 15
9680 21
9681 29
9682 16
9683 23
9684 22
9685 23
9686 14
9687 16
9688 13
9689 17
9690 16
9691 19
9692 17
9693 20
9694 25
9695 17
9696 20
9697 13
9698 22
9699 22
9700 18
9701 10
9702 23
9703 16
9704 19
9705 18
9706 23
9707 12
9708 23
9709 11
9710 18
9711 20
9712 21
9713 21
9714 21
9715 13
9716 13
9717 16
9718 17
9719 20
9720 14
9721 20
9722 18
9723 16
9724 12
9725 6
9726 22
9727 12
9728 17
9729 18
9730 17
9731 24
9732 20
9733 17
9734 16
9735 15
9736 18
9737 19
9738 16
9739 14
9740 12
9741 15
9742 19
9743 15
9744 19
9745 15
9746 21
9747 21
9748 15
9749 16
9750 15
9751 22
9752 14
9753 18
9754 17
9755 9
9756 10
9757 14
9758 19
9759 13
9760 19
9761 16
9762 30
9763 10
9764 20
9765 18
9766 17
9767 25
9768 14
9769 18
9770 16
9771 15
9772 23
9773 10
9774 22
9775 21
9776 17
9777 18
9778 22
9779 11
9780 10
9781 17
9782 21
9783 20
9784 15
9785 15
9786 19
9787 20
9788 23
9789 19
9790 13
9791 21
9792 13
9793 19
9794 23
9795 16
9796 17
9797 13
9798 15
9799 8
9800 13
9801 20
9802 14
9803 16
9804 16
9805 13
9806 21
9807 16
9808 10
9809 16
9810 22
9811 20
9812 12
9813 19
9814 14
9815 15
9816 15
9817 20
9818 12
9819 14
9820 22
9821 13
9822 21
9823 24
9824 12
9825 15
9826 19
9827 16
9828 14
9829 14
9830 14
9831 23
9832 21
9833 15
9834 19
9835 11
9836 17
9837 16
9838 24
9839 15
9840 13
9841 11
9842 21
9843 19
9844 15
9845 11
9846 15
9847 11
9848 17
9849 15
9850 22
9851 17
9852 17
9853 16
9854 15
9855 9
9856 15
9857 19
9858 16
9859 22
9860 10
9861 15
9862 16
9863 22
9864 18
9865 15
9866 17
9867 25
9868 17
9869 21
9870 20
9871 21
9872 23
9873 19
9874 13
9875 17
9876 18
9877 21
9878 18
9879 18
9880 17
9881 18
9882 14
9883 19
9884 15
9885 15
9886 20
9887 22
9888 19
9889 15
9890 12
9891 18
9892 17
9893 25
9894 18
9895 19
9896 19
9897 15
9898 15
9899 21
9900 17
9901 23
9902 9
9903 13
9904 16
9905 16
9906 19
9907 15
9908 12
9909 11
9910 25
9911 19
9912 19
9913 22
9914 21
9915 17
9916 15
9917 23
9918 18
9919 17
9920 19
9921 19
9922 9
9923 9
9924 20
9925 21
9926 13
9927 16
9928 13
9929 25
9930 15
9931 17
9932 18
9933 16
9934 12
9935 15
9936 16
9937 19
9938 11
9939 13
9940 20
9941 12
9942 16
9943 15
9944 20
9945 13
9946 11
9947 15
9948 25
9949 18
9950 17
9951 9
9952 21
9953 20
9954 22
9955 13
9956 17
9957 12
9958 12
9959 12
9960 17
9961 16
9962 25
9963 22
9964 13
9965 15
9966 11
9967 13
9968 13
9969 21
9970 13
9971 18
9972 11
9973 27
9974 18
9975 19
9976 17
9977 15
9978 11
9979 10
9980 24
9981 26
9982 19
9983 14
9984 10
9985 20
9986 8
9987 21
9988 10
9989 16
9990 12
9991 11
9992 18
9993 18
9994 24
9995 18
9996 9
9997 18
9998 11
9999 17
10000 18
10001 134490
