2 123481954
3 76228972
4 46010007
5 28396837
6 18393340
7 12705826
8 9511650
9 7784063
10 6927584
11 6545857
12 6411245
13 6381291
14 6357437
15 6318518
16 6280412
17 6258573
18 6302620
19 6421972
20 6636071
21 6947743
22 7310672
23 7711028
24 8089916
25 8408827
26 8625873
27 8721034
28 8680612
29 8488328
30 8189401
31 7792535
32 7315212
33 6791735
34 6263400
35 5739041
36 5249060
37 4800744
38 4405019
39 4061190
40 3775888
41 3549401
42 3359281
43 3217328
44 3111039
45 3028490
46 2971966
47 2929876
48 2900691
49 2877401
50 2854062
51 2835853
52 2809613
53 2781502
54 2748374
55 2706546
56 2659203
57 2600734
58 2538766
59 2467402
60 2395799
61 2317968
62 2240075
63 2162065
64 2085369
65 2014055
66 1943486
67 1878740
68 1812818
69 1757980
70 1705401
71 1657117
72 1612880
73 1574508
74 1537728
75 1505984
76 1473796
77 1450659
78 1423299
79 1396791
80 1372717
81 1350624
82 1325963
83 1304171
84 1276740
85 1253067
86 1229413
87 1206470
88 1180807
89 1154137
90 1132233
91 1105685
92 1081392
93 1058662
94 1038231
95 1013865
96 994213
97 972846
98 952425
99 934543
100 914814
101 901795
102 882860
103 867518
104 851079
105 836378
106 822064
107 806983
108 795115
109 781212
110 770028
111 758094
112 743738
113 731229
114 719154
115 708370
116 696181
117 682861
118 673080
119 662776
120 649003
121 640543
122 628985
123 620079
124 609605
125 599386
126 590421
127 581346
128 571635
129 563735
130 554139
131 545939
132 538247
133 529750
134 522402
135 514923
136 505829
137 499594
138 492167
139 485380
140 478604
141 471522
142 465994
143 457731
144 451927
145 445454
146 439496
147 434153
148 427235
149 422787
150 416129
151 411187
152 405542
153 399147
154 395363
155 388552
156 382569
157 378678
158 372693
159 369346
160 364035
161 359274
162 354813
163 349944
164 345952
165 341787
166 337017
167 332978
168 328319
169 324847
170 321140
171 317013
172 313710
173 308503
174 306199
175 302006
176 297801
177 294890
178 291277
179 287169
180 284091
181 279739
182 277203
183 274398
184 271680
185 268390
186 265420
187 262688
188 259607
189 255204
190 253647
191 250375
192 247356
193 244409
194 241894
195 239734
196 236811
197 234405
198 232382
199 228793
200 226435
201 224214
202 222706
203 219949
204 217693
205 214855
206 213606
207 210994
208 208768
209 206525
210 203791
211 201642
212 199801
213 197012
214 195692
215 194948
216 192356
217 189818
218 187609
219 186761
220 183921
221 183153
222 180654
223 178491
224 176729
225 174931
226 172952
227 172244
228 170580
229 168845
230 167134
231 165047
232 164278
233 161949
234 160821
235 159201
236 157602
237 156628
238 154898
239 153352
240 151776
241 151060
242 148701
243 146991
244 145903
245 144564
246 143752
247 142760
248 141394
249 140274
250 138920
251 137590
252 136063
253 134778
254 133935
255 132883
256 131417
257 130340
258 129229
259 128530
260 127673
261 126191
262 124072
263 123619
264 122374
265 120988
266 120474
267 119686
268 118400
269 117307
270 116243
271 115657
272 114410
273 114355
274 112832
275 111432
276 111686
277 109987
278 109114
279 108669
280 107337
281 106167
282 106055
283 104533
284 103774
285 102739
286 102052
287 101102
288 100495
289 100435
290 99899
291 98482
292 98495
293 96779
294 96417
295 94938
296 94788
297 93469
298 93152
299 92434
300 91080
301 90572
302 90000
303 89332
304 89078
305 88429
306 87222
307 87353
308 85812
309 85514
310 85223
311 84354
312 83670
313 82707
314 82426
315 82138
316 81551
317 81155
318 79835
319 79358
320 78896
321 77720
322 77950
323 77483
324 77096
325 76140
326 75298
327 74934
328 74720
329 74210
330 73895
331 72936
332 72354
333 72448
334 71828
335 71305
336 69787
337 70376
338 69843
339 69141
340 68720
341 68259
342 68017
343 67197
344 66858
345 65681
346 65838
347 65254
348 65467
349 64696
350 63757
351 64051
352 62678
353 62814
354 62870
355 62341
356 61454
357 61286
358 60821
359 60744
360 59911
361 59923
362 59400
363 58333
364 58426
365 58342
366 57536
367 57575
368 56757
369 56724
370 56239
371 56327
372 55185
373 55623
374 54828
375 53966
376 54068
377 53905
378 53801
379 53134
380 52667
381 52560
382 52379
383 51950
384 51537
385 51480
386 50981
387 50543
388 50358
389 50298
390 49810
391 49839
392 49130
393 48985
394 48805
395 48227
396 48299
397 47693
398 47263
399 47090
400 46503
401 46852
402 46272
403 46168
404 46114
405 45460
406 45046
407 45505
408 44963
409 44872
410 44506
411 44075
412 43518
413 43783
414 43580
415 43427
416 42950
417 42846
418 42525
419 41944
420 42056
421 42045
422 41199
423 40804
424 40719
425 40766
426 40224
427 39918
428 39790
429 39780
430 39503
431 39330
432 39270
433 39199
434 38659
435 38675
436 38047
437 37718
438 37869
439 37974
440 37563
441 37378
442 37122
443 37050
444 36844
445 36235
446 36216
447 36039
448 36122
449 35567
450 35512
451 35656
452 35239
453 35280
454 34785
455 34843
456 34335
457 34482
458 34085
459 34040
460 33760
461 33842
462 33645
463 33349
464 33181
465 33309
466 32865
467 32474
468 32366
469 32249
470 31808
471 32098
472 31882
473 31489
474 31498
475 31319
476 31359
477 30817
478 30951
479 30540
480 30434
481 30406
482 30191
483 30168
484 30042
485 29812
486 29545
487 29356
488 29043
489 29047
490 28821
491 28719
492 28790
493 28881
494 28488
495 28510
496 28143
497 28113
498 28390
499 28057
500 27518
501 27791
502 27151
503 27439
504 27401
505 27080
506 27124
507 26960
508 26694
509 26604
510 26223
511 26489
512 25976
513 26031
514 26019
515 25851
516 25862
517 25373
518 25517
519 25616
520 25378
521 25102
522 25099
523 24658
524 24713
525 24608
526 24762
527 24718
528 24231
529 24290
530 23959
531 24073
532 23764
533 23935
534 24065
535 23609
536 23502
537 23510
538 23351
539 22971
540 23131
541 23064
542 22964
543 22721
544 22731
545 22581
546 22343
547 22417
548 22060
549 22128
550 22130
551 22193
552 21776
553 22147
554 21842
555 21847
556 21613
557 21489
558 20948
559 21332
560 21172
561 21121
562 21046
563 20829
564 20982
565 20901
566 20576
567 20592
568 20446
569 20194
570 20315
571 20289
572 20103
573 20033
574 19849
575 19999
576 19739
577 19649
578 19865
579 19488
580 19499
581 19061
582 19546
583 19399
584 19128
585 19493
586 18877
587 18805
588 18632
589 18760
590 18756
591 18502
592 18622
593 18520
594 18335
595 18461
596 18456
597 18237
598 17921
599 18101
600 18031
601 18161
602 18006
603 17603
604 17811
605 17715
606 17505
607 17613
608 17586
609 17277
610 17449
611 17197
612 17203
613 17520
614 17210
615 17120
616 16991
617 17194
618 16745
619 16946
620 16716
621 16780
622 16743
623 16523
624 16618
625 16240
626 16417
627 16132
628 16255
629 16331
630 16251
631 15881
632 16259
633 15939
634 15915
635 15751
636 15868
637 15785
638 15675
639 15771
640 15444
641 15667
642 15446
643 15632
644 15556
645 15314
646 15450
647 15282
648 15181
649 15272
650 15269
651 15221
652 14969
653 14995
654 15169
655 14932
656 14854
657 14810
658 14912
659 14618
660 14542
661 14759
662 14676
663 14284
664 14455
665 14456
666 14269
667 14447
668 14565
669 14334
670 14246
671 14437
672 14063
673 14108
674 14226
675 14072
676 14186
677 13962
678 14016
679 13966
680 13668
681 13823
682 13700
683 13782
684 13833
685 13751
686 13521
687 13720
688 13772
689 13363
690 13602
691 13446
692 13359
693 13516
694 13359
695 13502
696 13489
697 13274
698 12917
699 13221
700 13427
701 13192
702 13216
703 13236
704 13063
705 13152
706 12970
707 13016
708 12920
709 12963
710 12914
711 13038
712 12955
713 12957
714 12863
715 12903
716 12851
717 12795
718 13018
719 12665
720 12833
721 12448
722 12283
723 12625
724 12498
725 12593
726 12550
727 12447
728 12311
729 12302
730 12511
731 12128
732 12371
733 12255
734 12184
735 12401
736 12285
737 11966
738 12152
739 12116
740 12193
741 12360
742 12022
743 11920
744 12058
745 12027
746 11936
747 11852
748 12015
749 11999
750 11799
751 11791
752 11860
753 11686
754 11516
755 11782
756 11714
757 11740
758 11693
759 11858
760 11731
761 11509
762 11614
763 11394
764 11341
765 11335
766 11397
767 11460
768 11414
769 11363
770 11318
771 11136
772 11380
773 11172
774 11257
775 11178
776 11186
777 11223
778 11261
779 11161
780 11124
781 11161
782 11177
783 11176
784 10929
785 11138
786 11275
787 11001
788 11070
789 11089
790 10754
791 10927
792 10853
793 10830
794 10825
795 10796
796 10889
797 10790
798 10739
799 10783
800 10709
801 10722
802 10588
803 10625
804 10716
805 10712
806 10728
807 10617
808 10396
809 10527
810 10553
811 10452
812 10400
813 10241
814 10414
815 10667
816 10402
817 10294
818 10221
819 10121
820 10508
821 10334
822 10149
823 10146
824 10237
825 10261
826 10145
827 10101
828 10087
829 10209
830 9982
831 9909
832 9897
833 10133
834 9861
835 10049
836 9832
837 9819
838 9773
839 9728
840 9936
841 9724
842 9699
843 9804
844 9918
845 9880
846 9735
847 9768
848 9662
849 9677
850 9571
851 9639
852 9413
853 9573
854 9498
855 9485
856 9470
857 9507
858 9397
859 9344
860 9171
861 9287
862 9269
863 9309
864 9175
865 9182
866 9204
867 9221
868 8987
869 9033
870 9265
871 9369
872 9205
873 9054
874 9139
875 8957
876 9109
877 8899
878 8904
879 8880
880 8952
881 9079
882 9042
883 8790
884 8713
885 8715
886 8704
887 8750
888 8591
889 8642
890 8553
891 8581
892 8580
893 8454
894 8403
895 8402
896 8355
897 8431
898 8458
899 8438
900 8409
901 8307
902 8402
903 8337
904 8226
905 8261
906 8206
907 8114
908 8267
909 8136
910 8147
911 8158
912 8182
913 8086
914 7934
915 8211
916 8024
917 7890
918 8060
919 7929
920 7988
921 7795
922 7861
923 7873
924 7845
925 7945
926 7852
927 7937
928 7811
929 7666
930 7707
931 7740
932 7536
933 7576
934 7720
935 7550
936 7520
937 7423
938 7442
939 7402
940 7467
941 7547
942 7362
943 7408
944 7330
945 7361
946 7167
947 7362
948 7327
949 7051
950 7350
951 7190
952 7220
953 7327
954 7153
955 7195
956 7215
957 7067
958 6915
959 6948
960 6978
961 6930
962 6870
963 7142
964 6928
965 6772
966 6892
967 6918
968 6805
969 6965
970 6929
971 6840
972 6601
973 6718
974 6641
975 6721
976 6611
977 6739
978 6542
979 6752
980 6583
981 6571
982 6756
983 6638
984 6471
985 6388
986 6430
987 6591
988 6360
989 6472
990 6360
991 6523
992 6461
993 6339
994 6422
995 6375
996 6176
997 6185
998 6277
999 6326
1000 6133
1001 6121
1002 6191
1003 6138
1004 6165
1005 6077
1006 6235
1007 6023
1008 5920
1009 6107
1010 5912
1011 5932
1012 6125
1013 5943
1014 5992
1015 5764
1016 6014
1017 6046
1018 6066
1019 5761
1020 5837
1021 5817
1022 5931
1023 5867
1024 5816
1025 5794
1026 5779
1027 5638
1028 5678
1029 5675
1030 5686
1031 5636
1032 5609
1033 5673
1034 5651
1035 5680
1036 5547
1037 5627
1038 5579
1039 5662
1040 5624
1041 5617
1042 5395
1043 5531
1044 5508
1045 5510
1046 5490
1047 5430
1048 5501
1049 5400
1050 5344
1051 5275
1052 5268
1053 5241
1054 5374
1055 5258
1056 5315
1057 5306
1058 5270
1059 5207
1060 5083
1061 5389
1062 5405
1063 5261
1064 5106
1065 5218
1066 5136
1067 5122
1068 5122
1069 5096
1070 5142
1071 5194
1072 5060
1073 5039
1074 5112
1075 5079
1076 5042
1077 4977
1078 4929
1079 4971
1080 5047
1081 4971
1082 4884
1083 4853
1084 4948
1085 4920
1086 4907
1087 4830
1088 4878
1089 5005
1090 4799
1091 4874
1092 4875
1093 4886
1094 4875
1095 4774
1096 4687
1097 4752
1098 4843
1099 4873
1100 4670
1101 4675
1102 4670
1103 4616
1104 4773
1105 4714
1106 4664
1107 4535
1108 4621
1109 4631
1110 4516
1111 4585
1112 4518
1113 4535
1114 4624
1115 4521
1116 4473
1117 4573
1118 4610
1119 4515
1120 4509
1121 4428
1122 4415
1123 4402
1124 4500
1125 4432
1126 4402
1127 4438
1128 4326
1129 4408
1130 4452
1131 4407
1132 4516
1133 4239
1134 4296
1135 4328
1136 4258
1137 4312
1138 4248
1139 4242
1140 4255
1141 4352
1142 4287
1143 4241
1144 4210
1145 4154
1146 4113
1147 4281
1148 4181
1149 4185
1150 4104
1151 4372
1152 4138
1153 4048
1154 4074
1155 4057
1156 4120
1157 4113
1158 4105
1159 4077
1160 4150
1161 4061
1162 4172
1163 3975
1164 4045
1165 4015
1166 4131
1167 3970
1168 3823
1169 3911
1170 3975
1171 4049
1172 4043
1173 3933
1174 3983
1175 3882
1176 3898
1177 4045
1178 3934
1179 3923
1180 4023
1181 3895
1182 4011
1183 3913
1184 3986
1185 3818
1186 3871
1187 3850
1188 3839
1189 3835
1190 3890
1191 3817
1192 3738
1193 3834
1194 3853
1195 3743
1196 3771
1197 3790
1198 3794
1199 3856
1200 3735
1201 3825
1202 3777
1203 3680
1204 3856
1205 3788
1206 3804
1207 3736
1208 3614
1209 3653
1210 3659
1211 3616
1212 3701
1213 3657
1214 3617
1215 3620
1216 3674
1217 3500
1218 3633
1219 3687
1220 3645
1221 3573
1222 3668
1223 3597
1224 3520
1225 3525
1226 3670
1227 3513
1228 3561
1229 3484
1230 3605
1231 3467
1232 3607
1233 3513
1234 3489
1235 3551
1236 3501
1237 3506
1238 3569
1239 3511
1240 3469
1241 3372
1242 3525
1243 3424
1244 3455
1245 3501
1246 3480
1247 3431
1248 3485
1249 3406
1250 3347
1251 3325
1252 3357
1253 3410
1254 3406
1255 3431
1256 3368
1257 3300
1258 3317
1259 3383
1260 3300
1261 3318
1262 3463
1263 3256
1264 3347
1265 3335
1266 3292
1267 3272
1268 3318
1269 3316
1270 3315
1271 3202
1272 3370
1273 3368
1274 3213
1275 3206
1276 3381
1277 3218
1278 3182
1279 3160
1280 3312
1281 3202
1282 3162
1283 3180
1284 3152
1285 3159
1286 3187
1287 3233
1288 3046
1289 3171
1290 3206
1291 3212
1292 3105
1293 3196
1294 3102
1295 3061
1296 3200
1297 3175
1298 3092
1299 3066
1300 3138
1301 3043
1302 2949
1303 3069
1304 3140
1305 3100
1306 2993
1307 3080
1308 3015
1309 3001
1310 3089
1311 3091
1312 3004
1313 3013
1314 2906
1315 3031
1316 3048
1317 3015
1318 2926
1319 2964
1320 2996
1321 2964
1322 2986
1323 2972
1324 3008
1325 2902
1326 2940
1327 2925
1328 2880
1329 2965
1330 2852
1331 3015
1332 2843
1333 2910
1334 2810
1335 2887
1336 2966
1337 2722
1338 2938
1339 2936
1340 2825
1341 2800
1342 2909
1343 2879
1344 2926
1345 2890
1346 2805
1347 2868
1348 2824
1349 2740
1350 2837
1351 2850
1352 2821
1353 2799
1354 2716
1355 2902
1356 2846
1357 2715
1358 2711
1359 2772
1360 2822
1361 2781
1362 2783
1363 2803
1364 2713
1365 2681
1366 2649
1367 2754
1368 2708
1369 2739
1370 2630
1371 2687
1372 2752
1373 2795
1374 2703
1375 2668
1376 2665
1377 2645
1378 2710
1379 2600
1380 2707
1381 2612
1382 2627
1383 2689
1384 2589
1385 2603
1386 2640
1387 2621
1388 2543
1389 2703
1390 2523
1391 2577
1392 2532
1393 2517
1394 2566
1395 2560
1396 2572
1397 2572
1398 2613
1399 2510
1400 2510
1401 2559
1402 2489
1403 2507
1404 2565
1405 2589
1406 2507
1407 2539
1408 2475
1409 2481
1410 2473
1411 2468
1412 2539
1413 2571
1414 2503
1415 2485
1416 2467
1417 2431
1418 2458
1419 2466
1420 2413
1421 2446
1422 2477
1423 2392
1424 2402
1425 2379
1426 2363
1427 2407
1428 2478
1429 2317
1430 2348
1431 2476
1432 2438
1433 2409
1434 2406
1435 2364
1436 2429
1437 2340
1438 2434
1439 2404
1440 2311
1441 2371
1442 2418
1443 2329
1444 2378
1445 2351
1446 2393
1447 2336
1448 2351
1449 2221
1450 2355
1451 2259
1452 2309
1453 2264
1454 2333
1455 2340
1456 2178
1457 2245
1458 2310
1459 2291
1460 2229
1461 2239
1462 2233
1463 2180
1464 2272
1465 2225
1466 2206
1467 2244
1468 2273
1469 2188
1470 2183
1471 2216
1472 2135
1473 2257
1474 2193
1475 2288
1476 2245
1477 2197
1478 2181
1479 2209
1480 2280
1481 2136
1482 2153
1483 2106
1484 2258
1485 2206
1486 2205
1487 2243
1488 2153
1489 2090
1490 2191
1491 2138
1492 2179
1493 2272
1494 2205
1495 2144
1496 2162
1497 2169
1498 2171
1499 2081
1500 2095
1501 2072
1502 2099
1503 2184
1504 2085
1505 2130
1506 1994
1507 2076
1508 2112
1509 2187
1510 2128
1511 2131
1512 2051
1513 2099
1514 2013
1515 2070
1516 2041
1517 1944
1518 2026
1519 2022
1520 2093
1521 1990
1522 2056
1523 1954
1524 2033
1525 2110
1526 1988
1527 2060
1528 2029
1529 2022
1530 2091
1531 1987
1532 2028
1533 2008
1534 2031
1535 1912
1536 2005
1537 1974
1538 2009
1539 1947
1540 2003
1541 2005
1542 1997
1543 1955
1544 1960
1545 1917
1546 1966
1547 1973
1548 1970
1549 1908
1550 1938
1551 1866
1552 1883
1553 1948
1554 1932
1555 1980
1556 1874
1557 1975
1558 1962
1559 1961
1560 1936
1561 1885
1562 1868
1563 1853
1564 1921
1565 1918
1566 1866
1567 1881
1568 1892
1569 1869
1570 1915
1571 1932
1572 1852
1573 1905
1574 1866
1575 1894
1576 1845
1577 1836
1578 1852
1579 1869
1580 1811
1581 1857
1582 1835
1583 1817
1584 1915
1585 1865
1586 1726
1587 1831
1588 1862
1589 1867
1590 1787
1591 1758
1592 1813
1593 1760
1594 1798
1595 1845
1596 1802
1597 1823
1598 1737
1599 1844
1600 1758
1601 1895
1602 1794
1603 1796
1604 1788
1605 1776
1606 1785
1607 1717
1608 1711
1609 1866
1610 1738
1611 1687
1612 1703
1613 1729
1614 1732
1615 1767
1616 1717
1617 1705
1618 1753
1619 1796
1620 1761
1621 1682
1622 1711
1623 1679
1624 1725
1625 1736
1626 1766
1627 1732
1628 1736
1629 1692
1630 1693
1631 1731
1632 1718
1633 1735
1634 1756
1635 1688
1636 1636
1637 1765
1638 1688
1639 1710
1640 1762
1641 1619
1642 1674
1643 1633
1644 1615
1645 1679
1646 1650
1647 1596
1648 1632
1649 1580
1650 1672
1651 1654
1652 1651
1653 1693
1654 1702
1655 1629
1656 1614
1657 1619
1658 1670
1659 1676
1660 1672
1661 1607
1662 1680
1663 1620
1664 1655
1665 1693
1666 1691
1667 1648
1668 1628
1669 1618
1670 1626
1671 1620
1672 1637
1673 1686
1674 1603
1675 1543
1676 1548
1677 1632
1678 1481
1679 1609
1680 1644
1681 1574
1682 1548
1683 1635
1684 1506
1685 1534
1686 1630
1687 1638
1688 1614
1689 1573
1690 1608
1691 1641
1692 1526
1693 1551
1694 1540
1695 1544
1696 1595
1697 1576
1698 1475
1699 1535
1700 1512
1701 1652
1702 1499
1703 1595
1704 1527
1705 1529
1706 1468
1707 1492
1708 1537
1709 1501
1710 1450
1711 1512
1712 1480
1713 1453
1714 1532
1715 1520
1716 1513
1717 1525
1718 1537
1719 1506
1720 1491
1721 1529
1722 1518
1723 1497
1724 1489
1725 1478
1726 1462
1727 1444
1728 1552
1729 1410
1730 1479
1731 1527
1732 1427
1733 1457
1734 1449
1735 1442
1736 1439
1737 1409
1738 1375
1739 1520
1740 1445
1741 1433
1742 1426
1743 1408
1744 1487
1745 1449
1746 1373
1747 1442
1748 1419
1749 1444
1750 1419
1751 1434
1752 1381
1753 1442
1754 1394
1755 1383
1756 1498
1757 1369
1758 1427
1759 1484
1760 1382
1761 1478
1762 1498
1763 1361
1764 1418
1765 1416
1766 1473
1767 1391
1768 1434
1769 1369
1770 1363
1771 1430
1772 1413
1773 1436
1774 1369
1775 1303
1776 1393
1777 1351
1778 1388
1779 1364
1780 1330
1781 1345
1782 1336
1783 1354
1784 1368
1785 1373
1786 1308
1787 1392
1788 1340
1789 1392
1790 1360
1791 1348
1792 1313
1793 1349
1794 1419
1795 1309
1796 1393
1797 1430
1798 1360
1799 1407
1800 1335
1801 1365
1802 1339
1803 1437
1804 1366
1805 1349
1806 1325
1807 1356
1808 1320
1809 1309
1810 1341
1811 1337
1812 1360
1813 1298
1814 1365
1815 1305
1816 1383
1817 1318
1818 1285
1819 1290
1820 1301
1821 1277
1822 1268
1823 1323
1824 1322
1825 1295
1826 1272
1827 1319
1828 1282
1829 1238
1830 1272
1831 1285
1832 1315
1833 1248
1834 1224
1835 1328
1836 1260
1837 1279
1838 1223
1839 1226
1840 1265
1841 1298
1842 1274
1843 1252
1844 1287
1845 1223
1846 1262
1847 1196
1848 1305
1849 1195
1850 1231
1851 1249
1852 1241
1853 1216
1854 1226
1855 1269
1856 1259
1857 1195
1858 1235
1859 1243
1860 1204
1861 1233
1862 1211
1863 1195
1864 1244
1865 1158
1866 1178
1867 1180
1868 1225
1869 1230
1870 1245
1871 1147
1872 1165
1873 1240
1874 1206
1875 1210
1876 1165
1877 1274
1878 1165
1879 1236
1880 1171
1881 1106
1882 1153
1883 1168
1884 1247
1885 1170
1886 1215
1887 1180
1888 1212
1889 1205
1890 1159
1891 1198
1892 1136
1893 1153
1894 1197
1895 1151
1896 1117
1897 1208
1898 1144
1899 1185
1900 1147
1901 1236
1902 1198
1903 1170
1904 1178
1905 1120
1906 1097
1907 1163
1908 1065
1909 1102
1910 1188
1911 1188
1912 1237
1913 1137
1914 1140
1915 1125
1916 1153
1917 1161
1918 1143
1919 1156
1920 1197
1921 1071
1922 1141
1923 1150
1924 1124
1925 1104
1926 1104
1927 1156
1928 1145
1929 1140
1930 1132
1931 1179
1932 1111
1933 1137
1934 1139
1935 1123
1936 1160
1937 1084
1938 1124
1939 1108
1940 1111
1941 1100
1942 1135
1943 1155
1944 1080
1945 1149
1946 1104
1947 1090
1948 1107
1949 1131
1950 1062
1951 1083
1952 1097
1953 1110
1954 1081
1955 1051
1956 1084
1957 1088
1958 1105
1959 1121
1960 1075
1961 1108
1962 1038
1963 1071
1964 1006
1965 998
1966 1082
1967 1016
1968 1067
1969 1106
1970 1133
1971 1086
1972 1093
1973 1108
1974 1105
1975 1084
1976 1071
1977 1049
1978 1087
1979 1086
1980 1059
1981 997
1982 1027
1983 1085
1984 1037
1985 1081
1986 1064
1987 1078
1988 1062
1989 1117
1990 1076
1991 1012
1992 1048
1993 1091
1994 993
1995 1003
1996 1054
1997 1005
1998 1066
1999 998
2000 1071
2001 986
2002 1040
2003 1047
2004 1066
2005 1076
2006 1044
2007 1013
2008 994
2009 1038
2010 996
2011 1079
2012 987
2013 1049
2014 979
2015 1062
2016 1043
2017 1024
2018 1008
2019 1004
2020 998
2021 972
2022 1034
2023 992
2024 1015
2025 944
2026 978
2027 982
2028 1058
2029 970
2030 988
2031 995
2032 1015
2033 989
2034 974
2035 953
2036 978
2037 936
2038 1000
2039 990
2040 991
2041 959
2042 1003
2043 963
2044 937
2045 987
2046 1001
2047 1041
2048 1025
2049 938
2050 961
2051 953
2052 956
2053 997
2054 958
2055 942
2056 984
2057 985
2058 903
2059 949
2060 931
2061 951
2062 981
2063 971
2064 994
2065 942
2066 982
2067 989
2068 939
2069 966
2070 935
2071 1006
2072 944
2073 923
2074 958
2075 943
2076 896
2077 965
2078 924
2079 921
2080 904
2081 910
2082 928
2083 945
2084 915
2085 982
2086 903
2087 949
2088 930
2089 915
2090 901
2091 915
2092 881
2093 973
2094 884
2095 880
2096 888
2097 922
2098 902
2099 929
2100 929
2101 907
2102 952
2103 905
2104 946
2105 906
2106 908
2107 939
2108 898
2109 872
2110 947
2111 882
2112 913
2113 871
2114 930
2115 874
2116 919
2117 869
2118 915
2119 942
2120 886
2121 908
2122 863
2123 887
2124 886
2125 923
2126 922
2127 889
2128 877
2129 943
2130 844
2131 878
2132 885
2133 906
2134 862
2135 847
2136 833
2137 892
2138 871
2139 856
2140 882
2141 822
2142 884
2143 836
2144 864
2145 883
2146 881
2147 881
2148 887
2149 881
2150 884
2151 861
2152 947
2153 886
2154 878
2155 858
2156 822
2157 882
2158 862
2159 901
2160 861
2161 865
2162 843
2163 832
2164 829
2165 825
2166 873
2167 832
2168 882
2169 889
2170 888
2171 841
2172 823
2173 881
2174 863
2175 876
2176 898
2177 838
2178 872
2179 827
2180 875
2181 833
2182 826
2183 791
2184 843
2185 823
2186 785
2187 859
2188 797
2189 855
2190 866
2191 880
2192 836
2193 811
2194 813
2195 825
2196 852
2197 866
2198 829
2199 836
2200 820
2201 847
2202 852
2203 884
2204 808
2205 824
2206 790
2207 824
2208 812
2209 826
2210 844
2211 807
2212 845
2213 846
2214 762
2215 800
2216 769
2217 797
2218 852
2219 772
2220 780
2221 852
2222 784
2223 782
2224 803
2225 833
2226 798
2227 855
2228 751
2229 849
2230 804
2231 820
2232 792
2233 802
2234 810
2235 803
2236 751
2237 837
2238 779
2239 765
2240 804
2241 738
2242 809
2243 808
2244 754
2245 821
2246 839
2247 811
2248 716
2249 814
2250 777
2251 768
2252 788
2253 823
2254 770
2255 797
2256 772
2257 792
2258 773
2259 795
2260 788
2261 742
2262 741
2263 759
2264 834
2265 802
2266 747
2267 738
2268 770
2269 721
2270 760
2271 790
2272 758
2273 801
2274 765
2275 760
2276 759
2277 779
2278 770
2279 748
2280 790
2281 732
2282 804
2283 745
2284 766
2285 716
2286 793
2287 748
2288 748
2289 719
2290 778
2291 687
2292 760
2293 760
2294 810
2295 771
2296 777
2297 797
2298 744
2299 788
2300 775
2301 682
2302 726
2303 771
2304 753
2305 729
2306 720
2307 747
2308 723
2309 713
2310 764
2311 749
2312 738
2313 736
2314 747
2315 730
2316 698
2317 725
2318 668
2319 797
2320 726
2321 720
2322 664
2323 747
2324 738
2325 725
2326 764
2327 694
2328 699
2329 754
2330 690
2331 716
2332 701
2333 734
2334 706
2335 700
2336 737
2337 722
2338 710
2339 717
2340 697
2341 732
2342 715
2343 709
2344 714
2345 718
2346 729
2347 722
2348 727
2349 714
2350 699
2351 740
2352 720
2353 715
2354 725
2355 699
2356 709
2357 696
2358 719
2359 691
2360 727
2361 728
2362 687
2363 655
2364 713
2365 734
2366 666
2367 737
2368 684
2369 747
2370 678
2371 722
2372 665
2373 719
2374 720
2375 751
2376 735
2377 710
2378 670
2379 694
2380 700
2381 719
2382 638
2383 669
2384 671
2385 693
2386 724
2387 677
2388 674
2389 706
2390 658
2391 675
2392 712
2393 707
2394 713
2395 682
2396 698
2397 685
2398 658
2399 689
2400 727
2401 664
2402 656
2403 657
2404 700
2405 705
2406 663
2407 658
2408 694
2409 656
2410 684
2411 648
2412 688
2413 646
2414 709
2415 664
2416 662
2417 671
2418 657
2419 683
2420 660
2421 643
2422 671
2423 657
2424 655
2425 658
2426 694
2427 665
2428 677
2429 672
2430 610
2431 614
2432 680
2433 668
2434 657
2435 653
2436 673
2437 666
2438 611
2439 653
2440 615
2441 668
2442 644
2443 617
2444 667
2445 671
2446 632
2447 674
2448 609
2449 679
2450 592
2451 649
2452 623
2453 653
2454 638
2455 635
2456 649
2457 699
2458 613
2459 664
2460 647
2461 632
2462 633
2463 683
2464 637
2465 638
2466 631
2467 639
2468 665
2469 600
2470 626
2471 625
2472 595
2473 625
2474 606
2475 649
2476 606
2477 580
2478 663
2479 615
2480 642
2481 628
2482 583
2483 617
2484 612
2485 661
2486 620
2487 625
2488 613
2489 609
2490 615
2491 644
2492 636
2493 655
2494 603
2495 607
2496 635
2497 631
2498 620
2499 650
2500 641
2501 598
2502 595
2503 641
2504 589
2505 588
2506 600
2507 624
2508 602
2509 639
2510 634
2511 607
2512 558
2513 617
2514 609
2515 620
2516 612
2517 606
2518 623
2519 594
2520 624
2521 620
2522 622
2523 582
2524 618
2525 590
2526 603
2527 583
2528 624
2529 661
2530 625
2531 605
2532 591
2533 617
2534 607
2535 577
2536 570
2537 592
2538 551
2539 612
2540 575
2541 621
2542 621
2543 629
2544 580
2545 611
2546 561
2547 611
2548 589
2549 614
2550 619
2551 608
2552 602
2553 637
2554 584
2555 582
2556 564
2557 625
2558 559
2559 574
2560 662
2561 555
2562 580
2563 568
2564 534
2565 612
2566 565
2567 629
2568 578
2569 614
2570 591
2571 584
2572 609
2573 603
2574 555
2575 607
2576 563
2577 609
2578 582
2579 584
2580 562
2581 588
2582 562
2583 546
2584 571
2585 592
2586 572
2587 550
2588 548
2589 569
2590 591
2591 544
2592 594
2593 528
2594 599
2595 562
2596 563
2597 594
2598 589
2599 609
2600 561
2601 564
2602 573
2603 554
2604 534
2605 533
2606 584
2607 571
2608 555
2609 590
2610 543
2611 554
2612 587
2613 609
2614 555
2615 601
2616 572
2617 602
2618 544
2619 521
2620 512
2621 560
2622 531
2623 581
2624 579
2625 569
2626 572
2627 543
2628 539
2629 589
2630 588
2631 594
2632 562
2633 564
2634 578
2635 538
2636 530
2637 563
2638 567
2639 556
2640 526
2641 522
2642 577
2643 500
2644 554
2645 539
2646 554
2647 599
2648 507
2649 517
2650 545
2651 552
2652 571
2653 568
2654 541
2655 556
2656 557
2657 528
2658 540
2659 546
2660 520
2661 536
2662 531
2663 542
2664 545
2665 534
2666 540
2667 536
2668 535
2669 553
2670 564
2671 555
2672 528
2673 531
2674 519
2675 493
2676 529
2677 540
2678 528
2679 523
2680 555
2681 564
2682 517
2683 551
2684 526
2685 508
2686 526
2687 512
2688 524
2689 557
2690 493
2691 520
2692 522
2693 535
2694 582
2695 517
2696 519
2697 521
2698 514
2699 556
2700 521
2701 510
2702 488
2703 600
2704 519
2705 512
2706 551
2707 502
2708 482
2709 527
2710 522
2711 505
2712 534
2713 534
2714 536
2715 502
2716 500
2717 502
2718 505
2719 492
2720 521
2721 555
2722 548
2723 541
2724 462
2725 524
2726 524
2727 512
2728 552
2729 498
2730 540
2731 529
2732 517
2733 519
2734 516
2735 482
2736 502
2737 525
2738 531
2739 522
2740 550
2741 532
2742 514
2743 516
2744 502
2745 454
2746 493
2747 517
2748 467
2749 553
2750 503
2751 504
2752 494
2753 472
2754 530
2755 531
2756 514
2757 503
2758 485
2759 499
2760 502
2761 510
2762 475
2763 499
2764 458
2765 538
2766 488
2767 477
2768 492
2769 508
2770 501
2771 480
2772 499
2773 470
2774 522
2775 478
2776 501
2777 510
2778 513
2779 481
2780 470
2781 538
2782 498
2783 484
2784 519
2785 490
2786 481
2787 483
2788 519
2789 508
2790 485
2791 465
2792 498
2793 481
2794 503
2795 490
2796 482
2797 515
2798 493
2799 477
2800 447
2801 488
2802 495
2803 493
2804 533
2805 492
2806 498
2807 481
2808 521
2809 485
2810 479
2811 467
2812 492
2813 511
2814 487
2815 451
2816 477
2817 489
2818 491
2819 476
2820 475
2821 479
2822 471
2823 454
2824 468
2825 435
2826 463
2827 497
2828 517
2829 485
2830 494
2831 472
2832 469
2833 497
2834 509
2835 508
2836 478
2837 440
2838 484
2839 444
2840 463
2841 467
2842 474
2843 486
2844 473
2845 463
2846 462
2847 455
2848 498
2849 435
2850 492
2851 463
2852 495
2853 466
2854 466
2855 468
2856 450
2857 467
2858 469
2859 484
2860 452
2861 499
2862 485
2863 420
2864 466
2865 517
2866 507
2867 487
2868 456
2869 477
2870 478
2871 399
2872 453
2873 482
2874 456
2875 466
2876 492
2877 442
2878 473
2879 490
2880 466
2881 436
2882 436
2883 461
2884 471
2885 463
2886 461
2887 447
2888 449
2889 420
2890 456
2891 433
2892 487
2893 452
2894 429
2895 425
2896 452
2897 433
2898 425
2899 488
2900 418
2901 462
2902 491
2903 485
2904 460
2905 439
2906 473
2907 412
2908 483
2909 476
2910 445
2911 441
2912 455
2913 447
2914 439
2915 421
2916 451
2917 435
2918 448
2919 472
2920 447
2921 432
2922 427
2923 425
2924 427
2925 480
2926 470
2927 444
2928 425
2929 459
2930 432
2931 445
2932 463
2933 404
2934 446
2935 458
2936 499
2937 445
2938 479
2939 459
2940 490
2941 463
2942 447
2943 445
2944 473
2945 457
2946 414
2947 421
2948 454
2949 470
2950 454
2951 410
2952 422
2953 449
2954 430
2955 444
2956 453
2957 452
2958 445
2959 475
2960 425
2961 449
2962 470
2963 443
2964 436
2965 449
2966 437
2967 393
2968 392
2969 384
2970 452
2971 402
2972 437
2973 434
2974 428
2975 418
2976 456
2977 429
2978 418
2979 493
2980 435
2981 452
2982 416
2983 360
2984 414
2985 424
2986 413
2987 407
2988 441
2989 382
2990 420
2991 462
2992 394
2993 415
2994 430
2995 436
2996 419
2997 443
2998 437
2999 430
3000 400
3001 394
3002 424
3003 427
3004 401
3005 423
3006 401
3007 476
3008 401
3009 418
3010 419
3011 462
3012 417
3013 429
3014 426
3015 430
3016 445
3017 411
3018 401
3019 424
3020 445
3021 447
3022 451
3023 443
3024 410
3025 407
3026 457
3027 406
3028 420
3029 409
3030 446
3031 416
3032 409
3033 409
3034 446
3035 382
3036 401
3037 408
3038 428
3039 441
3040 399
3041 405
3042 417
3043 407
3044 432
3045 428
3046 429
3047 405
3048 377
3049 438
3050 387
3051 418
3052 374
3053 391
3054 417
3055 436
3056 413
3057 462
3058 397
3059 397
3060 401
3061 418
3062 375
3063 403
3064 433
3065 406
3066 456
3067 410
3068 422
3069 434
3070 400
3071 397
3072 381
3073 419
3074 399
3075 431
3076 380
3077 406
3078 430
3079 430
3080 390
3081 408
3082 430
3083 408
3084 393
3085 390
3086 392
3087 388
3088 409
3089 397
3090 414
3091 412
3092 413
3093 433
3094 409
3095 378
3096 415
3097 412
3098 384
3099 396
3100 387
3101 388
3102 364
3103 378
3104 385
3105 415
3106 399
3107 380
3108 393
3109 385
3110 359
3111 373
3112 388
3113 370
3114 377
3115 403
3116 410
3117 383
3118 399
3119 413
3120 359
3121 391
3122 374
3123 378
3124 398
3125 419
3126 382
3127 393
3128 368
3129 350
3130 377
3131 381
3132 397
3133 409
3134 398
3135 398
3136 387
3137 383
3138 370
3139 370
3140 391
3141 364
3142 413
3143 410
3144 387
3145 373
3146 399
3147 371
3148 404
3149 427
3150 362
3151 398
3152 368
3153 399
3154 405
3155 383
3156 398
3157 374
3158 380
3159 372
3160 372
3161 388
3162 399
3163 389
3164 398
3165 346
3166 369
3167 367
3168 399
3169 374
3170 364
3171 380
3172 391
3173 397
3174 375
3175 346
3176 414
3177 377
3178 376
3179 412
3180 411
3181 398
3182 392
3183 346
3184 377
3185 387
3186 400
3187 365
3188 368
3189 383
3190 375
3191 364
3192 349
3193 361
3194 357
3195 395
3196 368
3197 385
3198 369
3199 351
3200 397
3201 366
3202 353
3203 380
3204 396
3205 372
3206 345
3207 339
3208 353
3209 352
3210 365
3211 374
3212 399
3213 368
3214 356
3215 376
3216 356
3217 370
3218 358
3219 352
3220 366
3221 365
3222 379
3223 362
3224 358
3225 373
3226 347
3227 359
3228 345
3229 400
3230 353
3231 357
3232 382
3233 370
3234 367
3235 343
3236 355
3237 347
3238 387
3239 353
3240 406
3241 364
3242 382
3243 350
3244 370
3245 355
3246 377
3247 380
3248 350
3249 342
3250 325
3251 361
3252 349
3253 383
3254 378
3255 362
3256 349
3257 365
3258 383
3259 343
3260 356
3261 366
3262 347
3263 350
3264 347
3265 345
3266 352
3267 345
3268 326
3269 375
3270 352
3271 360
3272 329
3273 348
3274 341
3275 360
3276 380
3277 346
3278 368
3279 392
3280 342
3281 344
3282 357
3283 338
3284 374
3285 366
3286 344
3287 349
3288 379
3289 360
3290 347
3291 357
3292 360
3293 376
3294 351
3295 345
3296 334
3297 341
3298 351
3299 335
3300 329
3301 319
3302 304
3303 349
3304 359
3305 358
3306 382
3307 335
3308 343
3309 368
3310 321
3311 316
3312 322
3313 351
3314 329
3315 366
3316 332
3317 337
3318 341
3319 346
3320 348
3321 344
3322 326
3323 314
3324 339
3325 359
3326 337
3327 322
3328 365
3329 334
3330 330
3331 348
3332 355
3333 350
3334 363
3335 335
3336 348
3337 333
3338 337
3339 349
3340 327
3341 336
3342 318
3343 379
3344 350
3345 332
3346 312
3347 333
3348 339
3349 330
3350 316
3351 311
3352 338
3353 304
3354 324
3355 341
3356 309
3357 334
3358 324
3359 333
3360 342
3361 348
3362 332
3363 315
3364 307
3365 348
3366 331
3367 339
3368 302
3369 314
3370 349
3371 318
3372 344
3373 330
3374 338
3375 366
3376 351
3377 350
3378 311
3379 364
3380 333
3381 329
3382 339
3383 315
3384 311
3385 290
3386 342
3387 311
3388 360
3389 321
3390 326
3391 332
3392 319
3393 346
3394 329
3395 333
3396 331
3397 322
3398 301
3399 324
3400 332
3401 325
3402 306
3403 325
3404 326
3405 335
3406 337
3407 327
3408 305
3409 293
3410 314
3411 377
3412 338
3413 315
3414 331
3415 320
3416 309
3417 329
3418 316
3419 349
3420 329
3421 310
3422 321
3423 329
3424 335
3425 329
3426 303
3427 314
3428 342
3429 315
3430 269
3431 316
3432 333
3433 338
3434 315
3435 328
3436 316
3437 296
3438 325
3439 321
3440 319
3441 320
3442 332
3443 323
3444 316
3445 337
3446 318
3447 314
3448 310
3449 292
3450 327
3451 299
3452 316
3453 321
3454 342
3455 317
3456 342
3457 332
3458 309
3459 293
3460 312
3461 312
3462 304
3463 309
3464 288
3465 321
3466 295
3467 337
3468 322
3469 322
3470 309
3471 304
3472 324
3473 299
3474 320
3475 299
3476 311
3477 293
3478 310
3479 307
3480 280
3481 312
3482 314
3483 299
3484 323
3485 288
3486 281
3487 310
3488 336
3489 280
3490 315
3491 304
3492 294
3493 294
3494 309
3495 320
3496 305
3497 298
3498 320
3499 330
3500 312
3501 322
3502 307
3503 293
3504 294
3505 315
3506 294
3507 290
3508 280
3509 292
3510 271
3511 314
3512 326
3513 271
3514 258
3515 312
3516 304
3517 296
3518 292
3519 335
3520 294
3521 297
3522 324
3523 322
3524 291
3525 298
3526 279
3527 347
3528 296
3529 247
3530 285
3531 311
3532 317
3533 281
3534 315
3535 295
3536 286
3537 284
3538 298
3539 332
3540 308
3541 301
3542 308
3543 307
3544 297
3545 299
3546 319
3547 326
3548 303
3549 318
3550 299
3551 286
3552 272
3553 289
3554 299
3555 304
3556 293
3557 263
3558 253
3559 283
3560 317
3561 278
3562 299
3563 304
3564 272
3565 269
3566 312
3567 277
3568 268
3569 301
3570 297
3571 291
3572 292
3573 296
3574 268
3575 308
3576 305
3577 261
3578 259
3579 291
3580 280
3581 300
3582 295
3583 311
3584 314
3585 324
3586 279
3587 337
3588 303
3589 278
3590 275
3591 268
3592 302
3593 293
3594 302
3595 258
3596 285
3597 264
3598 283
3599 308
3600 299
3601 285
3602 300
3603 286
3604 287
3605 279
3606 343
3607 281
3608 252
3609 316
3610 294
3611 273
3612 310
3613 309
3614 278
3615 251
3616 299
3617 287
3618 324
3619 264
3620 286
3621 278
3622 282
3623 300
3624 289
3625 324
3626 259
3627 298
3628 298
3629 301
3630 258
3631 253
3632 316
3633 295
3634 262
3635 243
3636 297
3637 272
3638 263
3639 299
3640 295
3641 253
3642 269
3643 284
3644 281
3645 292
3646 285
3647 266
3648 289
3649 285
3650 269
3651 298
3652 284
3653 291
3654 294
3655 321
3656 306
3657 285
3658 274
3659 260
3660 290
3661 255
3662 267
3663 306
3664 275
3665 283
3666 258
3667 260
3668 294
3669 284
3670 288
3671 301
3672 250
3673 294
3674 290
3675 296
3676 271
3677 306
3678 261
3679 288
3680 285
3681 261
3682 292
3683 288
3684 316
3685 283
3686 292
3687 253
3688 265
3689 266
3690 271
3691 278
3692 287
3693 271
3694 265
3695 244
3696 301
3697 266
3698 276
3699 283
3700 289
3701 248
3702 298
3703 268
3704 283
3705 268
3706 288
3707 294
3708 266
3709 280
3710 290
3711 284
3712 300
3713 274
3714 264
3715 265
3716 337
3717 258
3718 271
3719 281
3720 256
3721 266
3722 257
3723 276
3724 276
3725 274
3726 263
3727 268
3728 255
3729 257
3730 273
3731 276
3732 295
3733 259
3734 281
3735 288
3736 294
3737 246
3738 267
3739 273
3740 285
3741 282
3742 243
3743 241
3744 246
3745 279
3746 282
3747 287
3748 280
3749 281
3750 268
3751 267
3752 248
3753 253
3754 253
3755 273
3756 278
3757 275
3758 264
3759 253
3760 273
3761 256
3762 288
3763 263
3764 268
3765 256
3766 254
3767 266
3768 291
3769 283
3770 221
3771 263
3772 241
3773 268
3774 257
3775 235
3776 261
3777 291
3778 296
3779 264
3780 284
3781 215
3782 259
3783 280
3784 251
3785 254
3786 270
3787 286
3788 259
3789 253
3790 249
3791 288
3792 288
3793 256
3794 245
3795 296
3796 215
3797 258
3798 268
3799 261
3800 250
3801 250
3802 276
3803 256
3804 261
3805 281
3806 287
3807 279
3808 243
3809 259
3810 260
3811 243
3812 264
3813 248
3814 266
3815 245
3816 264
3817 241
3818 249
3819 256
3820 258
3821 254
3822 276
3823 258
3824 272
3825 290
3826 274
3827 262
3828 249
3829 228
3830 236
3831 282
3832 262
3833 271
3834 253
3835 242
3836 263
3837 257
3838 258
3839 260
3840 262
3841 243
3842 232
3843 270
3844 249
3845 271
3846 249
3847 264
3848 277
3849 270
3850 295
3851 277
3852 267
3853 283
3854 274
3855 271
3856 248
3857 257
3858 259
3859 257
3860 231
3861 258
3862 258
3863 234
3864 263
3865 271
3866 246
3867 239
3868 267
3869 241
3870 271
3871 242
3872 255
3873 243
3874 249
3875 250
3876 276
3877 268
3878 276
3879 252
3880 247
3881 237
3882 266
3883 220
3884 242
3885 253
3886 255
3887 252
3888 245
3889 259
3890 258
3891 249
3892 261
3893 235
3894 263
3895 262
3896 224
3897 272
3898 216
3899 240
3900 247
3901 256
3902 222
3903 269
3904 233
3905 224
3906 230
3907 226
3908 257
3909 249
3910 230
3911 232
3912 249
3913 245
3914 255
3915 224
3916 276
3917 231
3918 264
3919 275
3920 241
3921 235
3922 255
3923 266
3924 229
3925 241
3926 255
3927 250
3928 242
3929 249
3930 223
3931 230
3932 237
3933 265
3934 280
3935 240
3936 243
3937 250
3938 248
3939 223
3940 234
3941 227
3942 261
3943 247
3944 243
3945 247
3946 241
3947 235
3948 216
3949 247
3950 219
3951 236
3952 236
3953 277
3954 248
3955 247
3956 241
3957 246
3958 245
3959 259
3960 254
3961 223
3962 264
3963 225
3964 223
3965 262
3966 243
3967 231
3968 249
3969 244
3970 273
3971 211
3972 215
3973 245
3974 238
3975 225
3976 218
3977 247
3978 269
3979 246
3980 238
3981 229
3982 207
3983 229
3984 250
3985 250
3986 254
3987 246
3988 233
3989 249
3990 236
3991 233
3992 225
3993 240
3994 222
3995 241
3996 217
3997 244
3998 214
3999 222
4000 222
4001 266
4002 234
4003 245
4004 237
4005 257
4006 239
4007 250
4008 202
4009 246
4010 219
4011 213
4012 233
4013 228
4014 197
4015 232
4016 216
4017 225
4018 236
4019 198
4020 225
4021 219
4022 196
4023 250
4024 256
4025 229
4026 259
4027 195
4028 229
4029 220
4030 223
4031 264
4032 233
4033 226
4034 228
4035 266
4036 269
4037 223
4038 232
4039 223
4040 213
4041 227
4042 241
4043 226
4044 239
4045 229
4046 228
4047 239
4048 211
4049 246
4050 227
4051 224
4052 245
4053 240
4054 212
4055 230
4056 238
4057 196
4058 213
4059 252
4060 244
4061 214
4062 245
4063 222
4064 225
4065 216
4066 244
4067 241
4068 214
4069 227
4070 255
4071 232
4072 212
4073 225
4074 237
4075 230
4076 239
4077 243
4078 218
4079 226
4080 241
4081 226
4082 223
4083 250
4084 243
4085 205
4086 233
4087 246
4088 210
4089 219
4090 229
4091 212
4092 239
4093 229
4094 224
4095 220
4096 229
4097 248
4098 210
4099 216
4100 233
4101 224
4102 212
4103 213
4104 249
4105 229
4106 219
4107 217
4108 223
4109 218
4110 241
4111 253
4112 229
4113 222
4114 223
4115 252
4116 226
4117 211
4118 226
4119 231
4120 221
4121 211
4122 227
4123 209
4124 229
4125 218
4126 251
4127 223
4128 207
4129 227
4130 222
4131 214
4132 194
4133 217
4134 208
4135 225
4136 224
4137 205
4138 217
4139 224
4140 209
4141 218
4142 198
4143 211
4144 228
4145 227
4146 220
4147 227
4148 201
4149 218
4150 242
4151 184
4152 203
4153 216
4154 220
4155 208
4156 206
4157 222
4158 210
4159 214
4160 214
4161 249
4162 215
4163 218
4164 194
4165 243
4166 192
4167 204
4168 231
4169 240
4170 226
4171 228
4172 207
4173 232
4174 228
4175 224
4176 222
4177 210
4178 232
4179 183
4180 232
4181 213
4182 249
4183 235
4184 202
4185 185
4186 211
4187 211
4188 189
4189 213
4190 217
4191 213
4192 215
4193 208
4194 202
4195 233
4196 232
4197 211
4198 181
4199 210
4200 218
4201 234
4202 221
4203 217
4204 202
4205 260
4206 211
4207 240
4208 256
4209 233
4210 199
4211 230
4212 219
4213 209
4214 209
4215 225
4216 199
4217 255
4218 210
4219 220
4220 240
4221 227
4222 211
4223 222
4224 238
4225 201
4226 220
4227 198
4228 206
4229 222
4230 231
4231 219
4232 231
4233 206
4234 194
4235 257
4236 214
4237 190
4238 221
4239 200
4240 228
4241 230
4242 201
4243 214
4244 191
4245 194
4246 216
4247 212
4248 251
4249 219
4250 219
4251 188
4252 209
4253 196
4254 211
4255 196
4256 202
4257 207
4258 222
4259 197
4260 210
4261 205
4262 216
4263 167
4264 197
4265 214
4266 232
4267 201
4268 199
4269 204
4270 207
4271 201
4272 211
4273 189
4274 235
4275 197
4276 210
4277 194
4278 233
4279 188
4280 200
4281 182
4282 196
4283 204
4284 214
4285 209
4286 197
4287 214
4288 201
4289 222
4290 199
4291 200
4292 195
4293 223
4294 214
4295 195
4296 189
4297 178
4298 200
4299 197
4300 183
4301 195
4302 200
4303 189
4304 196
4305 190
4306 209
4307 206
4308 180
4309 213
4310 217
4311 181
4312 191
4313 213
4314 209
4315 194
4316 192
4317 194
4318 228
4319 197
4320 218
4321 205
4322 179
4323 206
4324 216
4325 202
4326 201
4327 191
4328 195
4329 212
4330 212
4331 195
4332 192
4333 199
4334 212
4335 210
4336 207
4337 189
4338 199
4339 183
4340 178
4341 208
4342 206
4343 234
4344 220
4345 201
4346 197
4347 221
4348 205
4349 221
4350 194
4351 224
4352 197
4353 188
4354 211
4355 213
4356 180
4357 205
4358 179
4359 196
4360 203
4361 200
4362 200
4363 224
4364 212
4365 208
4366 214
4367 215
4368 202
4369 174
4370 212
4371 180
4372 186
4373 192
4374 175
4375 215
4376 196
4377 189
4378 192
4379 209
4380 183
4381 197
4382 206
4383 202
4384 218
4385 178
4386 201
4387 206
4388 212
4389 171
4390 168
4391 190
4392 189
4393 171
4394 201
4395 202
4396 180
4397 206
4398 176
4399 226
4400 204
4401 186
4402 193
4403 220
4404 205
4405 198
4406 218
4407 189
4408 222
4409 191
4410 201
4411 191
4412 217
4413 190
4414 191
4415 187
4416 189
4417 179
4418 160
4419 191
4420 200
4421 182
4422 212
4423 203
4424 173
4425 183
4426 170
4427 190
4428 188
4429 192
4430 197
4431 191
4432 194
4433 178
4434 194
4435 181
4436 214
4437 194
4438 197
4439 217
4440 167
4441 187
4442 194
4443 184
4444 193
4445 196
4446 184
4447 186
4448 196
4449 186
4450 194
4451 188
4452 181
4453 210
4454 181
4455 211
4456 202
4457 168
4458 208
4459 205
4460 204
4461 188
4462 207
4463 185
4464 180
4465 185
4466 189
4467 172
4468 176
4469 193
4470 187
4471 165
4472 189
4473 203
4474 208
4475 186
4476 197
4477 187
4478 178
4479 185
4480 152
4481 194
4482 192
4483 226
4484 193
4485 198
4486 180
4487 179
4488 190
4489 179
4490 186
4491 189
4492 165
4493 201
4494 181
4495 156
4496 190
4497 227
4498 187
4499 190
4500 170
4501 199
4502 184
4503 185
4504 188
4505 184
4506 179
4507 211
4508 152
4509 179
4510 178
4511 189
4512 177
4513 214
4514 199
4515 196
4516 188
4517 174
4518 169
4519 170
4520 185
4521 181
4522 189
4523 179
4524 177
4525 187
4526 171
4527 197
4528 200
4529 186
4530 185
4531 188
4532 174
4533 192
4534 169
4535 165
4536 205
4537 184
4538 175
4539 192
4540 194
4541 184
4542 200
4543 190
4544 190
4545 200
4546 170
4547 180
4548 180
4549 192
4550 171
4551 173
4552 189
4553 180
4554 157
4555 186
4556 195
4557 188
4558 182
4559 165
4560 169
4561 196
4562 157
4563 199
4564 167
4565 203
4566 186
4567 178
4568 176
4569 162
4570 170
4571 175
4572 174
4573 169
4574 160
4575 179
4576 194
4577 181
4578 184
4579 190
4580 195
4581 197
4582 190
4583 193
4584 191
4585 168
4586 173
4587 184
4588 176
4589 189
4590 169
4591 177
4592 193
4593 170
4594 196
4595 182
4596 198
4597 183
4598 183
4599 180
4600 170
4601 191
4602 174
4603 200
4604 183
4605 162
4606 207
4607 171
4608 188
4609 173
4610 168
4611 165
4612 174
4613 172
4614 154
4615 185
4616 157
4617 153
4618 165
4619 157
4620 185
4621 163
4622 171
4623 186
4624 187
4625 197
4626 177
4627 189
4628 199
4629 153
4630 171
4631 186
4632 195
4633 189
4634 188
4635 180
4636 206
4637 172
4638 148
4639 161
4640 174
4641 172
4642 190
4643 176
4644 171
4645 180
4646 156
4647 164
4648 176
4649 169
4650 195
4651 162
4652 189
4653 178
4654 188
4655 188
4656 167
4657 172
4658 167
4659 154
4660 174
4661 170
4662 181
4663 182
4664 167
4665 184
4666 198
4667 158
4668 165
4669 166
4670 152
4671 179
4672 179
4673 209
4674 187
4675 187
4676 159
4677 170
4678 194
4679 160
4680 180
4681 192
4682 170
4683 177
4684 178
4685 170
4686 195
4687 163
4688 176
4689 155
4690 164
4691 163
4692 152
4693 169
4694 193
4695 166
4696 184
4697 185
4698 176
4699 171
4700 157
4701 165
4702 172
4703 171
4704 160
4705 171
4706 186
4707 151
4708 181
4709 163
4710 162
4711 190
4712 168
4713 163
4714 179
4715 180
4716 167
4717 179
4718 169
4719 194
4720 195
4721 180
4722 165
4723 147
4724 170
4725 161
4726 163
4727 144
4728 168
4729 172
4730 168
4731 178
4732 160
4733 172
4734 174
4735 174
4736 171
4737 140
4738 152
4739 173
4740 174
4741 151
4742 156
4743 157
4744 173
4745 176
4746 160
4747 156
4748 142
4749 155
4750 153
4751 184
4752 166
4753 159
4754 162
4755 138
4756 165
4757 168
4758 167
4759 166
4760 184
4761 161
4762 162
4763 176
4764 169
4765 176
4766 169
4767 172
4768 174
4769 180
4770 160
4771 181
4772 173
4773 171
4774 161
4775 179
4776 153
4777 160
4778 180
4779 162
4780 169
4781 154
4782 166
4783 148
4784 185
4785 183
4786 186
4787 161
4788 153
4789 196
4790 188
4791 178
4792 147
4793 168
4794 163
4795 167
4796 167
4797 178
4798 171
4799 176
4800 170
4801 126
4802 152
4803 181
4804 157
4805 170
4806 148
4807 173
4808 184
4809 160
4810 176
4811 135
4812 159
4813 157
4814 160
4815 141
4816 160
4817 177
4818 161
4819 163
4820 158
4821 159
4822 149
4823 186
4824 163
4825 168
4826 148
4827 157
4828 166
4829 176
4830 160
4831 166
4832 192
4833 163
4834 154
4835 156
4836 151
4837 143
4838 173
4839 145
4840 154
4841 155
4842 164
4843 157
4844 152
4845 175
4846 175
4847 185
4848 130
4849 142
4850 160
4851 167
4852 155
4853 172
4854 162
4855 165
4856 161
4857 169
4858 156
4859 169
4860 163
4861 174
4862 145
4863 157
4864 169
4865 158
4866 165
4867 141
4868 144
4869 158
4870 147
4871 147
4872 141
4873 158
4874 132
4875 158
4876 137
4877 168
4878 177
4879 175
4880 141
4881 171
4882 148
4883 152
4884 151
4885 150
4886 156
4887 156
4888 142
4889 153
4890 150
4891 143
4892 145
4893 134
4894 148
4895 139
4896 163
4897 144
4898 158
4899 170
4900 144
4901 158
4902 147
4903 157
4904 130
4905 173
4906 149
4907 156
4908 149
4909 150
4910 157
4911 116
4912 140
4913 168
4914 149
4915 166
4916 148
4917 137
4918 158
4919 147
4920 155
4921 144
4922 140
4923 144
4924 161
4925 167
4926 154
4927 159
4928 157
4929 164
4930 139
4931 153
4932 151
4933 147
4934 142
4935 152
4936 164
4937 151
4938 149
4939 139
4940 159
4941 157
4942 154
4943 154
4944 152
4945 129
4946 141
4947 155
4948 138
4949 134
4950 159
4951 135
4952 137
4953 157
4954 157
4955 152
4956 171
4957 140
4958 151
4959 153
4960 147
4961 144
4962 148
4963 137
4964 128
4965 167
4966 134
4967 161
4968 137
4969 158
4970 122
4971 171
4972 148
4973 129
4974 145
4975 129
4976 140
4977 157
4978 145
4979 148
4980 135
4981 169
4982 167
4983 133
4984 125
4985 134
4986 143
4987 140
4988 144
4989 173
4990 146
4991 137
4992 164
4993 135
4994 146
4995 150
4996 135
4997 141
4998 140
4999 150
5000 149
5001 143
5002 149
5003 160
5004 147
5005 145
5006 147
5007 145
5008 149
5009 143
5010 164
5011 159
5012 144
5013 152
5014 155
5015 143
5016 145
5017 135
5018 150
5019 157
5020 135
5021 145
5022 156
5023 141
5024 163
5025 143
5026 156
5027 149
5028 133
5029 171
5030 161
5031 147
5032 138
5033 138
5034 138
5035 148
5036 141
5037 158
5038 134
5039 151
5040 144
5041 148
5042 142
5043 152
5044 173
5045 108
5046 151
5047 139
5048 128
5049 125
5050 149
5051 132
5052 132
5053 145
5054 135
5055 153
5056 135
5057 149
5058 145
5059 124
5060 149
5061 149
5062 127
5063 139
5064 140
5065 139
5066 148
5067 143
5068 163
5069 145
5070 121
5071 136
5072 165
5073 143
5074 138
5075 141
5076 138
5077 151
5078 135
5079 144
5080 160
5081 146
5082 128
5083 140
5084 144
5085 153
5086 148
5087 127
5088 135
5089 144
5090 126
5091 142
5092 137
5093 145
5094 138
5095 142
5096 159
5097 128
5098 140
5099 143
5100 158
5101 133
5102 126
5103 154
5104 107
5105 157
5106 143
5107 127
5108 129
5109 120
5110 157
5111 134
5112 162
5113 139
5114 150
5115 143
5116 151
5117 127
5118 126
5119 145
5120 129
5121 166
5122 148
5123 149
5124 137
5125 150
5126 150
5127 141
5128 129
5129 129
5130 140
5131 149
5132 146
5133 129
5134 114
5135 141
5136 131
5137 133
5138 133
5139 129
5140 129
5141 131
5142 131
5143 133
5144 160
5145 111
5146 150
5147 133
5148 163
5149 137
5150 157
5151 160
5152 149
5153 113
5154 123
5155 169
5156 137
5157 149
5158 140
5159 159
5160 142
5161 126
5162 131
5163 129
5164 129
5165 137
5166 141
5167 133
5168 137
5169 138
5170 144
5171 139
5172 138
5173 160
5174 159
5175 133
5176 135
5177 149
5178 127
5179 129
5180 152
5181 131
5182 133
5183 136
5184 125
5185 133
5186 151
5187 120
5188 132
5189 154
5190 140
5191 146
5192 148
5193 132
5194 139
5195 144
5196 151
5197 136
5198 147
5199 118
5200 132
5201 145
5202 138
5203 123
5204 138
5205 136
5206 134
5207 142
5208 132
5209 139
5210 143
5211 123
5212 129
5213 130
5214 135
5215 133
5216 137
5217 134
5218 143
5219 123
5220 135
5221 136
5222 136
5223 141
5224 135
5225 115
5226 142
5227 134
5228 124
5229 134
5230 117
5231 137
5232 150
5233 145
5234 121
5235 128
5236 142
5237 113
5238 129
5239 127
5240 117
5241 126
5242 122
5243 139
5244 125
5245 152
5246 119
5247 141
5248 128
5249 139
5250 116
5251 130
5252 126
5253 135
5254 131
5255 118
5256 129
5257 129
5258 103
5259 139
5260 141
5261 136
5262 135
5263 120
5264 134
5265 131
5266 133
5267 132
5268 123
5269 125
5270 137
5271 114
5272 130
5273 118
5274 145
5275 130
5276 132
5277 149
5278 124
5279 113
5280 119
5281 126
5282 137
5283 140
5284 138
5285 135
5286 142
5287 117
5288 109
5289 128
5290 139
5291 133
5292 151
5293 119
5294 141
5295 131
5296 119
5297 140
5298 158
5299 116
5300 137
5301 132
5302 111
5303 115
5304 140
5305 121
5306 127
5307 128
5308 104
5309 126
5310 131
5311 141
5312 136
5313 115
5314 127
5315 127
5316 140
5317 128
5318 123
5319 133
5320 142
5321 130
5322 117
5323 107
5324 144
5325 136
5326 129
5327 137
5328 134
5329 137
5330 134
5331 129
5332 153
5333 122
5334 111
5335 119
5336 134
5337 106
5338 137
5339 124
5340 118
5341 147
5342 136
5343 142
5344 140
5345 110
5346 133
5347 134
5348 126
5349 120
5350 123
5351 152
5352 101
5353 136
5354 136
5355 120
5356 126
5357 147
5358 96
5359 124
5360 121
5361 128
5362 120
5363 129
5364 134
5365 97
5366 141
5367 138
5368 129
5369 137
5370 124
5371 115
5372 149
5373 140
5374 115
5375 119
5376 134
5377 125
5378 140
5379 121
5380 117
5381 123
5382 118
5383 124
5384 130
5385 118
5386 127
5387 142
5388 131
5389 123
5390 113
5391 124
5392 137
5393 123
5394 137
5395 120
5396 116
5397 130
5398 127
5399 121
5400 128
5401 118
5402 143
5403 115
5404 121
5405 137
5406 110
5407 111
5408 106
5409 95
5410 134
5411 125
5412 128
5413 117
5414 130
5415 116
5416 123
5417 138
5418 129
5419 124
5420 118
5421 128
5422 115
5423 127
5424 119
5425 123
5426 133
5427 137
5428 121
5429 141
5430 113
5431 116
5432 124
5433 140
5434 119
5435 127
5436 108
5437 110
5438 125
5439 116
5440 126
5441 108
5442 120
5443 104
5444 114
5445 114
5446 133
5447 129
5448 134
5449 114
5450 115
5451 114
5452 121
5453 115
5454 122
5455 128
5456 134
5457 113
5458 103
5459 112
5460 124
5461 111
5462 122
5463 129
5464 120
5465 111
5466 120
5467 118
5468 110
5469 123
5470 120
5471 113
5472 110
5473 107
5474 124
5475 131
5476 111
5477 120
5478 113
5479 149
5480 113
5481 119
5482 114
5483 127
5484 112
5485 133
5486 139
5487 110
5488 122
5489 119
5490 133
5491 117
5492 128
5493 122
5494 127
5495 137
5496 112
5497 131
5498 114
5499 111
5500 140
5501 108
5502 129
5503 117
5504 140
5505 128
5506 108
5507 119
5508 103
5509 145
5510 138
5511 124
5512 119
5513 125
5514 108
5515 116
5516 128
5517 148
5518 123
5519 134
5520 114
5521 111
5522 123
5523 109
5524 118
5525 113
5526 114
5527 130
5528 117
5529 117
5530 92
5531 123
5532 106
5533 123
5534 108
5535 133
5536 106
5537 125
5538 117
5539 119
5540 110
5541 110
5542 138
5543 132
5544 124
5545 125
5546 119
5547 108
5548 107
5549 115
5550 104
5551 119
5552 124
5553 110
5554 110
5555 119
5556 113
5557 137
5558 127
5559 123
5560 122
5561 106
5562 126
5563 134
5564 114
5565 127
5566 109
5567 137
5568 124
5569 123
5570 127
5571 128
5572 109
5573 115
5574 124
5575 135
5576 112
5577 138
5578 106
5579 128
5580 113
5581 127
5582 130
5583 124
5584 125
5585 121
5586 113
5587 136
5588 108
5589 117
5590 139
5591 131
5592 114
5593 112
5594 122
5595 101
5596 119
5597 117
5598 117
5599 127
5600 121
5601 120
5602 117
5603 122
5604 128
5605 124
5606 105
5607 125
5608 110
5609 131
5610 120
5611 135
5612 128
5613 107
5614 120
5615 133
5616 104
5617 116
5618 127
5619 101
5620 117
5621 117
5622 109
5623 123
5624 110
5625 112
5626 121
5627 127
5628 126
5629 118
5630 110
5631 101
5632 129
5633 133
5634 113
5635 105
5636 116
5637 129
5638 129
5639 113
5640 122
5641 113
5642 117
5643 126
5644 128
5645 140
5646 119
5647 102
5648 102
5649 133
5650 117
5651 137
5652 122
5653 93
5654 121
5655 125
5656 101
5657 109
5658 117
5659 116
5660 112
5661 112
5662 111
5663 121
5664 106
5665 108
5666 128
5667 130
5668 111
5669 115
5670 129
5671 102
5672 103
5673 103
5674 125
5675 112
5676 108
5677 105
5678 100
5679 115
5680 113
5681 112
5682 121
5683 135
5684 126
5685 133
5686 106
5687 110
5688 114
5689 124
5690 138
5691 103
5692 107
5693 127
5694 114
5695 117
5696 100
5697 111
5698 119
5699 116
5700 110
5701 130
5702 121
5703 111
5704 132
5705 122
5706 120
5707 107
5708 98
5709 120
5710 125
5711 111
5712 114
5713 108
5714 133
5715 100
5716 120
5717 106
5718 109
5719 114
5720 119
5721 109
5722 111
5723 127
5724 106
5725 119
5726 121
5727 110
5728 130
5729 117
5730 106
5731 107
5732 106
5733 122
5734 136
5735 115
5736 109
5737 116
5738 120
5739 127
5740 120
5741 101
5742 135
5743 129
5744 118
5745 111
5746 120
5747 122
5748 111
5749 107
5750 119
5751 129
5752 121
5753 118
5754 106
5755 110
5756 130
5757 125
5758 104
5759 122
5760 145
5761 115
5762 104
5763 94
5764 129
5765 100
5766 127
5767 117
5768 110
5769 102
5770 113
5771 109
5772 118
5773 116
5774 100
5775 107
5776 104
5777 115
5778 115
5779 104
5780 138
5781 102
5782 125
5783 126
5784 110
5785 102
5786 105
5787 105
5788 120
5789 117
5790 128
5791 105
5792 122
5793 109
5794 122
5795 122
5796 116
5797 129
5798 112
5799 124
5800 118
5801 121
5802 108
5803 120
5804 135
5805 121
5806 114
5807 122
5808 108
5809 109
5810 123
5811 124
5812 119
5813 133
5814 139
5815 106
5816 98
5817 132
5818 108
5819 125
5820 109
5821 108
5822 108
5823 120
5824 122
5825 116
5826 108
5827 123
5828 121
5829 109
5830 88
5831 125
5832 114
5833 120
5834 110
5835 109
5836 146
5837 127
5838 122
5839 127
5840 106
5841 118
5842 120
5843 112
5844 91
5845 124
5846 107
5847 134
5848 120
5849 118
5850 105
5851 108
5852 121
5853 122
5854 116
5855 101
5856 108
5857 133
5858 122
5859 135
5860 102
5861 124
5862 126
5863 104
5864 126
5865 113
5866 110
5867 127
5868 106
5869 129
5870 115
5871 129
5872 109
5873 122
5874 112
5875 121
5876 126
5877 111
5878 114
5879 100
5880 107
5881 108
5882 119
5883 121
5884 99
5885 112
5886 113
5887 133
5888 106
5889 127
5890 110
5891 101
5892 117
5893 115
5894 104
5895 117
5896 127
5897 124
5898 108
5899 121
5900 119
5901 128
5902 120
5903 116
5904 113
5905 125
5906 106
5907 97
5908 100
5909 121
5910 126
5911 120
5912 116
5913 124
5914 118
5915 118
5916 120
5917 121
5918 114
5919 123
5920 106
5921 115
5922 133
5923 110
5924 133
5925 125
5926 130
5927 113
5928 123
5929 134
5930 109
5931 112
5932 119
5933 124
5934 109
5935 104
5936 107
5937 124
5938 119
5939 113
5940 115
5941 121
5942 148
5943 126
5944 113
5945 113
5946 105
5947 105
5948 130
5949 126
5950 107
5951 105
5952 110
5953 129
5954 119
5955 100
5956 129
5957 105
5958 142
5959 114
5960 103
5961 127
5962 117
5963 120
5964 141
5965 110
5966 129
5967 110
5968 116
5969 121
5970 125
5971 102
5972 134
5973 125
5974 125
5975 135
5976 133
5977 122
5978 113
5979 114
5980 149
5981 111
5982 125
5983 108
5984 118
5985 114
5986 122
5987 114
5988 124
5989 132
5990 97
5991 117
5992 128
5993 133
5994 120
5995 122
5996 108
5997 114
5998 124
5999 103
6000 110
6001 125
6002 134
6003 118
6004 133
6005 123
6006 115
6007 130
6008 133
6009 115
6010 131
6011 115
6012 132
6013 116
6014 118
6015 112
6016 129
6017 110
6018 104
6019 134
6020 113
6021 109
6022 147
6023 125
6024 116
6025 126
6026 130
6027 113
6028 101
6029 114
6030 127
6031 109
6032 123
6033 112
6034 133
6035 131
6036 120
6037 118
6038 127
6039 118
6040 139
6041 115
6042 110
6043 130
6044 98
6045 127
6046 97
6047 129
6048 123
6049 108
6050 121
6051 111
6052 139
6053 124
6054 110
6055 130
6056 109
6057 107
6058 140
6059 109
6060 124
6061 127
6062 114
6063 122
6064 128
6065 112
6066 111
6067 134
6068 141
6069 119
6070 121
6071 127
6072 111
6073 136
6074 128
6075 133
6076 103
6077 123
6078 139
6079 128
6080 116
6081 121
6082 121
6083 125
6084 124
6085 139
6086 136
6087 124
6088 129
6089 128
6090 109
6091 118
6092 133
6093 139
6094 139
6095 124
6096 129
6097 129
6098 139
6099 122
6100 135
6101 142
6102 137
6103 117
6104 147
6105 126
6106 129
6107 147
6108 121
6109 111
6110 116
6111 133
6112 129
6113 141
6114 131
6115 129
6116 123
6117 133
6118 154
6119 125
6120 131
6121 119
6122 142
6123 148
6124 138
6125 135
6126 115
6127 112
6128 118
6129 136
6130 145
6131 138
6132 132
6133 118
6134 138
6135 124
6136 122
6137 105
6138 120
6139 126
6140 140
6141 133
6142 144
6143 154
6144 142
6145 121
6146 142
6147 122
6148 144
6149 127
6150 134
6151 148
6152 143
6153 130
6154 137
6155 160
6156 159
6157 118
6158 129
6159 122
6160 123
6161 115
6162 147
6163 155
6164 114
6165 141
6166 128
6167 136
6168 137
6169 146
6170 122
6171 115
6172 119
6173 136
6174 141
6175 128
6176 115
6177 135
6178 147
6179 130
6180 135
6181 150
6182 123
6183 150
6184 127
6185 147
6186 143
6187 135
6188 147
6189 155
6190 151
6191 138
6192 134
6193 152
6194 143
6195 107
6196 141
6197 137
6198 123
6199 122
6200 118
6201 118
6202 137
6203 144
6204 140
6205 146
6206 125
6207 140
6208 135
6209 132
6210 133
6211 142
6212 146
6213 142
6214 120
6215 146
6216 128
6217 149
6218 155
6219 124
6220 128
6221 134
6222 129
6223 145
6224 143
6225 138
6226 134
6227 125
6228 134
6229 140
6230 144
6231 136
6232 142
6233 143
6234 153
6235 159
6236 151
6237 161
6238 147
6239 150
6240 148
6241 133
6242 151
6243 136
6244 134
6245 147
6246 142
6247 141
6248 155
6249 150
6250 134
6251 132
6252 137
6253 143
6254 141
6255 140
6256 137
6257 133
6258 135
6259 156
6260 136
6261 131
6262 149
6263 164
6264 136
6265 160
6266 146
6267 158
6268 137
6269 163
6270 136
6271 147
6272 156
6273 132
6274 119
6275 132
6276 150
6277 141
6278 166
6279 143
6280 135
6281 150
6282 145
6283 139
6284 136
6285 152
6286 169
6287 159
6288 161
6289 148
6290 149
6291 158
6292 145
6293 146
6294 175
6295 147
6296 109
6297 151
6298 134
6299 160
6300 153
6301 149
6302 163
6303 133
6304 149
6305 138
6306 172
6307 151
6308 160
6309 141
6310 145
6311 151
6312 158
6313 156
6314 136
6315 153
6316 153
6317 166
6318 147
6319 158
6320 160
6321 153
6322 151
6323 142
6324 146
6325 136
6326 157
6327 153
6328 155
6329 155
6330 172
6331 162
6332 121
6333 164
6334 146
6335 160
6336 160
6337 151
6338 145
6339 142
6340 146
6341 169
6342 149
6343 148
6344 150
6345 146
6346 152
6347 151
6348 130
6349 161
6350 164
6351 161
6352 163
6353 154
6354 155
6355 173
6356 172
6357 193
6358 162
6359 188
6360 122
6361 178
6362 153
6363 147
6364 143
6365 135
6366 142
6367 153
6368 172
6369 155
6370 152
6371 169
6372 146
6373 158
6374 142
6375 159
6376 155
6377 143
6378 161
6379 166
6380 143
6381 155
6382 172
6383 157
6384 154
6385 142
6386 164
6387 180
6388 154
6389 158
6390 155
6391 157
6392 159
6393 165
6394 149
6395 171
6396 142
6397 152
6398 159
6399 144
6400 153
6401 151
6402 148
6403 164
6404 177
6405 151
6406 189
6407 170
6408 180
6409 159
6410 172
6411 171
6412 143
6413 154
6414 149
6415 153
6416 145
6417 143
6418 162
6419 167
6420 165
6421 160
6422 155
6423 177
6424 147
6425 172
6426 150
6427 138
6428 189
6429 146
6430 140
6431 147
6432 155
6433 161
6434 171
6435 163
6436 163
6437 162
6438 163
6439 138
6440 162
6441 160
6442 164
6443 159
6444 186
6445 167
6446 151
6447 183
6448 174
6449 146
6450 145
6451 177
6452 175
6453 149
6454 160
6455 166
6456 151
6457 134
6458 174
6459 168
6460 166
6461 152
6462 174
6463 162
6464 175
6465 180
6466 175
6467 175
6468 205
6469 169
6470 169
6471 192
6472 160
6473 160
6474 162
6475 173
6476 164
6477 192
6478 173
6479 158
6480 155
6481 183
6482 177
6483 164
6484 147
6485 180
6486 162
6487 197
6488 136
6489 191
6490 184
6491 168
6492 181
6493 158
6494 188
6495 170
6496 161
6497 182
6498 163
6499 177
6500 179
6501 163
6502 199
6503 166
6504 181
6505 173
6506 176
6507 175
6508 178
6509 185
6510 165
6511 147
6512 157
6513 159
6514 182
6515 176
6516 180
6517 174
6518 173
6519 185
6520 172
6521 170
6522 157
6523 164
6524 175
6525 193
6526 178
6527 175
6528 192
6529 173
6530 177
6531 173
6532 203
6533 159
6534 187
6535 186
6536 173
6537 186
6538 172
6539 164
6540 163
6541 143
6542 167
6543 171
6544 157
6545 182
6546 172
6547 194
6548 186
6549 203
6550 166
6551 188
6552 156
6553 151
6554 171
6555 168
6556 195
6557 173
6558 181
6559 189
6560 166
6561 178
6562 188
6563 195
6564 196
6565 179
6566 195
6567 169
6568 192
6569 166
6570 195
6571 206
6572 192
6573 175
6574 178
6575 158
6576 206
6577 203
6578 183
6579 186
6580 199
6581 175
6582 176
6583 160
6584 173
6585 175
6586 185
6587 174
6588 186
6589 197
6590 155
6591 190
6592 187
6593 163
6594 202
6595 194
6596 195
6597 159
6598 177
6599 186
6600 166
6601 216
6602 182
6603 180
6604 171
6605 188
6606 187
6607 177
6608 207
6609 153
6610 188
6611 189
6612 178
6613 180
6614 179
6615 179
6616 183
6617 222
6618 162
6619 190
6620 191
6621 196
6622 172
6623 190
6624 191
6625 200
6626 160
6627 171
6628 186
6629 170
6630 175
6631 200
6632 185
6633 191
6634 174
6635 164
6636 211
6637 189
6638 175
6639 185
6640 190
6641 189
6642 193
6643 197
6644 187
6645 177
6646 174
6647 216
6648 186
6649 180
6650 175
6651 195
6652 204
6653 189
6654 175
6655 207
6656 218
6657 180
6658 182
6659 179
6660 202
6661 189
6662 194
6663 204
6664 196
6665 169
6666 217
6667 206
6668 206
6669 219
6670 192
6671 159
6672 211
6673 201
6674 188
6675 188
6676 206
6677 176
6678 205
6679 190
6680 211
6681 201
6682 190
6683 204
6684 187
6685 224
6686 205
6687 175
6688 164
6689 187
6690 205
6691 200
6692 201
6693 212
6694 192
6695 219
6696 178
6697 191
6698 200
6699 195
6700 174
6701 193
6702 204
6703 193
6704 215
6705 212
6706 167
6707 204
6708 184
6709 176
6710 227
6711 171
6712 164
6713 180
6714 185
6715 177
6716 207
6717 191
6718 199
6719 185
6720 199
6721 199
6722 209
6723 194
6724 202
6725 205
6726 197
6727 214
6728 192
6729 186
6730 190
6731 221
6732 187
6733 207
6734 164
6735 204
6736 185
6737 180
6738 215
6739 227
6740 194
6741 188
6742 210
6743 188
6744 202
6745 175
6746 172
6747 190
6748 224
6749 195
6750 192
6751 195
6752 185
6753 204
6754 213
6755 194
6756 207
6757 200
6758 232
6759 171
6760 198
6761 189
6762 176
6763 201
6764 191
6765 212
6766 199
6767 198
6768 212
6769 191
6770 174
6771 208
6772 198
6773 198
6774 199
6775 214
6776 221
6777 193
6778 196
6779 193
6780 208
6781 219
6782 206
6783 192
6784 194
6785 198
6786 201
6787 208
6788 205
6789 187
6790 200
6791 184
6792 201
6793 191
6794 206
6795 205
6796 180
6797 194
6798 196
6799 200
6800 220
6801 194
6802 201
6803 200
6804 200
6805 212
6806 214
6807 196
6808 195
6809 190
6810 193
6811 194
6812 193
6813 239
6814 208
6815 201
6816 182
6817 194
6818 196
6819 185
6820 183
6821 177
6822 187
6823 205
6824 200
6825 195
6826 179
6827 210
6828 189
6829 198
6830 190
6831 223
6832 201
6833 203
6834 207
6835 208
6836 217
6837 201
6838 191
6839 201
6840 196
6841 206
6842 185
6843 184
6844 194
6845 218
6846 176
6847 214
6848 182
6849 207
6850 189
6851 244
6852 205
6853 175
6854 211
6855 213
6856 190
6857 216
6858 211
6859 205
6860 225
6861 203
6862 178
6863 199
6864 167
6865 189
6866 178
6867 203
6868 187
6869 180
6870 190
6871 196
6872 206
6873 185
6874 208
6875 190
6876 232
6877 204
6878 204
6879 217
6880 212
6881 213
6882 207
6883 211
6884 215
6885 212
6886 227
6887 191
6888 210
6889 199
6890 220
6891 208
6892 206
6893 187
6894 207
6895 229
6896 185
6897 218
6898 205
6899 184
6900 188
6901 201
6902 208
6903 209
6904 205
6905 208
6906 203
6907 229
6908 207
6909 202
6910 208
6911 210
6912 203
6913 207
6914 196
6915 217
6916 219
6917 196
6918 217
6919 208
6920 198
6921 199
6922 213
6923 200
6924 205
6925 224
6926 207
6927 204
6928 211
6929 246
6930 217
6931 189
6932 212
6933 197
6934 189
6935 219
6936 219
6937 207
6938 192
6939 210
6940 215
6941 201
6942 201
6943 223
6944 198
6945 189
6946 179
6947 202
6948 210
6949 195
6950 220
6951 221
6952 234
6953 208
6954 189
6955 217
6956 215
6957 196
6958 181
6959 209
6960 211
6961 193
6962 208
6963 184
6964 212
6965 220
6966 218
6967 193
6968 204
6969 196
6970 204
6971 203
6972 192
6973 174
6974 189
6975 213
6976 202
6977 206
6978 199
6979 197
6980 195
6981 201
6982 183
6983 239
6984 183
6985 222
6986 176
6987 205
6988 200
6989 201
6990 227
6991 199
6992 208
6993 225
6994 214
6995 180
6996 216
6997 227
6998 177
6999 207
7000 205
7001 197
7002 176
7003 193
7004 218
7005 205
7006 213
7007 164
7008 200
7009 181
7010 167
7011 199
7012 194
7013 196
7014 182
7015 193
7016 206
7017 189
7018 192
7019 193
7020 211
7021 193
7022 177
7023 175
7024 210
7025 217
7026 193
7027 177
7028 177
7029 195
7030 194
7031 207
7032 180
7033 214
7034 231
7035 181
7036 192
7037 178
7038 207
7039 182
7040 212
7041 183
7042 190
7043 199
7044 184
7045 196
7046 202
7047 216
7048 215
7049 214
7050 206
7051 197
7052 206
7053 160
7054 179
7055 182
7056 176
7057 194
7058 237
7059 188
7060 186
7061 176
7062 180
7063 212
7064 169
7065 205
7066 188
7067 184
7068 202
7069 203
7070 207
7071 180
7072 193
7073 211
7074 195
7075 202
7076 212
7077 209
7078 185
7079 191
7080 187
7081 184
7082 190
7083 185
7084 197
7085 201
7086 203
7087 175
7088 195
7089 193
7090 191
7091 178
7092 186
7093 208
7094 187
7095 188
7096 206
7097 192
7098 197
7099 215
7100 214
7101 179
7102 203
7103 188
7104 195
7105 219
7106 186
7107 181
7108 191
7109 185
7110 215
7111 169
7112 185
7113 181
7114 212
7115 173
7116 200
7117 178
7118 191
7119 195
7120 213
7121 177
7122 176
7123 191
7124 192
7125 191
7126 189
7127 218
7128 191
7129 198
7130 184
7131 177
7132 193
7133 191
7134 201
7135 167
7136 203
7137 176
7138 191
7139 193
7140 175
7141 180
7142 180
7143 175
7144 204
7145 185
7146 186
7147 199
7148 186
7149 169
7150 210
7151 186
7152 188
7153 165
7154 195
7155 195
7156 164
7157 174
7158 174
7159 184
7160 203
7161 191
7162 202
7163 162
7164 203
7165 187
7166 178
7167 177
7168 193
7169 186
7170 216
7171 177
7172 195
7173 172
7174 205
7175 187
7176 198
7177 159
7178 175
7179 196
7180 161
7181 171
7182 175
7183 175
7184 181
7185 172
7186 185
7187 184
7188 171
7189 176
7190 180
7191 188
7192 189
7193 183
7194 199
7195 169
7196 157
7197 190
7198 201
7199 168
7200 176
7201 195
7202 180
7203 157
7204 200
7205 176
7206 182
7207 179
7208 193
7209 184
7210 171
7211 179
7212 180
7213 197
7214 173
7215 186
7216 165
7217 168
7218 154
7219 187
7220 195
7221 196
7222 170
7223 167
7224 159
7225 151
7226 160
7227 201
7228 199
7229 160
7230 183
7231 182
7232 184
7233 195
7234 195
7235 169
7236 164
7237 188
7238 168
7239 189
7240 179
7241 173
7242 183
7243 185
7244 173
7245 180
7246 198
7247 183
7248 176
7249 167
7250 181
7251 156
7252 167
7253 181
7254 151
7255 191
7256 168
7257 188
7258 168
7259 170
7260 181
7261 181
7262 176
7263 166
7264 204
7265 157
7266 168
7267 163
7268 173
7269 172
7270 170
7271 174
7272 181
7273 181
7274 161
7275 179
7276 160
7277 173
7278 171
7279 168
7280 182
7281 161
7282 173
7283 171
7284 177
7285 172
7286 150
7287 177
7288 176
7289 190
7290 177
7291 161
7292 151
7293 160
7294 158
7295 166
7296 181
7297 173
7298 176
7299 158
7300 181
7301 155
7302 168
7303 158
7304 167
7305 162
7306 193
7307 156
7308 169
7309 156
7310 180
7311 170
7312 157
7313 151
7314 174
7315 156
7316 174
7317 153
7318 170
7319 179
7320 175
7321 148
7322 159
7323 164
7324 162
7325 155
7326 170
7327 169
7328 166
7329 175
7330 152
7331 179
7332 156
7333 147
7334 163
7335 158
7336 168
7337 172
7338 167
7339 152
7340 148
7341 157
7342 154
7343 159
7344 163
7345 173
7346 151
7347 158
7348 171
7349 165
7350 169
7351 170
7352 159
7353 164
7354 164
7355 145
7356 141
7357 163
7358 160
7359 151
7360 151
7361 163
7362 148
7363 157
7364 150
7365 151
7366 159
7367 146
7368 168
7369 172
7370 142
7371 142
7372 158
7373 148
7374 171
7375 153
7376 154
7377 162
7378 145
7379 160
7380 137
7381 146
7382 152
7383 164
7384 140
7385 151
7386 192
7387 151
7388 138
7389 147
7390 158
7391 166
7392 146
7393 124
7394 161
7395 157
7396 163
7397 151
7398 153
7399 153
7400 149
7401 133
7402 145
7403 146
7404 152
7405 151
7406 171
7407 145
7408 154
7409 157
7410 145
7411 136
7412 172
7413 136
7414 146
7415 179
7416 162
7417 135
7418 169
7419 164
7420 150
7421 150
7422 138
7423 149
7424 155
7425 135
7426 155
7427 135
7428 148
7429 162
7430 155
7431 144
7432 169
7433 145
7434 145
7435 138
7436 155
7437 154
7438 186
7439 161
7440 149
7441 162
7442 153
7443 139
7444 119
7445 157
7446 160
7447 145
7448 142
7449 147
7450 139
7451 146
7452 167
7453 155
7454 146
7455 153
7456 160
7457 150
7458 145
7459 152
7460 163
7461 169
7462 141
7463 141
7464 155
7465 127
7466 144
7467 146
7468 153
7469 159
7470 165
7471 130
7472 145
7473 170
7474 168
7475 127
7476 140
7477 146
7478 119
7479 157
7480 163
7481 162
7482 141
7483 150
7484 163
7485 130
7486 143
7487 140
7488 151
7489 135
7490 158
7491 141
7492 146
7493 133
7494 129
7495 121
7496 135
7497 140
7498 133
7499 116
7500 137
7501 138
7502 125
7503 122
7504 130
7505 127
7506 118
7507 116
7508 147
7509 121
7510 124
7511 134
7512 138
7513 135
7514 133
7515 135
7516 130
7517 120
7518 112
7519 119
7520 119
7521 149
7522 131
7523 147
7524 121
7525 142
7526 127
7527 145
7528 125
7529 151
7530 128
7531 143
7532 143
7533 121
7534 128
7535 133
7536 142
7537 135
7538 136
7539 141
7540 129
7541 123
7542 142
7543 136
7544 116
7545 164
7546 144
7547 131
7548 135
7549 119
7550 139
7551 127
7552 139
7553 129
7554 146
7555 123
7556 128
7557 125
7558 115
7559 158
7560 137
7561 120
7562 116
7563 139
7564 126
7565 123
7566 111
7567 130
7568 142
7569 131
7570 151
7571 122
7572 150
7573 135
7574 119
7575 137
7576 132
7577 126
7578 131
7579 130
7580 132
7581 111
7582 118
7583 126
7584 139
7585 117
7586 123
7587 120
7588 134
7589 140
7590 122
7591 132
7592 120
7593 143
7594 134
7595 110
7596 128
7597 124
7598 121
7599 107
7600 114
7601 126
7602 131
7603 131
7604 113
7605 119
7606 105
7607 127
7608 125
7609 115
7610 96
7611 117
7612 110
7613 129
7614 145
7615 114
7616 125
7617 126
7618 125
7619 146
7620 116
7621 126
7622 110
7623 113
7624 124
7625 127
7626 116
7627 126
7628 144
7629 117
7630 126
7631 129
7632 129
7633 136
7634 130
7635 120
7636 132
7637 124
7638 125
7639 102
7640 115
7641 112
7642 143
7643 138
7644 122
7645 122
7646 120
7647 124
7648 95
7649 135
7650 143
7651 103
7652 123
7653 120
7654 122
7655 115
7656 113
7657 127
7658 126
7659 127
7660 125
7661 119
7662 116
7663 119
7664 86
7665 126
7666 113
7667 105
7668 118
7669 123
7670 113
7671 131
7672 128
7673 122
7674 115
7675 107
7676 112
7677 139
7678 123
7679 104
7680 120
7681 124
7682 112
7683 94
7684 121
7685 114
7686 92
7687 117
7688 104
7689 111
7690 116
7691 120
7692 116
7693 111
7694 108
7695 102
7696 86
7697 113
7698 118
7699 118
7700 89
7701 103
7702 105
7703 122
7704 118
7705 98
7706 118
7707 105
7708 109
7709 99
7710 103
7711 114
7712 110
7713 95
7714 125
7715 139
7716 107
7717 111
7718 102
7719 101
7720 103
7721 118
7722 100
7723 113
7724 89
7725 97
7726 126
7727 109
7728 106
7729 117
7730 122
7731 106
7732 115
7733 89
7734 103
7735 108
7736 85
7737 113
7738 108
7739 100
7740 103
7741 101
7742 103
7743 100
7744 100
7745 105
7746 95
7747 112
7748 109
7749 86
7750 113
7751 118
7752 96
7753 96
7754 105
7755 107
7756 113
7757 104
7758 94
7759 116
7760 113
7761 109
7762 102
7763 121
7764 109
7765 121
7766 88
7767 118
7768 104
7769 108
7770 108
7771 115
7772 95
7773 107
7774 92
7775 111
7776 101
7777 102
7778 94
7779 82
7780 99
7781 112
7782 99
7783 115
7784 121
7785 92
7786 101
7787 89
7788 100
7789 94
7790 110
7791 86
7792 103
7793 100
7794 107
7795 91
7796 93
7797 108
7798 114
7799 97
7800 100
7801 86
7802 93
7803 88
7804 88
7805 97
7806 103
7807 99
7808 100
7809 85
7810 95
7811 106
7812 111
7813 89
7814 97
7815 95
7816 95
7817 112
7818 108
7819 85
7820 81
7821 116
7822 87
7823 114
7824 77
7825 91
7826 80
7827 99
7828 115
7829 109
7830 100
7831 113
7832 89
7833 80
7834 90
7835 79
7836 97
7837 84
7838 82
7839 90
7840 99
7841 87
7842 101
7843 109
7844 86
7845 91
7846 105
7847 87
7848 87
7849 84
7850 91
7851 105
7852 88
7853 101
7854 100
7855 91
7856 102
7857 96
7858 109
7859 88
7860 82
7861 85
7862 119
7863 86
7864 89
7865 98
7866 105
7867 90
7868 78
7869 97
7870 81
7871 109
7872 95
7873 114
7874 104
7875 115
7876 96
7877 84
7878 89
7879 96
7880 93
7881 106
7882 100
7883 80
7884 96
7885 103
7886 94
7887 79
7888 98
7889 91
7890 106
7891 99
7892 100
7893 86
7894 83
7895 91
7896 90
7897 95
7898 100
7899 101
7900 79
7901 94
7902 91
7903 99
7904 91
7905 81
7906 86
7907 114
7908 79
7909 88
7910 83
7911 89
7912 96
7913 83
7914 95
7915 73
7916 95
7917 89
7918 87
7919 73
7920 94
7921 88
7922 91
7923 82
7924 75
7925 86
7926 90
7927 86
7928 92
7929 90
7930 75
7931 69
7932 98
7933 95
7934 92
7935 91
7936 94
7937 76
7938 91
7939 72
7940 95
7941 88
7942 78
7943 96
7944 92
7945 75
7946 89
7947 77
7948 64
7949 80
7950 75
7951 83
7952 99
7953 74
7954 73
7955 82
7956 95
7957 99
7958 60
7959 93
7960 79
7961 99
7962 83
7963 87
7964 82
7965 88
7966 102
7967 82
7968 89
7969 92
7970 87
7971 96
7972 72
7973 87
7974 79
7975 75
7976 96
7977 65
7978 87
7979 91
7980 88
7981 82
7982 74
7983 85
7984 78
7985 87
7986 82
7987 80
7988 73
7989 79
7990 69
7991 92
7992 74
7993 94
7994 96
7995 85
7996 71
7997 97
7998 68
7999 90
8000 83
8001 84
8002 105
8003 82
8004 93
8005 78
8006 76
8007 97
8008 74
8009 70
8010 67
8011 88
8012 73
8013 75
8014 76
8015 67
8016 94
8017 66
8018 79
8019 75
8020 82
8021 77
8022 86
8023 61
8024 83
8025 73
8026 79
8027 66
8028 67
8029 92
8030 88
8031 94
8032 76
8033 89
8034 73
8035 70
8036 90
8037 73
8038 93
8039 80
8040 76
8041 73
8042 94
8043 87
8044 85
8045 87
8046 81
8047 82
8048 73
8049 75
8050 94
8051 68
8052 70
8053 72
8054 88
8055 84
8056 73
8057 86
8058 84
8059 83
8060 65
8061 65
8062 77
8063 77
8064 74
8065 83
8066 79
8067 67
8068 77
8069 66
8070 89
8071 73
8072 79
8073 84
8074 84
8075 74
8076 83
8077 73
8078 86
8079 73
8080 86
8081 70
8082 71
8083 65
8084 84
8085 93
8086 58
8087 77
8088 68
8089 83
8090 58
8091 77
8092 76
8093 75
8094 72
8095 86
8096 63
8097 72
8098 72
8099 57
8100 74
8101 78
8102 65
8103 65
8104 76
8105 77
8106 79
8107 81
8108 63
8109 61
8110 82
8111 65
8112 70
8113 73
8114 73
8115 65
8116 65
8117 64
8118 76
8119 78
8120 82
8121 72
8122 76
8123 78
8124 72
8125 63
8126 53
8127 72
8128 64
8129 69
8130 74
8131 78
8132 74
8133 68
8134 75
8135 73
8136 75
8137 83
8138 73
8139 76
8140 72
8141 62
8142 72
8143 87
8144 82
8145 68
8146 75
8147 69
8148 72
8149 65
8150 59
8151 60
8152 84
8153 66
8154 65
8155 60
8156 82
8157 69
8158 75
8159 90
8160 50
8161 87
8162 70
8163 66
8164 73
8165 68
8166 59
8167 54
8168 64
8169 77
8170 69
8171 63
8172 67
8173 65
8174 66
8175 79
8176 60
8177 69
8178 63
8179 81
8180 68
8181 82
8182 70
8183 65
8184 63
8185 74
8186 76
8187 57
8188 52
8189 66
8190 58
8191 57
8192 64
8193 62
8194 63
8195 61
8196 79
8197 92
8198 74
8199 74
8200 81
8201 71
8202 76
8203 69
8204 65
8205 50
8206 65
8207 68
8208 62
8209 67
8210 57
8211 67
8212 53
8213 59
8214 69
8215 69
8216 75
8217 65
8218 61
8219 71
8220 61
8221 66
8222 63
8223 70
8224 75
8225 72
8226 73
8227 61
8228 65
8229 64
8230 69
8231 56
8232 73
8233 63
8234 76
8235 57
8236 82
8237 66
8238 65
8239 69
8240 73
8241 74
8242 65
8243 76
8244 75
8245 55
8246 72
8247 72
8248 73
8249 59
8250 57
8251 69
8252 69
8253 58
8254 70
8255 60
8256 59
8257 61
8258 73
8259 71
8260 61
8261 76
8262 76
8263 63
8264 60
8265 84
8266 65
8267 64
8268 55
8269 59
8270 60
8271 50
8272 69
8273 62
8274 75
8275 68
8276 64
8277 57
8278 56
8279 59
8280 73
8281 59
8282 72
8283 70
8284 63
8285 52
8286 64
8287 74
8288 73
8289 64
8290 57
8291 71
8292 72
8293 60
8294 57
8295 59
8296 65
8297 59
8298 78
8299 68
8300 53
8301 60
8302 59
8303 67
8304 65
8305 57
8306 52
8307 64
8308 64
8309 63
8310 65
8311 65
8312 56
8313 82
8314 48
8315 62
8316 72
8317 60
8318 51
8319 55
8320 62
8321 70
8322 75
8323 63
8324 64
8325 74
8326 59
8327 50
8328 47
8329 54
8330 57
8331 64
8332 63
8333 68
8334 69
8335 53
8336 58
8337 69
8338 59
8339 56
8340 70
8341 46
8342 53
8343 60
8344 51
8345 67
8346 60
8347 47
8348 55
8349 58
8350 59
8351 65
8352 66
8353 62
8354 61
8355 67
8356 70
8357 68
8358 69
8359 55
8360 67
8361 63
8362 59
8363 45
8364 64
8365 64
8366 65
8367 54
8368 56
8369 62
8370 53
8371 59
8372 64
8373 44
8374 64
8375 62
8376 75
8377 61
8378 50
8379 45
8380 72
8381 60
8382 54
8383 76
8384 49
8385 61
8386 71
8387 70
8388 57
8389 70
8390 58
8391 56
8392 71
8393 51
8394 58
8395 64
8396 69
8397 57
8398 56
8399 63
8400 61
8401 53
8402 50
8403 52
8404 66
8405 48
8406 60
8407 66
8408 54
8409 69
8410 54
8411 64
8412 53
8413 50
8414 46
8415 53
8416 57
8417 56
8418 58
8419 60
8420 73
8421 61
8422 64
8423 49
8424 52
8425 61
8426 48
8427 64
8428 60
8429 58
8430 61
8431 43
8432 48
8433 59
8434 62
8435 44
8436 57
8437 50
8438 51
8439 59
8440 62
8441 62
8442 53
8443 64
8444 71
8445 53
8446 57
8447 53
8448 49
8449 55
8450 61
8451 61
8452 55
8453 55
8454 51
8455 49
8456 54
8457 69
8458 66
8459 68
8460 49
8461 53
8462 38
8463 63
8464 45
8465 54
8466 65
8467 52
8468 49
8469 66
8470 68
8471 57
8472 57
8473 66
8474 72
8475 56
8476 61
8477 47
8478 58
8479 57
8480 56
8481 48
8482 64
8483 61
8484 65
8485 55
8486 49
8487 55
8488 54
8489 50
8490 60
8491 54
8492 61
8493 61
8494 54
8495 40
8496 58
8497 83
8498 52
8499 55
8500 58
8501 50
8502 45
8503 52
8504 66
8505 59
8506 52
8507 57
8508 60
8509 52
8510 62
8511 58
8512 52
8513 58
8514 42
8515 54
8516 57
8517 55
8518 51
8519 60
8520 61
8521 53
8522 55
8523 54
8524 45
8525 71
8526 56
8527 62
8528 58
8529 59
8530 64
8531 58
8532 44
8533 52
8534 64
8535 54
8536 62
8537 53
8538 52
8539 59
8540 56
8541 59
8542 60
8543 78
8544 48
8545 49
8546 46
8547 55
8548 63
8549 61
8550 67
8551 45
8552 57
8553 57
8554 45
8555 55
8556 53
8557 55
8558 51
8559 55
8560 50
8561 58
8562 57
8563 44
8564 57
8565 62
8566 40
8567 59
8568 49
8569 62
8570 59
8571 56
8572 54
8573 51
8574 50
8575 55
8576 45
8577 62
8578 61
8579 53
8580 43
8581 40
8582 66
8583 54
8584 61
8585 50
8586 51
8587 55
8588 65
8589 49
8590 64
8591 58
8592 68
8593 58
8594 46
8595 51
8596 66
8597 50
8598 41
8599 55
8600 52
8601 48
8602 58
8603 71
8604 48
8605 64
8606 48
8607 55
8608 46
8609 56
8610 53
8611 50
8612 58
8613 49
8614 46
8615 57
8616 59
8617 60
8618 57
8619 45
8620 36
8621 64
8622 65
8623 44
8624 51
8625 53
8626 42
8627 46
8628 53
8629 46
8630 59
8631 62
8632 62
8633 51
8634 45
8635 46
8636 52
8637 53
8638 54
8639 57
8640 61
8641 47
8642 60
8643 64
8644 43
8645 47
8646 46
8647 45
8648 61
8649 34
8650 51
8651 44
8652 50
8653 57
8654 54
8655 61
8656 54
8657 44
8658 33
8659 44
8660 54
8661 54
8662 56
8663 55
8664 60
8665 48
8666 64
8667 57
8668 66
8669 48
8670 60
8671 51
8672 47
8673 48
8674 36
8675 65
8676 35
8677 47
8678 50
8679 54
8680 49
8681 52
8682 45
8683 53
8684 52
8685 54
8686 50
8687 45
8688 53
8689 59
8690 57
8691 49
8692 55
8693 52
8694 53
8695 57
8696 38
8697 65
8698 52
8699 40
8700 53
8701 50
8702 66
8703 56
8704 61
8705 47
8706 54
8707 65
8708 52
8709 46
8710 50
8711 54
8712 54
8713 51
8714 46
8715 52
8716 53
8717 67
8718 54
8719 39
8720 57
8721 46
8722 34
8723 43
8724 49
8725 48
8726 57
8727 41
8728 50
8729 56
8730 46
8731 52
8732 45
8733 58
8734 47
8735 52
8736 60
8737 54
8738 47
8739 47
8740 61
8741 47
8742 48
8743 53
8744 48
8745 50
8746 47
8747 51
8748 48
8749 40
8750 54
8751 55
8752 44
8753 42
8754 57
8755 48
8756 59
8757 50
8758 64
8759 51
8760 42
8761 36
8762 43
8763 45
8764 49
8765 51
8766 54
8767 59
8768 39
8769 45
8770 49
8771 55
8772 41
8773 62
8774 55
8775 67
8776 51
8777 51
8778 48
8779 53
8780 53
8781 49
8782 45
8783 62
8784 60
8785 59
8786 46
8787 46
8788 51
8789 47
8790 46
8791 41
8792 55
8793 41
8794 51
8795 45
8796 50
8797 48
8798 47
8799 53
8800 49
8801 50
8802 61
8803 52
8804 64
8805 55
8806 31
8807 36
8808 49
8809 34
8810 51
8811 44
8812 42
8813 51
8814 52
8815 42
8816 50
8817 42
8818 49
8819 54
8820 61
8821 47
8822 42
8823 44
8824 51
8825 54
8826 48
8827 48
8828 45
8829 40
8830 42
8831 58
8832 47
8833 47
8834 39
8835 54
8836 43
8837 49
8838 55
8839 45
8840 53
8841 52
8842 46
8843 42
8844 44
8845 47
8846 44
8847 47
8848 45
8849 47
8850 42
8851 49
8852 46
8853 39
8854 54
8855 44
8856 38
8857 53
8858 44
8859 47
8860 51
8861 64
8862 58
8863 60
8864 49
8865 47
8866 55
8867 51
8868 53
8869 57
8870 54
8871 57
8872 44
8873 58
8874 56
8875 48
8876 33
8877 49
8878 47
8879 56
8880 50
8881 53
8882 64
8883 35
8884 39
8885 46
8886 44
8887 49
8888 45
8889 50
8890 47
8891 58
8892 50
8893 52
8894 33
8895 47
8896 50
8897 61
8898 43
8899 41
8900 47
8901 42
8902 60
8903 52
8904 58
8905 38
8906 46
8907 54
8908 52
8909 51
8910 49
8911 46
8912 54
8913 53
8914 39
8915 43
8916 41
8917 50
8918 46
8919 43
8920 48
8921 47
8922 39
8923 59
8924 51
8925 52
8926 34
8927 51
8928 43
8929 53
8930 33
8931 52
8932 40
8933 36
8934 52
8935 47
8936 52
8937 57
8938 51
8939 42
8940 41
8941 50
8942 43
8943 59
8944 53
8945 49
8946 32
8947 46
8948 34
8949 33
8950 50
8951 46
8952 40
8953 53
8954 48
8955 45
8956 38
8957 48
8958 40
8959 40
8960 42
8961 36
8962 47
8963 52
8964 44
8965 49
8966 45
8967 40
8968 43
8969 53
8970 65
8971 48
8972 31
8973 52
8974 49
8975 50
8976 50
8977 46
8978 40
8979 52
8980 36
8981 42
8982 47
8983 46
8984 45
8985 38
8986 44
8987 48
8988 39
8989 52
8990 32
8991 47
8992 58
8993 46
8994 42
8995 32
8996 53
8997 45
8998 44
8999 37
9000 38
9001 41
9002 45
9003 41
9004 50
9005 47
9006 37
9007 36
9008 51
9009 40
9010 44
9011 36
9012 42
9013 40
9014 54
9015 41
9016 32
9017 36
9018 51
9019 51
9020 47
9021 45
9022 45
9023 49
9024 50
9025 41
9026 47
9027 53
9028 43
9029 43
9030 39
9031 45
9032 34
9033 40
9034 60
9035 45
9036 45
9037 49
9038 31
9039 40
9040 45
9041 55
9042 45
9043 40
9044 59
9045 38
9046 35
9047 47
9048 39
9049 42
9050 39
9051 46
9052 44
9053 44
9054 37
9055 38
9056 43
9057 44
9058 46
9059 49
9060 41
9061 43
9062 36
9063 53
9064 32
9065 37
9066 51
9067 42
9068 45
9069 46
9070 41
9071 43
9072 48
9073 44
9074 49
9075 42
9076 42
9077 42
9078 41
9079 35
9080 55
9081 30
9082 43
9083 48
9084 40
9085 53
9086 49
9087 38
9088 55
9089 56
9090 43
9091 39
9092 42
9093 44
9094 36
9095 48
9096 41
9097 50
9098 46
9099 40
9100 44
9101 39
9102 34
9103 45
9104 48
9105 24
9106 41
9107 45
9108 36
9109 47
9110 42
9111 48
9112 29
9113 54
9114 46
9115 47
9116 43
9117 51
9118 36
9119 42
9120 39
9121 43
9122 47
9123 39
9124 53
9125 44
9126 38
9127 41
9128 45
9129 42
9130 38
9131 39
9132 46
9133 50
9134 46
9135 38
9136 38
9137 46
9138 44
9139 34
9140 31
9141 50
9142 41
9143 46
9144 49
9145 38
9146 49
9147 30
9148 43
9149 39
9150 35
9151 45
9152 41
9153 43
9154 34
9155 37
9156 33
9157 45
9158 42
9159 56
9160 41
9161 41
9162 49
9163 43
9164 40
9165 44
9166 45
9167 47
9168 42
9169 45
9170 37
9171 24
9172 39
9173 45
9174 35
9175 52
9176 48
9177 36
9178 39
9179 50
9180 39
9181 38
9182 39
9183 36
9184 41
9185 46
9186 37
9187 37
9188 30
9189 44
9190 43
9191 36
9192 43
9193 41
9194 39
9195 35
9196 40
9197 42
9198 47
9199 41
9200 46
9201 41
9202 31
9203 43
9204 34
9205 43
9206 43
9207 46
9208 40
9209 46
9210 44
9211 31
9212 40
9213 38
9214 30
9215 38
9216 41
9217 41
9218 40
9219 50
9220 28
9221 55
9222 40
9223 34
9224 37
9225 45
9226 48
9227 35
9228 45
9229 47
9230 41
9231 36
9232 39
9233 53
9234 35
9235 38
9236 47
9237 37
9238 46
9239 41
9240 46
9241 44
9242 48
9243 39
9244 39
9245 47
9246 40
9247 42
9248 40
9249 42
9250 46
9251 36
9252 37
9253 34
9254 52
9255 44
9256 45
9257 28
9258 31
9259 37
9260 41
9261 46
9262 30
9263 43
9264 38
9265 39
9266 42
9267 38
9268 38
9269 32
9270 35
9271 41
9272 37
9273 31
9274 36
9275 41
9276 37
9277 39
9278 33
9279 42
9280 46
9281 46
9282 35
9283 45
9284 44
9285 44
9286 42
9287 43
9288 35
9289 31
9290 35
9291 47
9292 42
9293 47
9294 29
9295 50
9296 31
9297 40
9298 35
9299 24
9300 47
9301 33
9302 30
9303 52
9304 40
9305 42
9306 43
9307 38
9308 51
9309 36
9310 35
9311 36
9312 45
9313 43
9314 42
9315 42
9316 49
9317 41
9318 29
9319 35
9320 44
9321 46
9322 37
9323 38
9324 33
9325 50
9326 45
9327 40
9328 46
9329 28
9330 41
9331 35
9332 34
9333 29
9334 38
9335 47
9336 40
9337 30
9338 38
9339 55
9340 34
9341 38
9342 45
9343 32
9344 39
9345 46
9346 29
9347 39
9348 40
9349 37
9350 34
9351 36
9352 40
9353 38
9354 30
9355 41
9356 39
9357 46
9358 31
9359 44
9360 42
9361 40
9362 40
9363 41
9364 40
9365 33
9366 36
9367 43
9368 37
9369 31
9370 35
9371 36
9372 40
9373 40
9374 41
9375 30
9376 36
9377 38
9378 41
9379 34
9380 48
9381 47
9382 45
9383 34
9384 37
9385 32
9386 32
9387 32
9388 43
9389 38
9390 34
9391 35
9392 36
9393 38
9394 45
9395 46
9396 43
9397 52
9398 35
9399 39
9400 24
9401 44
9402 35
9403 39
9404 37
9405 30
9406 30
9407 47
9408 31
9409 33
9410 41
9411 46
9412 26
9413 34
9414 41
9415 32
9416 36
9417 33
9418 29
9419 40
9420 45
9421 30
9422 36
9423 35
9424 29
9425 31
9426 36
9427 39
9428 25
9429 43
9430 34
9431 26
9432 26
9433 35
9434 43
9435 30
9436 28
9437 44
9438 37
9439 34
9440 27
9441 33
9442 38
9443 26
9444 41
9445 39
9446 31
9447 30
9448 28
9449 33
9450 35
9451 37
9452 31
9453 36
9454 33
9455 34
9456 31
9457 25
9458 26
9459 35
9460 38
9461 37
9462 35
9463 41
9464 37
9465 33
9466 35
9467 52
9468 49
9469 42
9470 37
9471 34
9472 34
9473 34
9474 43
9475 29
9476 39
9477 42
9478 36
9479 40
9480 33
9481 46
9482 38
9483 35
9484 36
9485 34
9486 30
9487 35
9488 37
9489 40
9490 32
9491 42
9492 28
9493 36
9494 36
9495 49
9496 45
9497 28
9498 42
9499 31
9500 40
9501 36
9502 29
9503 26
9504 28
9505 41
9506 40
9507 35
9508 44
9509 40
9510 44
9511 35
9512 45
9513 34
9514 35
9515 46
9516 34
9517 32
9518 32
9519 30
9520 35
9521 41
9522 38
9523 47
9524 48
9525 38
9526 29
9527 31
9528 45
9529 38
9530 24
9531 30
9532 33
9533 30
9534 34
9535 36
9536 37
9537 45
9538 33
9539 22
9540 32
9541 40
9542 42
9543 30
9544 45
9545 30
9546 33
9547 41
9548 40
9549 39
9550 30
9551 40
9552 35
9553 41
9554 40
9555 31
9556 23
9557 37
9558 31
9559 35
9560 29
9561 35
9562 25
9563 31
9564 34
9565 47
9566 43
9567 39
9568 43
9569 38
9570 39
9571 37
9572 26
9573 40
9574 41
9575 38
9576 30
9577 32
9578 35
9579 35
9580 32
9581 34
9582 28
9583 30
9584 38
9585 34
9586 40
9587 37
9588 28
9589 40
9590 37
9591 32
9592 43
9593 23
9594 31
9595 40
9596 33
9597 31
9598 32
9599 36
9600 29
9601 42
9602 39
9603 40
9604 25
9605 27
9606 34
9607 31
9608 31
9609 27
9610 27
9611 31
9612 40
9613 30
9614 24
9615 34
9616 36
9617 36
9618 31
9619 29
9620 40
9621 28
9622 35
9623 36
9624 49
9625 31
9626 32
9627 32
9628 41
9629 29
9630 38
9631 40
9632 31
9633 31
9634 50
9635 35
9636 31
9637 33
9638 44
9639 34
9640 36
9641 32
9642 25
9643 24
9644 26
9645 30
9646 32
9647 38
9648 34
9649 34
9650 21
9651 45
9652 30
9653 44
9654 46
9655 37
9656 36
9657 32
9658 35
9659 34
9660 37
9661 42
9662 24
9663 31
9664 37
9665 39
9666 43
9667 30
9668 37
9669 42
9670 35
9671 36
9672 42
9673 41
9674 31
9675 41
9676 40
9677 43
9678 29
9679 36
9680 31
9681 30
9682 38
9683 30
9684 28
9685 43
9686 33
9687 24
9688 27
9689 34
9690 38
9691 36
9692 37
9693 33
9694 31
9695 42
9696 45
9697 34
9698 34
9699 30
9700 33
9701 34
9702 33
9703 29
9704 42
9705 38
9706 30
9707 29
9708 37
9709 31
9710 39
9711 35
9712 49
9713 37
9714 36
9715 31
9716 33
9717 28
9718 45
9719 29
9720 28
9721 40
9722 28
9723 33
9724 29
9725 30
9726 28
9727 33
9728 32
9729 20
9730 30
9731 38
9732 40
9733 34
9734 34
9735 34
9736 30
9737 34
9738 34
9739 31
9740 26
9741 33
9742 34
9743 34
9744 37
9745 30
9746 36
9747 33
9748 42
9749 30
9750 34
9751 32
9752 29
9753 42
9754 34
9755 30
9756 51
9757 31
9758 46
9759 24
9760 31
9761 31
9762 32
9763 22
9764 33
9765 25
9766 44
9767 30
9768 23
9769 38
9770 34
9771 29
9772 37
9773 41
9774 42
9775 33
9776 28
9777 39
9778 41
9779 28
9780 29
9781 28
9782 32
9783 38
9784 38
9785 39
9786 29
9787 23
9788 43
9789 43
9790 32
9791 23
9792 34
9793 29
9794 27
9795 27
9796 33
9797 28
9798 37
9799 34
9800 30
9801 36
9802 43
9803 35
9804 38
9805 39
9806 39
9807 25
9808 29
9809 32
9810 24
9811 46
9812 32
9813 36
9814 34
9815 36
9816 29
9817 20
9818 28
9819 33
9820 33
9821 34
9822 35
9823 35
9824 29
9825 34
9826 39
9827 39
9828 35
9829 39
9830 31
9831 36
9832 33
9833 43
9834 33
9835 34
9836 35
9837 37
9838 24
9839 31
9840 34
9841 35
9842 29
9843 28
9844 34
9845 30
9846 32
9847 28
9848 34
9849 41
9850 32
9851 36
9852 32
9853 34
9854 35
9855 41
9856 38
9857 40
9858 24
9859 42
9860 38
9861 32
9862 33
9863 31
9864 32
9865 25
9866 37
9867 37
9868 30
9869 30
9870 37
9871 33
9872 37
9873 27
9874 29
9875 25
9876 32
9877 28
9878 31
9879 29
9880 31
9881 26
9882 27
9883 25
9884 36
9885 32
9886 36
9887 33
9888 36
9889 30
9890 36
9891 37
9892 36
9893 26
9894 34
9895 32
9896 39
9897 28
9898 27
9899 33
9900 27
9901 40
9902 25
9903 32
9904 38
9905 42
9906 27
9907 40
9908 35
9909 26
9910 33
9911 26
9912 25
9913 30
9914 30
9915 16
9916 38
9917 37
9918 38
9919 28
9920 39
9921 27
9922 24
9923 22
9924 33
9925 27
9926 32
9927 27
9928 23
9929 26
9930 28
9931 38
9932 32
9933 20
9934 28
9935 29
9936 28
9937 25
9938 35
9939 32
9940 31
9941 32
9942 28
9943 41
9944 31
9945 44
9946 30
9947 32
9948 31
9949 39
9950 45
9951 33
9952 43
9953 30
9954 29
9955 33
9956 37
9957 34
9958 39
9959 28
9960 36
9961 37
9962 27
9963 35
9964 32
9965 27
9966 35
9967 32
9968 33
9969 30
9970 30
9971 32
9972 29
9973 37
9974 25
9975 29
9976 31
9977 30
9978 29
9979 27
9980 31
9981 39
9982 24
9983 27
9984 30
9985 31
9986 34
9987 34
9988 33
9989 29
9990 26
9991 28
9992 30
9993 41
9994 37
9995 20
9996 39
9997 30
9998 30
9999 31
10000 25
10001 262592
