2 46876533
3 25821767
4 14352015
5 8240630
6 4932518
7 3095567
8 2051813
9 1440966
10 1081734
11 875427
12 763677
13 717769
14 715705
15 753618
16 819505
17 908451
18 1019634
19 1145292
20 1279351
21 1425024
22 1572589
23 1721205
24 1859091
25 1986282
26 2101859
27 2192870
28 2258532
29 2295536
30 2304052
31 2279781
32 2228926
33 2154102
34 2054536
35 1938576
36 1814303
37 1686776
38 1554300
39 1431968
40 1319639
41 1218489
42 1134079
43 1064602
44 1008972
45 971463
46 946474
47 934000
48 937348
49 945790
50 962865
51 985967
52 1014447
53 1040191
54 1069740
55 1095619
56 1120729
57 1142107
58 1158651
59 1170017
60 1176560
61 1178598
62 1177121
63 1167352
64 1154542
65 1138076
66 1117185
67 1093875
68 1070329
69 1046314
70 1020255
71 993265
72 970070
73 945370
74 925008
75 907762
76 890031
77 876368
78 863590
79 856583
80 850372
81 845797
82 842720
83 843950
84 842187
85 847342
86 846276
87 849925
88 854503
89 858497
90 861954
91 866227
92 866738
93 867867
94 870595
95 867210
96 869532
97 869023
98 867117
99 867730
100 866678
101 865155
102 863487
103 864213
104 862416
105 862154
106 859345
107 858637
108 856454
109 858112
110 856335
111 857641
112 858544
113 858433
114 856373
115 858318
116 855885
117 856713
118 856747
119 853869
120 851804
121 848923
122 845541
123 843571
124 837836
125 832243
126 829741
127 819219
128 812500
129 804227
130 794874
131 784585
132 775075
133 763160
134 753437
135 740634
136 729629
137 717016
138 705016
139 693169
140 681920
141 668841
142 657810
143 646739
144 634586
145 623292
146 614682
147 602554
148 591937
149 582476
150 573904
151 563305
152 555065
153 547036
154 538490
155 529928
156 523793
157 515403
158 507222
159 502612
160 494004
161 489130
162 482672
163 477660
164 472885
165 466659
166 461583
167 456636
168 452209
169 446734
170 442810
171 438212
172 434607
173 429189
174 426305
175 423122
176 418370
177 414932
178 411607
179 407931
180 404784
181 400754
182 398593
183 396009
184 393039
185 388668
186 386241
187 384432
188 380729
189 379018
190 375731
191 373320
192 370510
193 368034
194 366524
195 363585
196 361172
197 358585
198 357619
199 354892
200 350429
201 348903
202 347213
203 346088
204 344068
205 340109
206 338514
207 337235
208 334113
209 332151
210 330089
211 327022
212 325877
213 324086
214 322013
215 321052
216 318438
217 316754
218 315519
219 313189
220 311364
221 309445
222 308958
223 306854
224 305028
225 302551
226 300092
227 299301
228 297344
229 296212
230 293873
231 292753
232 290211
233 289934
234 287811
235 286164
236 284030
237 283843
238 280655
239 279720
240 277965
241 275883
242 274457
243 272295
244 271136
245 270352
246 267866
247 267252
248 265102
249 262795
250 261355
251 259553
252 258196
253 257229
254 254542
255 252872
256 251844
257 250397
258 248529
259 246868
260 245275
261 243826
262 242626
263 240992
264 239111
265 237360
266 235558
267 233598
268 232479
269 230875
270 229320
271 228178
272 226215
273 224376
274 223968
275 220876
276 220147
277 219308
278 217818
279 216483
280 214444
281 213468
282 210957
283 210363
284 207747
285 207681
286 205525
287 204270
288 203049
289 202018
290 200958
291 199302
292 197890
293 197243
294 195940
295 194624
296 193695
297 192621
298 190804
299 190094
300 188326
301 188186
302 187368
303 185582
304 183956
305 183054
306 181311
307 180931
308 179968
309 178454
310 177361
311 177052
312 175869
313 174845
314 174017
315 172729
316 171781
317 170525
318 169991
319 168427
320 166945
321 167450
322 166489
323 165668
324 165047
325 164608
326 162389
327 161798
328 160839
329 160410
330 159393
331 158327
332 157699
333 157183
334 156385
335 155266
336 154372
337 153519
338 153463
339 151611
340 151298
341 150346
342 150000
343 149231
344 148917
345 147075
346 147306
347 145884
348 145991
349 143936
350 144159
351 142218
352 143020
353 142020
354 141525
355 140139
356 139727
357 139871
358 138524
359 137951
360 137627
361 136465
362 135629
363 134918
364 133842
365 134619
366 132324
367 132382
368 131781
369 130380
370 131467
371 129980
372 129764
373 127794
374 127844
375 127138
376 126668
377 125934
378 125254
379 124144
380 124174
381 123562
382 123112
383 122390
384 122234
385 120970
386 120565
387 119653
388 119640
389 119727
390 118594
391 117760
392 116872
393 117282
394 116688
395 114806
396 114389
397 114653
398 114601
399 112928
400 113291
401 111910
402 111410
403 111394
404 110988
405 110382
406 110105
407 109834
408 109107
409 108224
410 106850
411 106859
412 107054
413 105966
414 105990
415 105084
416 104308
417 103977
418 103282
419 104103
420 103155
421 102125
422 101460
423 101383
424 101158
425 99958
426 99873
427 99744
428 99169
429 99240
430 98145
431 97224
432 97288
433 96608
434 96511
435 95769
436 95496
437 95315
438 95075
439 94323
440 94266
441 93707
442 93597
443 92969
444 92222
445 91792
446 91022
447 91293
448 90461
449 90654
450 89314
451 88995
452 89130
453 89083
454 88706
455 88442
456 87801
457 87525
458 87399
459 86489
460 85622
461 86440
462 85663
463 85276
464 85127
465 84658
466 84126
467 84077
468 83373
469 83281
470 83142
471 82858
472 81454
473 81545
474 81283
475 80842
476 80781
477 80476
478 80176
479 79978
480 79557
481 79377
482 79066
483 78316
484 78348
485 77876
486 77575
487 77432
488 76784
489 76560
490 75885
491 75910
492 75705
493 75456
494 74642
495 74443
496 74308
497 74220
498 73748
499 73920
500 72817
501 72743
502 73077
503 72560
504 72022
505 71805
506 71952
507 71336
508 70835
509 70856
510 70755
511 70279
512 70199
513 69719
514 69151
515 68944
516 68905
517 68887
518 68690
519 67936
520 67624
521 67674
522 67400
523 67195
524 66732
525 67100
526 65729
527 65781
528 65636
529 65322
530 65538
531 65230
532 65135
533 63839
534 64368
535 63678
536 63781
537 63617
538 62934
539 63111
540 62641
541 62570
542 62650
543 62051
544 61718
545 61661
546 61420
547 60836
548 61027
549 60699
550 60406
551 60141
552 60127
553 59219
554 59534
555 59501
556 59088
557 59143
558 58525
559 58209
560 58187
561 57792
562 58020
563 57426
564 57727
565 57164
566 56754
567 56716
568 56674
569 56581
570 56149
571 56096
572 56154
573 55629
574 55299
575 55042
576 55041
577 54619
578 54628
579 54293
580 54441
581 53861
582 53663
583 53506
584 53026
585 52900
586 53163
587 52875
588 52967
589 52659
590 52543
591 51884
592 51951
593 51590
594 51520
595 51233
596 51291
597 51161
598 50714
599 50583
600 50254
601 50634
602 50351
603 50491
604 49736
605 49587
606 49240
607 49717
608 48950
609 48762
610 48730
611 48366
612 47929
613 48496
614 47905
615 48005
616 47571
617 47923
618 47342
619 47237
620 47162
621 47222
622 46536
623 46806
624 46726
625 46390
626 46259
627 46124
628 45667
629 45493
630 45750
631 45560
632 45504
633 44684
634 45388
635 45034
636 44868
637 44386
638 44325
639 44083
640 43900
641 44270
642 44038
643 43702
644 43563
645 43350
646 43271
647 43008
648 42559
649 42656
650 42052
651 42946
652 42542
653 42501
654 42493
655 42135
656 42174
657 41901
658 41769
659 41666
660 40960
661 41595
662 41222
663 40577
664 40538
665 40731
666 40265
667 40397
668 40308
669 39759
670 40085
671 40151
672 39797
673 39571
674 39791
675 39476
676 39481
677 38985
678 39266
679 39006
680 38770
681 38634
682 38899
683 38246
684 38381
685 38437
686 38156
687 38045
688 37769
689 37576
690 37831
691 37239
692 37241
693 37477
694 37162
695 36967
696 37096
697 37108
698 36772
699 36684
700 36486
701 36546
702 36281
703 35919
704 36127
705 36050
706 35628
707 35216
708 35551
709 35526
710 35355
711 35123
712 35287
713 35145
714 34826
715 34772
716 34949
717 34487
718 34493
719 34738
720 34357
721 34269
722 34405
723 33928
724 33950
725 33624
726 33635
727 33926
728 33533
729 33210
730 33371
731 33095
732 32951
733 32770
734 33102
735 32417
736 32637
737 32801
738 32710
739 32492
740 32461
741 32472
742 32446
743 32156
744 31913
745 31830
746 31857
747 31657
748 31479
749 31607
750 31485
751 31512
752 31095
753 30995
754 31373
755 30899
756 30725
757 30659
758 30511
759 30732
760 30596
761 30375
762 30485
763 30306
764 30438
765 30238
766 29779
767 29875
768 29991
769 29602
770 29751
771 29836
772 29585
773 28984
774 29221
775 29068
776 29104
777 29070
778 28837
779 28923
780 28872
781 28884
782 28575
783 28550
784 28492
785 28448
786 28639
787 28272
788 28118
789 28381
790 27886
791 28093
792 27951
793 27846
794 27825
795 27595
796 27560
797 27468
798 27502
799 27266
800 27327
801 27130
802 26940
803 26980
804 27127
805 26892
806 26808
807 26609
808 26779
809 26769
810 26517
811 26725
812 26596
813 26209
814 26120
815 26093
816 26157
817 25957
818 26102
819 25799
820 25910
821 25755
822 25890
823 25505
824 25412
825 25281
826 25641
827 25506
828 25266
829 25147
830 25108
831 25187
832 25229
833 25058
834 24891
835 24711
836 24939
837 24670
838 24519
839 24503
840 24519
841 24417
842 24661
843 24486
844 24096
845 24194
846 24183
847 24154
848 24105
849 23772
850 23988
851 23638
852 23755
853 23701
854 23564
855 23432
856 23541
857 23230
858 23142
859 23330
860 23182
861 23082
862 23214
863 23234
864 23087
865 23167
866 22775
867 22837
868 22832
869 22829
870 22612
871 22885
872 22663
873 22610
874 22432
875 22473
876 22489
877 22268
878 22260
879 22341
880 22405
881 22247
882 21847
883 22014
884 21879
885 21866
886 21823
887 21640
888 21488
889 21542
890 21176
891 21548
892 21513
893 21185
894 21491
895 21059
896 20958
897 21218
898 20938
899 21092
900 20821
901 20849
902 20827
903 20850
904 21045
905 20577
906 20761
907 20617
908 20453
909 20778
910 20306
911 20442
912 20438
913 20503
914 20297
915 20274
916 20335
917 20316
918 20150
919 20084
920 20006
921 19982
922 19740
923 19708
924 19601
925 19485
926 19893
927 19442
928 19494
929 19563
930 19690
931 19500
932 19547
933 19041
934 19291
935 19124
936 19269
937 19047
938 19162
939 19219
940 19121
941 18656
942 18887
943 18921
944 19029
945 18907
946 18766
947 18753
948 18739
949 18524
950 18564
951 18434
952 18275
953 18427
954 18265
955 18209
956 18366
957 18248
958 18199
959 18112
960 18035
961 18055
962 18146
963 18169
964 18038
965 17739
966 17887
967 17882
968 17899
969 18012
970 17796
971 17694
972 17515
973 17625
974 17469
975 17467
976 17502
977 17384
978 17325
979 17498
980 17276
981 17237
982 17154
983 17280
984 17111
985 17075
986 16982
987 17150
988 17062
989 16718
990 16742
991 16896
992 16724
993 16550
994 16900
995 16550
996 16716
997 16686
998 16862
999 16372
1000 16753
1001 16329
1002 16764
1003 16302
1004 16204
1005 16285
1006 16252
1007 16223
1008 16313
1009 16380
1010 16271
1011 15949
1012 16141
1013 16078
1014 16341
1015 15972
1016 16216
1017 15740
1018 15632
1019 15696
1020 15880
1021 15903
1022 15701
1023 15734
1024 15726
1025 15740
1026 15624
1027 15511
1028 15486
1029 15537
1030 15426
1031 15483
1032 15158
1033 15386
1034 15434
1035 15328
1036 15346
1037 15157
1038 14982
1039 15058
1040 15082
1041 15115
1042 15052
1043 15083
1044 15004
1045 14904
1046 14938
1047 15039
1048 14832
1049 14877
1050 14970
1051 14825
1052 14557
1053 14782
1054 14558
1055 14391
1056 14565
1057 14589
1058 14587
1059 14679
1060 14833
1061 14420
1062 14311
1063 14310
1064 14470
1065 14423
1066 14379
1067 14215
1068 14309
1069 14210
1070 14219
1071 14251
1072 14033
1073 14079
1074 14128
1075 14205
1076 13968
1077 14023
1078 13945
1079 13834
1080 13879
1081 13921
1082 13904
1083 13818
1084 13653
1085 13858
1086 13698
1087 13811
1088 13716
1089 13827
1090 13588
1091 13645
1092 13478
1093 13513
1094 13488
1095 13464
1096 13274
1097 13553
1098 13328
1099 13481
1100 13610
1101 13312
1102 13130
1103 13412
1104 13069
1105 13076
1106 13267
1107 13154
1108 13014
1109 13105
1110 13252
1111 13068
1112 12842
1113 12892
1114 12977
1115 12839
1116 12925
1117 12877
1118 12850
1119 12917
1120 12906
1121 12835
1122 12824
1123 12740
1124 12858
1125 12971
1126 12710
1127 12841
1128 12503
1129 12581
1130 12432
1131 12537
1132 12608
1133 12354
1134 12395
1135 12416
1136 12202
1137 12178
1138 12294
1139 12293
1140 12406
1141 12312
1142 12222
1143 12264
1144 12077
1145 12151
1146 12028
1147 12077
1148 12063
1149 12140
1150 12188
1151 12070
1152 11832
1153 12146
1154 11893
1155 11749
1156 11986
1157 12074
1158 11904
1159 12103
1160 11836
1161 11721
1162 11879
1163 11763
1164 11711
1165 11743
1166 11833
1167 11518
1168 11624
1169 11587
1170 11505
1171 11430
1172 11739
1173 11333
1174 11638
1175 11500
1176 11399
1177 11477
1178 11567
1179 11497
1180 11479
1181 11404
1182 11411
1183 11236
1184 11594
1185 11393
1186 11371
1187 11255
1188 11112
1189 11065
1190 11285
1191 11094
1192 11176
1193 11094
1194 10956
1195 11064
1196 11160
1197 11233
1198 11180
1199 10991
1200 11042
1201 11003
1202 10969
1203 10821
1204 11072
1205 10764
1206 10825
1207 10884
1208 10712
1209 10871
1210 10720
1211 10726
1212 10565
1213 10759
1214 10576
1215 10538
1216 10693
1217 10450
1218 10699
1219 10704
1220 10522
1221 10437
1222 10622
1223 10583
1224 10360
1225 10361
1226 10688
1227 10458
1228 10507
1229 10408
1230 10378
1231 10173
1232 10421
1233 10229
1234 10461
1235 10323
1236 10186
1237 10294
1238 10242
1239 10310
1240 10223
1241 10122
1242 10294
1243 10068
1244 9995
1245 9991
1246 10162
1247 10037
1248 10251
1249 10140
1250 10033
1251 10028
1252 9927
1253 10083
1254 10079
1255 9926
1256 9898
1257 9922
1258 9778
1259 9715
1260 9943
1261 9801
1262 10123
1263 9833
1264 9881
1265 9589
1266 9714
1267 9630
1268 9660
1269 9653
1270 9637
1271 9672
1272 9573
1273 9643
1274 9713
1275 9432
1276 9614
1277 9602
1278 9604
1279 9571
1280 9494
1281 9523
1282 9652
1283 9459
1284 9552
1285 9468
1286 9340
1287 9389
1288 9370
1289 9339
1290 9399
1291 9270
1292 9253
1293 9152
1294 9397
1295 9147
1296 9154
1297 9161
1298 9203
1299 9488
1300 9366
1301 9085
1302 9132
1303 9241
1304 8965
1305 9101
1306 9078
1307 9071
1308 9143
1309 9035
1310 9068
1311 8902
1312 8976
1313 9097
1314 8893
1315 8907
1316 8999
1317 9049
1318 8767
1319 8830
1320 8810
1321 8952
1322 8958
1323 8828
1324 8747
1325 8912
1326 9023
1327 8972
1328 8871
1329 8813
1330 8736
1331 8650
1332 8670
1333 8909
1334 8771
1335 8737
1336 8603
1337 8480
1338 8475
1339 8629
1340 8550
1341 8675
1342 8605
1343 8544
1344 8580
1345 8474
1346 8498
1347 8673
1348 8486
1349 8347
1350 8331
1351 8362
1352 8532
1353 8302
1354 8153
1355 8514
1356 8321
1357 8409
1358 8572
1359 8286
1360 8445
1361 8366
1362 8399
1363 8199
1364 8250
1365 8305
1366 8405
1367 8126
1368 8236
1369 8176
1370 8315
1371 8003
1372 8258
1373 8214
1374 8047
1375 8175
1376 8076
1377 8132
1378 8221
1379 8143
1380 8147
1381 8240
1382 8034
1383 8027
1384 8108
1385 8076
1386 8034
1387 8020
1388 7938
1389 7839
1390 8029
1391 7920
1392 7905
1393 7825
1394 7881
1395 7862
1396 7740
1397 7814
1398 7919
1399 7681
1400 7915
1401 7837
1402 7922
1403 7784
1404 7787
1405 7666
1406 7740
1407 7729
1408 7762
1409 7692
1410 7625
1411 7743
1412 7767
1413 7694
1414 7673
1415 7649
1416 7775
1417 7674
1418 7720
1419 7663
1420 7665
1421 7615
1422 7537
1423 7517
1424 7590
1425 7326
1426 7581
1427 7476
1428 7597
1429 7738
1430 7528
1431 7539
1432 7472
1433 7570
1434 7518
1435 7470
1436 7445
1437 7496
1438 7510
1439 7306
1440 7427
1441 7362
1442 7368
1443 7329
1444 7415
1445 7398
1446 7426
1447 7149
1448 7183
1449 7348
1450 7492
1451 7283
1452 7138
1453 7217
1454 7253
1455 7339
1456 7244
1457 7181
1458 7268
1459 7168
1460 7268
1461 7181
1462 7241
1463 7310
1464 7091
1465 7144
1466 7138
1467 7234
1468 6977
1469 6987
1470 7205
1471 7071
1472 7108
1473 6909
1474 6986
1475 6875
1476 6925
1477 7084
1478 6926
1479 7042
1480 6959
1481 6940
1482 6868
1483 6863
1484 7085
1485 6865
1486 6889
1487 6856
1488 7033
1489 6734
1490 6936
1491 6815
1492 6798
1493 6861
1494 6888
1495 6764
1496 6691
1497 6815
1498 6818
1499 6810
1500 6782
1501 6721
1502 6677
1503 6714
1504 6953
1505 6679
1506 6795
1507 6860
1508 6637
1509 6646
1510 6690
1511 6607
1512 6724
1513 6630
1514 6600
1515 6674
1516 6531
1517 6644
1518 6764
1519 6756
1520 6471
1521 6592
1522 6570
1523 6554
1524 6615
1525 6524
1526 6584
1527 6538
1528 6552
1529 6404
1530 6537
1531 6422
1532 6559
1533 6538
1534 6444
1535 6489
1536 6373
1537 6425
1538 6451
1539 6490
1540 6475
1541 6361
1542 6381
1543 6234
1544 6318
1545 6401
1546 6355
1547 6418
1548 6284
1549 6442
1550 6434
1551 6363
1552 6288
1553 6400
1554 6262
1555 6176
1556 6355
1557 6087
1558 6350
1559 6251
1560 6251
1561 6269
1562 6167
1563 6133
1564 6192
1565 6210
1566 6096
1567 6221
1568 6205
1569 6277
1570 6146
1571 6109
1572 6205
1573 6018
1574 6177
1575 6110
1576 5945
1577 5995
1578 6179
1579 6009
1580 5906
1581 6114
1582 6198
1583 5987
1584 5876
1585 5924
1586 5981
1587 5967
1588 5922
1589 5977
1590 5901
1591 5858
1592 5896
1593 5882
1594 5891
1595 5874
1596 5944
1597 5903
1598 5949
1599 5808
1600 5916
1601 5905
1602 5936
1603 5776
1604 5769
1605 5741
1606 5825
1607 5934
1608 5798
1609 5762
1610 5954
1611 5740
1612 5911
1613 5916
1614 5719
1615 5825
1616 5795
1617 5711
1618 5725
1619 5801
1620 5694
1621 5623
1622 5509
1623 5696
1624 5768
1625 5571
1626 5568
1627 5730
1628 5646
1629 5713
1630 5720
1631 5577
1632 5629
1633 5591
1634 5552
1635 5534
1636 5607
1637 5570
1638 5510
1639 5603
1640 5545
1641 5622
1642 5534
1643 5497
1644 5467
1645 5344
1646 5368
1647 5548
1648 5503
1649 5439
1650 5545
1651 5534
1652 5473
1653 5500
1654 5522
1655 5479
1656 5459
1657 5345
1658 5338
1659 5294
1660 5475
1661 5430
1662 5447
1663 5239
1664 5404
1665 5407
1666 5532
1667 5416
1668 5269
1669 5366
1670 5233
1671 5356
1672 5374
1673 5351
1674 5374
1675 5221
1676 5353
1677 5242
1678 5248
1679 5192
1680 5335
1681 5353
1682 5123
1683 5263
1684 5224
1685 5427
1686 5181
1687 5333
1688 5294
1689 5146
1690 5147
1691 5258
1692 5226
1693 5200
1694 5190
1695 5128
1696 5065
1697 5311
1698 5072
1699 5186
1700 5113
1701 5012
1702 5025
1703 5091
1704 5137
1705 5020
1706 5067
1707 5112
1708 5149
1709 5192
1710 5135
1711 5163
1712 5032
1713 5054
1714 5021
1715 5102
1716 5013
1717 4926
1718 5034
1719 4922
1720 4945
1721 4822
1722 5037
1723 4967
1724 5037
1725 4977
1726 4859
1727 4887
1728 4912
1729 4874
1730 4876
1731 4842
1732 4937
1733 4841
1734 5003
1735 4785
1736 4921
1737 4836
1738 4803
1739 4918
1740 4792
1741 4894
1742 4857
1743 4854
1744 4772
1745 4849
1746 4892
1747 4743
1748 4588
1749 4789
1750 4790
1751 4750
1752 4839
1753 4762
1754 4733
1755 4712
1756 4748
1757 4784
1758 4644
1759 4752
1760 4637
1761 4751
1762 4734
1763 4638
1764 4790
1765 4694
1766 4672
1767 4645
1768 4622
1769 4668
1770 4642
1771 4658
1772 4687
1773 4655
1774 4663
1775 4578
1776 4713
1777 4629
1778 4524
1779 4623
1780 4598
1781 4628
1782 4402
1783 4501
1784 4489
1785 4666
1786 4476
1787 4550
1788 4690
1789 4583
1790 4567
1791 4484
1792 4460
1793 4687
1794 4534
1795 4431
1796 4388
1797 4555
1798 4460
1799 4522
1800 4412
1801 4437
1802 4299
1803 4376
1804 4403
1805 4449
1806 4401
1807 4431
1808 4323
1809 4345
1810 4360
1811 4341
1812 4426
1813 4441
1814 4390
1815 4343
1816 4409
1817 4286
1818 4354
1819 4289
1820 4436
1821 4394
1822 4234
1823 4357
1824 4246
1825 4353
1826 4374
1827 4255
1828 4387
1829 4338
1830 4305
1831 4218
1832 4147
1833 4355
1834 4216
1835 4198
1836 4225
1837 4131
1838 4268
1839 4307
1840 4336
1841 4300
1842 4302
1843 4122
1844 4223
1845 4314
1846 4200
1847 4149
1848 4205
1849 4129
1850 4162
1851 4049
1852 4189
1853 4268
1854 4079
1855 4121
1856 4060
1857 4021
1858 4141
1859 4214
1860 4082
1861 4144
1862 4109
1863 4187
1864 4084
1865 4044
1866 3929
1867 4027
1868 4034
1869 4104
1870 4042
1871 4085
1872 3939
1873 4061
1874 4049
1875 4150
1876 4025
1877 4160
1878 3919
1879 3945
1880 4091
1881 4018
1882 4001
1883 3995
1884 3909
1885 4043
1886 3890
1887 3856
1888 3862
1889 3987
1890 3959
1891 3933
1892 3950
1893 3881
1894 3886
1895 3860
1896 3933
1897 3864
1898 3837
1899 3860
1900 3852
1901 3862
1902 3841
1903 3943
1904 3801
1905 3971
1906 3880
1907 3874
1908 3921
1909 3845
1910 3906
1911 3858
1912 3883
1913 3850
1914 3717
1915 3838
1916 3741
1917 3778
1918 3776
1919 3810
1920 3743
1921 3655
1922 3852
1923 3800
1924 3720
1925 3705
1926 3778
1927 3659
1928 3748
1929 3718
1930 3672
1931 3706
1932 3772
1933 3770
1934 3698
1935 3687
1936 3838
1937 3686
1938 3758
1939 3652
1940 3602
1941 3810
1942 3698
1943 3638
1944 3688
1945 3786
1946 3679
1947 3778
1948 3608
1949 3670
1950 3622
1951 3611
1952 3619
1953 3597
1954 3711
1955 3656
1956 3588
1957 3551
1958 3632
1959 3599
1960 3607
1961 3530
1962 3683
1963 3612
1964 3666
1965 3672
1966 3576
1967 3529
1968 3562
1969 3553
1970 3517
1971 3493
1972 3421
1973 3567
1974 3662
1975 3470
1976 3565
1977 3509
1978 3593
1979 3421
1980 3595
1981 3526
1982 3475
1983 3538
1984 3486
1985 3455
1986 3504
1987 3425
1988 3507
1989 3526
1990 3490
1991 3452
1992 3488
1993 3437
1994 3442
1995 3323
1996 3426
1997 3429
1998 3367
1999 3395
2000 3462
2001 3392
2002 3576
2003 3426
2004 3464
2005 3368
2006 3419
2007 3449
2008 3350
2009 3388
2010 3431
2011 3342
2012 3468
2013 3344
2014 3377
2015 3250
2016 3323
2017 3397
2018 3404
2019 3351
2020 3279
2021 3382
2022 3252
2023 3194
2024 3292
2025 3238
2026 3298
2027 3293
2028 3231
2029 3371
2030 3299
2031 3312
2032 3193
2033 3282
2034 3279
2035 3265
2036 3373
2037 3262
2038 3285
2039 3319
2040 3217
2041 3282
2042 3313
2043 3138
2044 3220
2045 3350
2046 3326
2047 3159
2048 3131
2049 3182
2050 3178
2051 3297
2052 3142
2053 3198
2054 3226
2055 3067
2056 3139
2057 3160
2058 3178
2059 3195
2060 3234
2061 3139
2062 3173
2063 3170
2064 3091
2065 3114
2066 3075
2067 3159
2068 3131
2069 3139
2070 3049
2071 3185
2072 3274
2073 3207
2074 2981
2075 3200
2076 3223
2077 3153
2078 3128
2079 3162
2080 3060
2081 3132
2082 3111
2083 3146
2084 3020
2085 3085
2086 3063
2087 3069
2088 3073
2089 3026
2090 3151
2091 3005
2092 2997
2093 3053
2094 3111
2095 2964
2096 3011
2097 3033
2098 2963
2099 3087
2100 3005
2101 3003
2102 3087
2103 2927
2104 3046
2105 3049
2106 3106
2107 3022
2108 3064
2109 3047
2110 2984
2111 2979
2112 2945
2113 2983
2114 2963
2115 3053
2116 2996
2117 2955
2118 2986
2119 2968
2120 2853
2121 2944
2122 2980
2123 2974
2124 2997
2125 2831
2126 2945
2127 2961
2128 2890
2129 2937
2130 2979
2131 2910
2132 2853
2133 3057
2134 2824
2135 2841
2136 2937
2137 2869
2138 2890
2139 2775
2140 2876
2141 2814
2142 2825
2143 2951
2144 2887
2145 2906
2146 2951
2147 2808
2148 2885
2149 2847
2150 2867
2151 2802
2152 2847
2153 2885
2154 2792
2155 2836
2156 2787
2157 2861
2158 2801
2159 2820
2160 2848
2161 2819
2162 2794
2163 2741
2164 2738
2165 2802
2166 2786
2167 2743
2168 2805
2169 2761
2170 2842
2171 2796
2172 2753
2173 2786
2174 2817
2175 2742
2176 2795
2177 2754
2178 2765
2179 2830
2180 2724
2181 2707
2182 2804
2183 2705
2184 2698
2185 2800
2186 2819
2187 2820
2188 2762
2189 2689
2190 2701
2191 2561
2192 2719
2193 2785
2194 2706
2195 2698
2196 2742
2197 2638
2198 2638
2199 2617
2200 2754
2201 2733
2202 2742
2203 2736
2204 2621
2205 2611
2206 2683
2207 2724
2208 2675
2209 2590
2210 2618
2211 2650
2212 2648
2213 2638
2214 2609
2215 2666
2216 2572
2217 2625
2218 2739
2219 2656
2220 2530
2221 2628
2222 2573
2223 2612
2224 2499
2225 2600
2226 2647
2227 2572
2228 2533
2229 2520
2230 2584
2231 2510
2232 2659
2233 2644
2234 2448
2235 2577
2236 2512
2237 2649
2238 2536
2239 2541
2240 2566
2241 2539
2242 2593
2243 2560
2244 2577
2245 2537
2246 2495
2247 2483
2248 2573
2249 2487
2250 2442
2251 2577
2252 2480
2253 2529
2254 2605
2255 2541
2256 2515
2257 2528
2258 2457
2259 2499
2260 2485
2261 2562
2262 2456
2263 2507
2264 2492
2265 2512
2266 2469
2267 2593
2268 2447
2269 2478
2270 2439
2271 2460
2272 2432
2273 2423
2274 2530
2275 2475
2276 2437
2277 2471
2278 2503
2279 2376
2280 2418
2281 2428
2282 2472
2283 2415
2284 2448
2285 2449
2286 2423
2287 2366
2288 2435
2289 2406
2290 2498
2291 2415
2292 2441
2293 2451
2294 2406
2295 2431
2296 2406
2297 2426
2298 2450
2299 2383
2300 2329
2301 2345
2302 2443
2303 2353
2304 2376
2305 2343
2306 2437
2307 2330
2308 2392
2309 2255
2310 2461
2311 2398
2312 2403
2313 2398
2314 2388
2315 2402
2316 2308
2317 2273
2318 2313
2319 2417
2320 2243
2321 2420
2322 2322
2323 2326
2324 2321
2325 2420
2326 2408
2327 2271
2328 2275
2329 2354
2330 2281
2331 2253
2332 2264
2333 2297
2334 2291
2335 2304
2336 2264
2337 2264
2338 2280
2339 2312
2340 2301
2341 2297
2342 2309
2343 2272
2344 2264
2345 2330
2346 2299
2347 2355
2348 2359
2349 2268
2350 2243
2351 2185
2352 2273
2353 2345
2354 2240
2355 2357
2356 2205
2357 2210
2358 2280
2359 2248
2360 2226
2361 2242
2362 2191
2363 2198
2364 2265
2365 2155
2366 2275
2367 2211
2368 2241
2369 2210
2370 2167
2371 2225
2372 2258
2373 2288
2374 2176
2375 2161
2376 2133
2377 2187
2378 2143
2379 2305
2380 2183
2381 2184
2382 2195
2383 2215
2384 2162
2385 2209
2386 2171
2387 2218
2388 2324
2389 2214
2390 2192
2391 2203
2392 2267
2393 2154
2394 2167
2395 2242
2396 2177
2397 2190
2398 2070
2399 2115
2400 2247
2401 2136
2402 2197
2403 2169
2404 2271
2405 2223
2406 2138
2407 2099
2408 2135
2409 2086
2410 2143
2411 2109
2412 2042
2413 2065
2414 2215
2415 2077
2416 2095
2417 2043
2418 2114
2419 2259
2420 2177
2421 2160
2422 2063
2423 2095
2424 2060
2425 2142
2426 2114
2427 2120
2428 2062
2429 1984
2430 2040
2431 2140
2432 2047
2433 1951
2434 2054
2435 2125
2436 2024
2437 2124
2438 2093
2439 2073
2440 2171
2441 2072
2442 2017
2443 2118
2444 2020
2445 2037
2446 2022
2447 2049
2448 2119
2449 2096
2450 2038
2451 2046
2452 2040
2453 2123
2454 2059
2455 2040
2456 2026
2457 1970
2458 1972
2459 1969
2460 1993
2461 2016
2462 2077
2463 1960
2464 2093
2465 2112
2466 2076
2467 2105
2468 2083
2469 1978
2470 2071
2471 1952
2472 2061
2473 2016
2474 2023
2475 1989
2476 1953
2477 1995
2478 2056
2479 1996
2480 1996
2481 2043
2482 1938
2483 2031
2484 2054
2485 1974
2486 2051
2487 1945
2488 1921
2489 1941
2490 1963
2491 1941
2492 1944
2493 1943
2494 1907
2495 1978
2496 1959
2497 2027
2498 1953
2499 1926
2500 1991
2501 1986
2502 1959
2503 1869
2504 1899
2505 1922
2506 1940
2507 1982
2508 1993
2509 1965
2510 1896
2511 1902
2512 1946
2513 2000
2514 1881
2515 1872
2516 1880
2517 1908
2518 1941
2519 2006
2520 1918
2521 1824
2522 1913
2523 1907
2524 1892
2525 1897
2526 1841
2527 1883
2528 1931
2529 1906
2530 1890
2531 1900
2532 1947
2533 1909
2534 1939
2535 1897
2536 1914
2537 1880
2538 1903
2539 1857
2540 1880
2541 1793
2542 1891
2543 1901
2544 1886
2545 1874
2546 1875
2547 1867
2548 1861
2549 1829
2550 1840
2551 1838
2552 1884
2553 1842
2554 1826
2555 1838
2556 1766
2557 1882
2558 1798
2559 1858
2560 1845
2561 1818
2562 1820
2563 1817
2564 1804
2565 1774
2566 1835
2567 1792
2568 1761
2569 1805
2570 1808
2571 1850
2572 1759
2573 1782
2574 1791
2575 1814
2576 1803
2577 1853
2578 1800
2579 1807
2580 1837
2581 1836
2582 1790
2583 1774
2584 1883
2585 1836
2586 1718
2587 1791
2588 1741
2589 1790
2590 1821
2591 1800
2592 1698
2593 1692
2594 1718
2595 1837
2596 1754
2597 1750
2598 1796
2599 1833
2600 1735
2601 1795
2602 1770
2603 1693
2604 1713
2605 1755
2606 1720
2607 1708
2608 1748
2609 1645
2610 1681
2611 1764
2612 1801
2613 1734
2614 1703
2615 1742
2616 1763
2617 1754
2618 1730
2619 1779
2620 1733
2621 1762
2622 1701
2623 1663
2624 1735
2625 1772
2626 1734
2627 1697
2628 1750
2629 1712
2630 1759
2631 1615
2632 1693
2633 1678
2634 1673
2635 1692
2636 1643
2637 1729
2638 1733
2639 1693
2640 1725
2641 1690
2642 1663
2643 1731
2644 1663
2645 1731
2646 1740
2647 1640
2648 1712
2649 1589
2650 1659
2651 1713
2652 1657
2653 1677
2654 1662
2655 1647
2656 1639
2657 1633
2658 1691
2659 1634
2660 1666
2661 1705
2662 1699
2663 1665
2664 1637
2665 1661
2666 1609
2667 1749
2668 1687
2669 1583
2670 1660
2671 1690
2672 1595
2673 1649
2674 1672
2675 1665
2676 1707
2677 1685
2678 1583
2679 1630
2680 1583
2681 1521
2682 1645
2683 1585
2684 1611
2685 1658
2686 1670
2687 1638
2688 1614
2689 1634
2690 1560
2691 1612
2692 1629
2693 1567
2694 1588
2695 1604
2696 1560
2697 1589
2698 1639
2699 1580
2700 1574
2701 1666
2702 1530
2703 1649
2704 1618
2705 1578
2706 1551
2707 1577
2708 1585
2709 1541
2710 1584
2711 1579
2712 1620
2713 1544
2714 1586
2715 1560
2716 1623
2717 1533
2718 1600
2719 1530
2720 1615
2721 1575
2722 1558
2723 1604
2724 1578
2725 1546
2726 1601
2727 1533
2728 1647
2729 1558
2730 1586
2731 1506
2732 1501
2733 1506
2734 1568
2735 1558
2736 1540
2737 1506
2738 1504
2739 1488
2740 1517
2741 1592
2742 1599
2743 1473
2744 1570
2745 1571
2746 1591
2747 1619
2748 1468
2749 1556
2750 1576
2751 1572
2752 1601
2753 1490
2754 1563
2755 1427
2756 1520
2757 1455
2758 1555
2759 1468
2760 1492
2761 1485
2762 1447
2763 1541
2764 1488
2765 1556
2766 1486
2767 1516
2768 1501
2769 1455
2770 1495
2771 1460
2772 1493
2773 1493
2774 1493
2775 1453
2776 1521
2777 1468
2778 1485
2779 1536
2780 1468
2781 1504
2782 1537
2783 1474
2784 1558
2785 1462
2786 1503
2787 1538
2788 1508
2789 1410
2790 1409
2791 1378
2792 1537
2793 1408
2794 1445
2795 1407
2796 1494
2797 1500
2798 1487
2799 1424
2800 1472
2801 1447
2802 1406
2803 1445
2804 1471
2805 1421
2806 1474
2807 1490
2808 1461
2809 1488
2810 1437
2811 1520
2812 1400
2813 1518
2814 1431
2815 1399
2816 1453
2817 1419
2818 1500
2819 1413
2820 1443
2821 1392
2822 1455
2823 1419
2824 1415
2825 1406
2826 1423
2827 1426
2828 1441
2829 1402
2830 1437
2831 1392
2832 1418
2833 1390
2834 1485
2835 1433
2836 1438
2837 1397
2838 1352
2839 1387
2840 1386
2841 1350
2842 1429
2843 1382
2844 1443
2845 1432
2846 1431
2847 1400
2848 1374
2849 1438
2850 1400
2851 1388
2852 1438
2853 1349
2854 1390
2855 1406
2856 1327
2857 1448
2858 1352
2859 1399
2860 1393
2861 1396
2862 1374
2863 1379
2864 1331
2865 1368
2866 1373
2867 1392
2868 1363
2869 1399
2870 1375
2871 1380
2872 1319
2873 1378
2874 1415
2875 1443
2876 1329
2877 1402
2878 1406
2879 1341
2880 1397
2881 1273
2882 1354
2883 1346
2884 1362
2885 1374
2886 1353
2887 1361
2888 1410
2889 1367
2890 1341
2891 1352
2892 1349
2893 1346
2894 1313
2895 1408
2896 1343
2897 1326
2898 1320
2899 1308
2900 1304
2901 1357
2902 1380
2903 1293
2904 1317
2905 1313
2906 1342
2907 1374
2908 1350
2909 1352
2910 1352
2911 1286
2912 1333
2913 1353
2914 1290
2915 1347
2916 1417
2917 1394
2918 1286
2919 1299
2920 1310
2921 1290
2922 1325
2923 1272
2924 1312
2925 1310
2926 1275
2927 1266
2928 1363
2929 1324
2930 1279
2931 1269
2932 1281
2933 1284
2934 1277
2935 1289
2936 1259
2937 1332
2938 1288
2939 1283
2940 1217
2941 1329
2942 1276
2943 1279
2944 1243
2945 1237
2946 1279
2947 1309
2948 1279
2949 1318
2950 1233
2951 1281
2952 1223
2953 1293
2954 1278
2955 1271
2956 1293
2957 1274
2958 1255
2959 1286
2960 1314
2961 1251
2962 1278
2963 1219
2964 1243
2965 1287
2966 1349
2967 1323
2968 1325
2969 1247
2970 1235
2971 1287
2972 1260
2973 1225
2974 1304
2975 1350
2976 1227
2977 1254
2978 1269
2979 1269
2980 1202
2981 1248
2982 1257
2983 1231
2984 1252
2985 1234
2986 1175
2987 1178
2988 1196
2989 1258
2990 1228
2991 1229
2992 1229
2993 1257
2994 1221
2995 1234
2996 1238
2997 1197
2998 1259
2999 1335
3000 1175
3001 1229
3002 1238
3003 1174
3004 1227
3005 1253
3006 1187
3007 1192
3008 1224
3009 1242
3010 1199
3011 1197
3012 1277
3013 1170
3014 1161
3015 1241
3016 1221
3017 1184
3018 1211
3019 1176
3020 1202
3021 1195
3022 1190
3023 1177
3024 1161
3025 1290
3026 1221
3027 1207
3028 1182
3029 1203
3030 1147
3031 1122
3032 1172
3033 1185
3034 1151
3035 1225
3036 1165
3037 1151
3038 1255
3039 1225
3040 1173
3041 1193
3042 1186
3043 1196
3044 1173
3045 1175
3046 1221
3047 1203
3048 1123
3049 1183
3050 1138
3051 1156
3052 1169
3053 1163
3054 1115
3055 1100
3056 1157
3057 1168
3058 1152
3059 1170
3060 1173
3061 1116
3062 1184
3063 1127
3064 1135
3065 1183
3066 1170
3067 1118
3068 1100
3069 1187
3070 1150
3071 1142
3072 1104
3073 1187
3074 1099
3075 1172
3076 1156
3077 1178
3078 1105
3079 1153
3080 1172
3081 1122
3082 1156
3083 1140
3084 1165
3085 1113
3086 1157
3087 1169
3088 1127
3089 1158
3090 1134
3091 1110
3092 1100
3093 1083
3094 1161
3095 1112
3096 1129
3097 1095
3098 1174
3099 1136
3100 1137
3101 1130
3102 1139
3103 1082
3104 1165
3105 1129
3106 1033
3107 1108
3108 1113
3109 1101
3110 1140
3111 1105
3112 1093
3113 1090
3114 1073
3115 1087
3116 1135
3117 1124
3118 1123
3119 1039
3120 1093
3121 1119
3122 1119
3123 1124
3124 1145
3125 1108
3126 1114
3127 1155
3128 1109
3129 1109
3130 1079
3131 1113
3132 1106
3133 1109
3134 1123
3135 1107
3136 1128
3137 1068
3138 1042
3139 1072
3140 1128
3141 1040
3142 1034
3143 1101
3144 1116
3145 1036
3146 1062
3147 1074
3148 1091
3149 1071
3150 1125
3151 1091
3152 1090
3153 1139
3154 1068
3155 1114
3156 1049
3157 1099
3158 1012
3159 1069
3160 1071
3161 1028
3162 1030
3163 1169
3164 1065
3165 1015
3166 1115
3167 1067
3168 1110
3169 1107
3170 1069
3171 1129
3172 1001
3173 1029
3174 1072
3175 1023
3176 1038
3177 1070
3178 1056
3179 1096
3180 1069
3181 1042
3182 1053
3183 1028
3184 1074
3185 1068
3186 1064
3187 1025
3188 1050
3189 1104
3190 1053
3191 1084
3192 1035
3193 1059
3194 1038
3195 1070
3196 997
3197 1013
3198 1050
3199 1018
3200 1051
3201 1022
3202 1068
3203 1071
3204 1029
3205 1019
3206 1001
3207 1077
3208 1030
3209 983
3210 1031
3211 978
3212 1051
3213 1038
3214 1012
3215 994
3216 1037
3217 1029
3218 1050
3219 997
3220 1011
3221 1008
3222 1014
3223 984
3224 1038
3225 1029
3226 1000
3227 1051
3228 988
3229 1081
3230 1000
3231 1053
3232 989
3233 1080
3234 1060
3235 1017
3236 988
3237 958
3238 1027
3239 988
3240 1007
3241 1034
3242 973
3243 988
3244 1018
3245 1024
3246 948
3247 1035
3248 1010
3249 1010
3250 1012
3251 1000
3252 996
3253 989
3254 1019
3255 1062
3256 933
3257 1019
3258 915
3259 1056
3260 1045
3261 1039
3262 960
3263 1027
3264 1011
3265 973
3266 997
3267 987
3268 964
3269 1022
3270 983
3271 968
3272 942
3273 960
3274 995
3275 1024
3276 966
3277 989
3278 970
3279 969
3280 989
3281 932
3282 977
3283 958
3284 1014
3285 998
3286 1045
3287 977
3288 950
3289 985
3290 955
3291 970
3292 966
3293 992
3294 1015
3295 951
3296 951
3297 928
3298 973
3299 994
3300 903
3301 993
3302 977
3303 917
3304 972
3305 964
3306 980
3307 959
3308 966
3309 993
3310 950
3311 1028
3312 952
3313 1000
3314 993
3315 944
3316 943
3317 998
3318 933
3319 913
3320 983
3321 903
3322 957
3323 906
3324 947
3325 947
3326 934
3327 943
3328 944
3329 895
3330 949
3331 930
3332 934
3333 939
3334 934
3335 961
3336 944
3337 915
3338 959
3339 964
3340 913
3341 960
3342 909
3343 960
3344 952
3345 881
3346 933
3347 935
3348 910
3349 944
3350 938
3351 931
3352 948
3353 904
3354 959
3355 913
3356 919
3357 888
3358 953
3359 910
3360 861
3361 946
3362 898
3363 945
3364 919
3365 911
3366 918
3367 940
3368 950
3369 938
3370 966
3371 929
3372 957
3373 894
3374 915
3375 898
3376 914
3377 905
3378 885
3379 906
3380 920
3381 911
3382 923
3383 903
3384 918
3385 899
3386 965
3387 880
3388 918
3389 940
3390 890
3391 893
3392 957
3393 899
3394 893
3395 856
3396 918
3397 944
3398 917
3399 899
3400 865
3401 855
3402 857
3403 867
3404 904
3405 846
3406 876
3407 901
3408 894
3409 891
3410 922
3411 878
3412 862
3413 914
3414 850
3415 840
3416 876
3417 919
3418 901
3419 865
3420 952
3421 892
3422 847
3423 907
3424 889
3425 912
3426 802
3427 904
3428 879
3429 852
3430 855
3431 904
3432 839
3433 883
3434 924
3435 844
3436 898
3437 854
3438 895
3439 879
3440 847
3441 880
3442 827
3443 874
3444 857
3445 825
3446 837
3447 827
3448 887
3449 801
3450 834
3451 870
3452 867
3453 905
3454 834
3455 808
3456 887
3457 818
3458 819
3459 855
3460 858
3461 823
3462 875
3463 794
3464 889
3465 852
3466 827
3467 888
3468 864
3469 825
3470 836
3471 781
3472 841
3473 849
3474 864
3475 887
3476 847
3477 843
3478 863
3479 841
3480 836
3481 847
3482 828
3483 881
3484 854
3485 874
3486 810
3487 797
3488 875
3489 862
3490 845
3491 838
3492 821
3493 776
3494 822
3495 777
3496 813
3497 853
3498 787
3499 828
3500 791
3501 801
3502 825
3503 788
3504 842
3505 838
3506 821
3507 813
3508 771
3509 858
3510 793
3511 788
3512 835
3513 790
3514 812
3515 850
3516 797
3517 858
3518 802
3519 784
3520 761
3521 804
3522 800
3523 849
3524 847
3525 780
3526 827
3527 834
3528 824
3529 857
3530 837
3531 795
3532 804
3533 845
3534 827
3535 795
3536 777
3537 807
3538 803
3539 789
3540 837
3541 804
3542 809
3543 813
3544 794
3545 811
3546 782
3547 828
3548 809
3549 805
3550 780
3551 779
3552 728
3553 803
3554 725
3555 753
3556 789
3557 805
3558 801
3559 813
3560 753
3561 812
3562 790
3563 768
3564 755
3565 787
3566 800
3567 715
3568 804
3569 773
3570 765
3571 754
3572 779
3573 812
3574 827
3575 814
3576 757
3577 793
3578 770
3579 788
3580 791
3581 810
3582 767
3583 785
3584 772
3585 776
3586 830
3587 777
3588 763
3589 729
3590 825
3591 813
3592 799
3593 745
3594 781
3595 778
3596 776
3597 810
3598 737
3599 763
3600 817
3601 784
3602 738
3603 748
3604 746
3605 777
3606 700
3607 756
3608 789
3609 803
3610 793
3611 784
3612 797
3613 754
3614 783
3615 779
3616 714
3617 770
3618 790
3619 759
3620 777
3621 752
3622 769
3623 710
3624 808
3625 780
3626 746
3627 774
3628 805
3629 737
3630 759
3631 744
3632 746
3633 743
3634 761
3635 756
3636 739
3637 743
3638 802
3639 729
3640 806
3641 727
3642 695
3643 761
3644 779
3645 742
3646 800
3647 706
3648 716
3649 751
3650 803
3651 777
3652 807
3653 805
3654 784
3655 719
3656 739
3657 765
3658 740
3659 713
3660 714
3661 745
3662 770
3663 702
3664 740
3665 777
3666 755
3667 726
3668 733
3669 738
3670 757
3671 706
3672 711
3673 690
3674 732
3675 700
3676 725
3677 748
3678 718
3679 720
3680 689
3681 722
3682 715
3683 749
3684 719
3685 731
3686 765
3687 744
3688 748
3689 747
3690 719
3691 735
3692 723
3693 757
3694 722
3695 744
3696 727
3697 714
3698 696
3699 715
3700 658
3701 714
3702 745
3703 745
3704 725
3705 760
3706 734
3707 681
3708 730
3709 703
3710 691
3711 694
3712 752
3713 733
3714 690
3715 731
3716 756
3717 715
3718 703
3719 690
3720 707
3721 748
3722 694
3723 727
3724 694
3725 720
3726 709
3727 696
3728 728
3729 743
3730 727
3731 718
3732 715
3733 700
3734 687
3735 735
3736 667
3737 681
3738 677
3739 700
3740 694
3741 695
3742 722
3743 654
3744 685
3745 655
3746 690
3747 657
3748 674
3749 726
3750 715
3751 653
3752 656
3753 661
3754 681
3755 675
3756 695
3757 699
3758 646
3759 693
3760 716
3761 646
3762 656
3763 675
3764 685
3765 687
3766 668
3767 670
3768 690
3769 674
3770 722
3771 692
3772 618
3773 708
3774 692
3775 624
3776 709
3777 674
3778 640
3779 671
3780 673
3781 704
3782 716
3783 675
3784 696
3785 687
3786 681
3787 675
3788 702
3789 692
3790 681
3791 678
3792 732
3793 605
3794 661
3795 719
3796 698
3797 655
3798 660
3799 710
3800 661
3801 654
3802 712
3803 698
3804 670
3805 656
3806 634
3807 660
3808 658
3809 638
3810 676
3811 682
3812 687
3813 686
3814 661
3815 675
3816 646
3817 646
3818 677
3819 699
3820 706
3821 625
3822 642
3823 670
3824 659
3825 650
3826 702
3827 650
3828 669
3829 624
3830 636
3831 689
3832 629
3833 656
3834 667
3835 678
3836 705
3837 615
3838 637
3839 621
3840 640
3841 695
3842 686
3843 663
3844 653
3845 647
3846 584
3847 634
3848 719
3849 647
3850 617
3851 637
3852 650
3853 644
3854 664
3855 661
3856 654
3857 643
3858 637
3859 639
3860 628
3861 673
3862 660
3863 671
3864 616
3865 619
3866 636
3867 665
3868 633
3869 696
3870 593
3871 596
3872 630
3873 630
3874 599
3875 635
3876 640
3877 683
3878 633
3879 637
3880 601
3881 683
3882 645
3883 627
3884 634
3885 646
3886 630
3887 652
3888 634
3889 640
3890 621
3891 618
3892 628
3893 626
3894 648
3895 647
3896 677
3897 626
3898 668
3899 603
3900 626
3901 619
3902 613
3903 623
3904 692
3905 606
3906 601
3907 642
3908 663
3909 642
3910 596
3911 605
3912 592
3913 622
3914 591
3915 637
3916 625
3917 600
3918 631
3919 645
3920 632
3921 647
3922 647
3923 629
3924 636
3925 617
3926 631
3927 629
3928 672
3929 657
3930 698
3931 599
3932 629
3933 651
3934 636
3935 606
3936 612
3937 598
3938 583
3939 621
3940 631
3941 606
3942 600
3943 640
3944 601
3945 604
3946 646
3947 643
3948 609
3949 588
3950 621
3951 654
3952 632
3953 625
3954 620
3955 637
3956 630
3957 630
3958 603
3959 592
3960 628
3961 625
3962 592
3963 657
3964 613
3965 626
3966 602
3967 601
3968 624
3969 611
3970 623
3971 595
3972 649
3973 600
3974 579
3975 604
3976 603
3977 620
3978 667
3979 642
3980 610
3981 616
3982 593
3983 588
3984 565
3985 595
3986 581
3987 617
3988 553
3989 581
3990 565
3991 589
3992 612
3993 598
3994 610
3995 587
3996 594
3997 542
3998 550
3999 592
4000 566
4001 612
4002 583
4003 624
4004 584
4005 576
4006 587
4007 562
4008 592
4009 617
4010 598
4011 571
4012 599
4013 571
4014 590
4015 574
4016 564
4017 590
4018 558
4019 566
4020 610
4021 590
4022 583
4023 615
4024 593
4025 559
4026 558
4027 581
4028 595
4029 549
4030 591
4031 570
4032 609
4033 603
4034 605
4035 596
4036 573
4037 611
4038 614
4039 626
4040 588
4041 585
4042 567
4043 553
4044 574
4045 599
4046 594
4047 600
4048 549
4049 577
4050 601
4051 586
4052 550
4053 597
4054 569
4055 597
4056 529
4057 599
4058 577
4059 624
4060 541
4061 584
4062 588
4063 585
4064 605
4065 587
4066 536
4067 558
4068 565
4069 577
4070 536
4071 554
4072 560
4073 589
4074 582
4075 562
4076 549
4077 582
4078 571
4079 589
4080 595
4081 551
4082 558
4083 575
4084 545
4085 561
4086 511
4087 578
4088 562
4089 555
4090 571
4091 585
4092 571
4093 572
4094 563
4095 554
4096 565
4097 553
4098 518
4099 586
4100 597
4101 542
4102 543
4103 554
4104 536
4105 543
4106 567
4107 546
4108 552
4109 593
4110 536
4111 562
4112 559
4113 615
4114 565
4115 534
4116 551
4117 594
4118 518
4119 506
4120 582
4121 624
4122 563
4123 545
4124 573
4125 556
4126 555
4127 554
4128 582
4129 559
4130 529
4131 497
4132 490
4133 577
4134 586
4135 542
4136 535
4137 576
4138 540
4139 536
4140 544
4141 535
4142 587
4143 558
4144 539
4145 533
4146 533
4147 544
4148 577
4149 545
4150 578
4151 546
4152 566
4153 560
4154 556
4155 504
4156 528
4157 539
4158 523
4159 480
4160 522
4161 475
4162 519
4163 516
4164 537
4165 527
4166 510
4167 542
4168 555
4169 528
4170 543
4171 556
4172 486
4173 506
4174 539
4175 522
4176 514
4177 484
4178 511
4179 521
4180 508
4181 559
4182 561
4183 522
4184 516
4185 506
4186 542
4187 530
4188 534
4189 550
4190 512
4191 529
4192 525
4193 501
4194 507
4195 495
4196 551
4197 525
4198 521
4199 563
4200 540
4201 504
4202 526
4203 556
4204 520
4205 499
4206 539
4207 551
4208 501
4209 562
4210 484
4211 505
4212 503
4213 488
4214 548
4215 561
4216 518
4217 522
4218 546
4219 503
4220 541
4221 544
4222 512
4223 511
4224 510
4225 488
4226 509
4227 535
4228 509
4229 487
4230 541
4231 486
4232 559
4233 473
4234 520
4235 531
4236 517
4237 507
4238 539
4239 501
4240 540
4241 507
4242 475
4243 507
4244 546
4245 507
4246 482
4247 504
4248 518
4249 557
4250 491
4251 495
4252 488
4253 505
4254 500
4255 517
4256 490
4257 503
4258 485
4259 496
4260 494
4261 504
4262 503
4263 492
4264 505
4265 506
4266 473
4267 505
4268 498
4269 465
4270 544
4271 503
4272 493
4273 524
4274 484
4275 515
4276 525
4277 489
4278 486
4279 429
4280 503
4281 507
4282 498
4283 478
4284 514
4285 464
4286 516
4287 529
4288 471
4289 528
4290 520
4291 509
4292 444
4293 463
4294 509
4295 502
4296 541
4297 506
4298 465
4299 501
4300 474
4301 513
4302 491
4303 537
4304 510
4305 496
4306 473
4307 515
4308 466
4309 495
4310 493
4311 466
4312 486
4313 490
4314 485
4315 501
4316 472
4317 485
4318 517
4319 458
4320 495
4321 515
4322 490
4323 527
4324 497
4325 489
4326 515
4327 509
4328 504
4329 504
4330 486
4331 496
4332 406
4333 459
4334 505
4335 501
4336 494
4337 511
4338 450
4339 490
4340 499
4341 488
4342 494
4343 450
4344 456
4345 502
4346 425
4347 451
4348 487
4349 451
4350 466
4351 452
4352 493
4353 476
4354 490
4355 453
4356 466
4357 496
4358 469
4359 484
4360 450
4361 492
4362 485
4363 483
4364 457
4365 475
4366 456
4367 544
4368 436
4369 507
4370 515
4371 491
4372 510
4373 526
4374 460
4375 427
4376 483
4377 471
4378 444
4379 448
4380 475
4381 484
4382 411
4383 456
4384 460
4385 488
4386 471
4387 481
4388 506
4389 464
4390 468
4391 465
4392 514
4393 423
4394 469
4395 469
4396 448
4397 475
4398 487
4399 475
4400 428
4401 481
4402 470
4403 479
4404 451
4405 490
4406 481
4407 450
4408 449
4409 497
4410 439
4411 446
4412 453
4413 486
4414 435
4415 471
4416 475
4417 476
4418 415
4419 548
4420 430
4421 442
4422 450
4423 444
4424 446
4425 427
4426 470
4427 414
4428 440
4429 473
4430 446
4431 504
4432 448
4433 450
4434 454
4435 476
4436 433
4437 486
4438 489
4439 467
4440 473
4441 471
4442 434
4443 469
4444 433
4445 436
4446 421
4447 443
4448 461
4449 491
4450 453
4451 476
4452 492
4453 455
4454 434
4455 465
4456 450
4457 431
4458 473
4459 416
4460 447
4461 440
4462 441
4463 437
4464 469
4465 485
4466 462
4467 478
4468 451
4469 502
4470 450
4471 442
4472 455
4473 468
4474 454
4475 452
4476 454
4477 445
4478 454
4479 459
4480 411
4481 459
4482 474
4483 473
4484 437
4485 416
4486 421
4487 421
4488 455
4489 457
4490 433
4491 436
4492 407
4493 449
4494 462
4495 434
4496 436
4497 435
4498 461
4499 478
4500 454
4501 452
4502 421
4503 442
4504 422
4505 430
4506 454
4507 404
4508 421
4509 471
4510 421
4511 418
4512 415
4513 447
4514 428
4515 439
4516 419
4517 445
4518 425
4519 448
4520 442
4521 444
4522 423
4523 433
4524 457
4525 435
4526 418
4527 496
4528 444
4529 455
4530 434
4531 412
4532 452
4533 395
4534 437
4535 447
4536 437
4537 438
4538 460
4539 420
4540 443
4541 443
4542 432
4543 433
4544 427
4545 459
4546 454
4547 437
4548 451
4549 412
4550 445
4551 405
4552 413
4553 441
4554 471
4555 415
4556 443
4557 457
4558 441
4559 395
4560 419
4561 425
4562 446
4563 438
4564 474
4565 418
4566 416
4567 442
4568 410
4569 398
4570 423
4571 421
4572 448
4573 425
4574 457
4575 418
4576 413
4577 381
4578 385
4579 371
4580 403
4581 415
4582 452
4583 400
4584 421
4585 448
4586 417
4587 438
4588 431
4589 444
4590 421
4591 412
4592 408
4593 410
4594 419
4595 430
4596 417
4597 435
4598 426
4599 437
4600 437
4601 406
4602 400
4603 415
4604 404
4605 440
4606 400
4607 442
4608 474
4609 424
4610 412
4611 417
4612 411
4613 439
4614 443
4615 419
4616 428
4617 392
4618 460
4619 424
4620 427
4621 390
4622 423
4623 393
4624 408
4625 391
4626 397
4627 440
4628 428
4629 460
4630 405
4631 429
4632 423
4633 396
4634 420
4635 394
4636 386
4637 433
4638 411
4639 428
4640 398
4641 415
4642 400
4643 419
4644 454
4645 394
4646 406
4647 417
4648 390
4649 405
4650 435
4651 423
4652 435
4653 395
4654 429
4655 371
4656 385
4657 441
4658 413
4659 424
4660 381
4661 443
4662 390
4663 427
4664 378
4665 423
4666 380
4667 387
4668 392
4669 436
4670 410
4671 427
4672 417
4673 409
4674 453
4675 419
4676 396
4677 414
4678 375
4679 396
4680 395
4681 406
4682 398
4683 399
4684 429
4685 414
4686 440
4687 393
4688 408
4689 409
4690 406
4691 382
4692 434
4693 361
4694 373
4695 401
4696 395
4697 407
4698 403
4699 396
4700 419
4701 412
4702 421
4703 373
4704 407
4705 403
4706 374
4707 354
4708 375
4709 384
4710 404
4711 376
4712 407
4713 393
4714 390
4715 401
4716 405
4717 402
4718 411
4719 407
4720 417
4721 375
4722 363
4723 407
4724 386
4725 413
4726 414
4727 375
4728 377
4729 403
4730 398
4731 358
4732 410
4733 416
4734 416
4735 406
4736 388
4737 387
4738 378
4739 372
4740 390
4741 377
4742 379
4743 383
4744 419
4745 381
4746 414
4747 418
4748 386
4749 406
4750 395
4751 395
4752 393
4753 413
4754 378
4755 381
4756 369
4757 368
4758 361
4759 407
4760 397
4761 342
4762 408
4763 394
4764 384
4765 383
4766 413
4767 383
4768 362
4769 406
4770 380
4771 396
4772 385
4773 394
4774 351
4775 379
4776 366
4777 410
4778 388
4779 389
4780 385
4781 392
4782 389
4783 412
4784 413
4785 377
4786 360
4787 344
4788 356
4789 391
4790 394
4791 400
4792 392
4793 392
4794 391
4795 357
4796 359
4797 371
4798 353
4799 398
4800 361
4801 368
4802 354
4803 402
4804 367
4805 389
4806 402
4807 392
4808 386
4809 351
4810 394
4811 385
4812 363
4813 384
4814 378
4815 368
4816 382
4817 387
4818 355
4819 365
4820 398
4821 354
4822 405
4823 421
4824 369
4825 368
4826 384
4827 369
4828 358
4829 383
4830 346
4831 394
4832 370
4833 371
4834 356
4835 329
4836 354
4837 404
4838 382
4839 368
4840 385
4841 351
4842 370
4843 359
4844 339
4845 386
4846 371
4847 363
4848 320
4849 397
4850 379
4851 389
4852 380
4853 336
4854 391
4855 363
4856 360
4857 391
4858 372
4859 385
4860 363
4861 390
4862 345
4863 315
4864 380
4865 355
4866 405
4867 380
4868 346
4869 349
4870 358
4871 391
4872 368
4873 363
4874 363
4875 356
4876 373
4877 355
4878 384
4879 375
4880 370
4881 367
4882 376
4883 347
4884 400
4885 392
4886 378
4887 359
4888 375
4889 327
4890 386
4891 381
4892 333
4893 346
4894 354
4895 360
4896 403
4897 359
4898 382
4899 385
4900 353
4901 349
4902 341
4903 354
4904 352
4905 359
4906 377
4907 347
4908 370
4909 356
4910 389
4911 367
4912 355
4913 354
4914 380
4915 376
4916 381
4917 338
4918 371
4919 370
4920 358
4921 341
4922 394
4923 362
4924 354
4925 339
4926 398
4927 383
4928 320
4929 352
4930 370
4931 335
4932 358
4933 349
4934 359
4935 368
4936 347
4937 350
4938 339
4939 378
4940 354
4941 366
4942 349
4943 337
4944 397
4945 364
4946 319
4947 368
4948 372
4949 364
4950 336
4951 352
4952 366
4953 370
4954 364
4955 381
4956 364
4957 351
4958 358
4959 377
4960 341
4961 370
4962 350
4963 350
4964 368
4965 347
4966 353
4967 371
4968 352
4969 359
4970 323
4971 352
4972 305
4973 363
4974 359
4975 356
4976 347
4977 358
4978 356
4979 375
4980 372
4981 370
4982 346
4983 343
4984 341
4985 353
4986 342
4987 322
4988 349
4989 362
4990 334
4991 363
4992 352
4993 326
4994 336
4995 372
4996 308
4997 325
4998 347
4999 366
5000 333
5001 334
5002 375
5003 357
5004 370
5005 319
5006 355
5007 345
5008 350
5009 346
5010 350
5011 351
5012 301
5013 324
5014 371
5015 374
5016 354
5017 331
5018 330
5019 358
5020 334
5021 344
5022 354
5023 360
5024 349
5025 359
5026 356
5027 352
5028 341
5029 320
5030 345
5031 347
5032 340
5033 338
5034 325
5035 331
5036 387
5037 340
5038 366
5039 323
5040 358
5041 321
5042 343
5043 300
5044 344
5045 337
5046 341
5047 334
5048 308
5049 365
5050 357
5051 328
5052 334
5053 339
5054 320
5055 370
5056 350
5057 298
5058 317
5059 323
5060 313
5061 359
5062 333
5063 328
5064 352
5065 340
5066 369
5067 337
5068 330
5069 325
5070 358
5071 333
5072 341
5073 324
5074 323
5075 346
5076 345
5077 336
5078 330
5079 330
5080 325
5081 344
5082 357
5083 336
5084 331
5085 349
5086 338
5087 331
5088 322
5089 316
5090 342
5091 319
5092 332
5093 341
5094 357
5095 316
5096 340
5097 346
5098 335
5099 311
5100 365
5101 324
5102 304
5103 342
5104 343
5105 329
5106 349
5107 314
5108 364
5109 321
5110 330
5111 299
5112 360
5113 345
5114 349
5115 374
5116 356
5117 304
5118 327
5119 336
5120 307
5121 347
5122 315
5123 333
5124 324
5125 322
5126 359
5127 318
5128 328
5129 309
5130 325
5131 287
5132 348
5133 356
5134 341
5135 310
5136 319
5137 323
5138 329
5139 309
5140 333
5141 303
5142 317
5143 320
5144 324
5145 324
5146 314
5147 332
5148 366
5149 331
5150 350
5151 342
5152 341
5153 301
5154 329
5155 311
5156 341
5157 334
5158 335
5159 306
5160 304
5161 310
5162 328
5163 313
5164 309
5165 296
5166 355
5167 332
5168 318
5169 309
5170 314
5171 323
5172 303
5173 317
5174 325
5175 320
5176 325
5177 318
5178 283
5179 321
5180 352
5181 315
5182 340
5183 315
5184 325
5185 323
5186 328
5187 312
5188 319
5189 327
5190 292
5191 310
5192 328
5193 304
5194 302
5195 301
5196 329
5197 303
5198 285
5199 294
5200 325
5201 295
5202 305
5203 299
5204 275
5205 334
5206 312
5207 325
5208 361
5209 293
5210 335
5211 282
5212 326
5213 330
5214 328
5215 285
5216 295
5217 333
5218 300
5219 310
5220 316
5221 305
5222 312
5223 309
5224 321
5225 295
5226 326
5227 304
5228 302
5229 310
5230 311
5231 292
5232 329
5233 326
5234 314
5235 280
5236 305
5237 328
5238 305
5239 318
5240 301
5241 308
5242 307
5243 311
5244 286
5245 287
5246 307
5247 319
5248 282
5249 294
5250 320
5251 306
5252 308
5253 318
5254 266
5255 297
5256 261
5257 287
5258 292
5259 294
5260 309
5261 300
5262 337
5263 340
5264 294
5265 333
5266 289
5267 310
5268 282
5269 312
5270 286
5271 307
5272 304
5273 284
5274 311
5275 305
5276 318
5277 323
5278 316
5279 301
5280 292
5281 315
5282 281
5283 304
5284 294
5285 288
5286 312
5287 302
5288 278
5289 300
5290 280
5291 306
5292 297
5293 319
5294 325
5295 286
5296 317
5297 295
5298 341
5299 309
5300 309
5301 287
5302 300
5303 288
5304 317
5305 286
5306 336
5307 288
5308 306
5309 306
5310 294
5311 296
5312 282
5313 276
5314 311
5315 292
5316 314
5317 301
5318 310
5319 298
5320 321
5321 281
5322 287
5323 310
5324 283
5325 284
5326 310
5327 267
5328 275
5329 298
5330 313
5331 280
5332 286
5333 323
5334 316
5335 321
5336 320
5337 273
5338 297
5339 305
5340 297
5341 282
5342 319
5343 263
5344 303
5345 278
5346 298
5347 278
5348 262
5349 269
5350 277
5351 325
5352 307
5353 309
5354 321
5355 296
5356 278
5357 317
5358 330
5359 270
5360 294
5361 300
5362 285
5363 272
5364 273
5365 307
5366 284
5367 314
5368 278
5369 286
5370 280
5371 271
5372 288
5373 292
5374 235
5375 260
5376 301
5377 299
5378 303
5379 320
5380 293
5381 292
5382 288
5383 266
5384 269
5385 284
5386 316
5387 309
5388 283
5389 265
5390 320
5391 305
5392 264
5393 293
5394 296
5395 303
5396 270
5397 284
5398 307
5399 270
5400 244
5401 294
5402 267
5403 279
5404 279
5405 287
5406 302
5407 309
5408 288
5409 303
5410 295
5411 297
5412 306
5413 285
5414 275
5415 308
5416 262
5417 283
5418 284
5419 288
5420 274
5421 279
5422 315
5423 252
5424 283
5425 273
5426 309
5427 272
5428 264
5429 283
5430 274
5431 289
5432 305
5433 280
5434 266
5435 290
5436 286
5437 314
5438 287
5439 297
5440 233
5441 284
5442 265
5443 264
5444 285
5445 284
5446 300
5447 274
5448 255
5449 275
5450 294
5451 311
5452 310
5453 244
5454 273
5455 267
5456 275
5457 280
5458 310
5459 273
5460 263
5461 281
5462 243
5463 266
5464 299
5465 275
5466 290
5467 274
5468 274
5469 296
5470 244
5471 301
5472 271
5473 265
5474 253
5475 264
5476 303
5477 290
5478 276
5479 285
5480 294
5481 248
5482 272
5483 299
5484 262
5485 279
5486 288
5487 280
5488 283
5489 246
5490 271
5491 273
5492 273
5493 241
5494 271
5495 302
5496 300
5497 278
5498 296
5499 269
5500 259
5501 272
5502 290
5503 290
5504 263
5505 279
5506 292
5507 291
5508 267
5509 290
5510 296
5511 263
5512 288
5513 287
5514 287
5515 282
5516 290
5517 282
5518 277
5519 277
5520 260
5521 255
5522 268
5523 297
5524 249
5525 248
5526 291
5527 273
5528 288
5529 276
5530 259
5531 295
5532 272
5533 246
5534 287
5535 251
5536 275
5537 262
5538 298
5539 256
5540 239
5541 265
5542 248
5543 286
5544 260
5545 257
5546 244
5547 249
5548 276
5549 274
5550 256
5551 252
5552 279
5553 314
5554 244
5555 285
5556 287
5557 276
5558 276
5559 244
5560 252
5561 250
5562 264
5563 291
5564 255
5565 257
5566 265
5567 284
5568 233
5569 258
5570 271
5571 245
5572 256
5573 265
5574 268
5575 253
5576 295
5577 256
5578 247
5579 282
5580 299
5581 266
5582 256
5583 255
5584 282
5585 256
5586 265
5587 279
5588 268
5589 254
5590 257
5591 273
5592 252
5593 284
5594 267
5595 261
5596 256
5597 282
5598 282
5599 264
5600 260
5601 261
5602 256
5603 250
5604 262
5605 268
5606 257
5607 251
5608 290
5609 244
5610 259
5611 255
5612 247
5613 273
5614 275
5615 261
5616 261
5617 269
5618 252
5619 254
5620 289
5621 294
5622 232
5623 285
5624 239
5625 260
5626 262
5627 281
5628 295
5629 256
5630 245
5631 271
5632 252
5633 261
5634 267
5635 258
5636 250
5637 261
5638 255
5639 269
5640 263
5641 293
5642 258
5643 252
5644 276
5645 244
5646 274
5647 243
5648 243
5649 265
5650 266
5651 237
5652 250
5653 249
5654 267
5655 260
5656 256
5657 264
5658 241
5659 293
5660 237
5661 254
5662 245
5663 242
5664 260
5665 227
5666 233
5667 228
5668 294
5669 263
5670 234
5671 245
5672 279
5673 246
5674 267
5675 240
5676 287
5677 252
5678 250
5679 243
5680 253
5681 263
5682 240
5683 256
5684 252
5685 266
5686 253
5687 269
5688 242
5689 274
5690 257
5691 264
5692 256
5693 256
5694 263
5695 282
5696 236
5697 260
5698 245
5699 254
5700 282
5701 261
5702 235
5703 250
5704 245
5705 263
5706 268
5707 263
5708 238
5709 251
5710 248
5711 255
5712 245
5713 269
5714 239
5715 293
5716 252
5717 246
5718 249
5719 240
5720 243
5721 257
5722 240
5723 237
5724 249
5725 258
5726 237
5727 268
5728 223
5729 275
5730 272
5731 260
5732 236
5733 243
5734 213
5735 268
5736 245
5737 261
5738 248
5739 250
5740 282
5741 204
5742 243
5743 223
5744 242
5745 236
5746 258
5747 226
5748 260
5749 249
5750 237
5751 214
5752 255
5753 241
5754 243
5755 270
5756 214
5757 266
5758 241
5759 253
5760 236
5761 244
5762 260
5763 237
5764 240
5765 240
5766 240
5767 228
5768 283
5769 236
5770 267
5771 242
5772 247
5773 257
5774 227
5775 224
5776 213
5777 241
5778 226
5779 221
5780 247
5781 258
5782 251
5783 251
5784 268
5785 199
5786 236
5787 262
5788 226
5789 260
5790 240
5791 270
5792 238
5793 242
5794 215
5795 250
5796 242
5797 221
5798 247
5799 243
5800 257
5801 213
5802 270
5803 276
5804 225
5805 270
5806 250
5807 242
5808 231
5809 243
5810 238
5811 239
5812 225
5813 260
5814 244
5815 228
5816 244
5817 240
5818 251
5819 270
5820 251
5821 244
5822 236
5823 236
5824 225
5825 237
5826 242
5827 259
5828 247
5829 237
5830 234
5831 241
5832 227
5833 269
5834 225
5835 225
5836 242
5837 242
5838 258
5839 253
5840 217
5841 223
5842 191
5843 237
5844 231
5845 247
5846 240
5847 238
5848 257
5849 239
5850 226
5851 235
5852 225
5853 224
5854 222
5855 267
5856 250
5857 217
5858 275
5859 226
5860 252
5861 228
5862 231
5863 232
5864 206
5865 232
5866 215
5867 210
5868 248
5869 205
5870 233
5871 248
5872 240
5873 234
5874 234
5875 227
5876 251
5877 227
5878 248
5879 263
5880 231
5881 244
5882 218
5883 220
5884 245
5885 242
5886 223
5887 242
5888 222
5889 252
5890 229
5891 254
5892 237
5893 243
5894 213
5895 227
5896 233
5897 217
5898 228
5899 229
5900 255
5901 246
5902 237
5903 224
5904 218
5905 203
5906 251
5907 214
5908 212
5909 214
5910 234
5911 248
5912 239
5913 235
5914 256
5915 230
5916 244
5917 232
5918 202
5919 255
5920 220
5921 208
5922 224
5923 226
5924 239
5925 230
5926 216
5927 233
5928 244
5929 207
5930 248
5931 226
5932 217
5933 239
5934 225
5935 199
5936 231
5937 228
5938 209
5939 247
5940 203
5941 254
5942 242
5943 212
5944 259
5945 208
5946 261
5947 228
5948 236
5949 227
5950 229
5951 231
5952 239
5953 227
5954 218
5955 210
5956 204
5957 244
5958 231
5959 226
5960 216
5961 217
5962 224
5963 231
5964 187
5965 246
5966 234
5967 205
5968 222
5969 223
5970 218
5971 241
5972 221
5973 220
5974 217
5975 225
5976 233
5977 251
5978 236
5979 227
5980 271
5981 221
5982 235
5983 214
5984 236
5985 222
5986 214
5987 221
5988 244
5989 233
5990 212
5991 221
5992 228
5993 204
5994 234
5995 203
5996 220
5997 238
5998 211
5999 199
6000 243
6001 233
6002 218
6003 229
6004 219
6005 213
6006 234
6007 228
6008 217
6009 233
6010 229
6011 222
6012 211
6013 233
6014 221
6015 241
6016 216
6017 218
6018 214
6019 243
6020 234
6021 214
6022 194
6023 249
6024 243
6025 207
6026 217
6027 222
6028 229
6029 228
6030 193
6031 227
6032 224
6033 236
6034 234
6035 198
6036 242
6037 233
6038 234
6039 226
6040 235
6041 236
6042 224
6043 191
6044 196
6045 236
6046 233
6047 231
6048 214
6049 224
6050 235
6051 212
6052 213
6053 219
6054 211
6055 225
6056 207
6057 229
6058 194
6059 200
6060 230
6061 212
6062 213
6063 211
6064 230
6065 211
6066 195
6067 200
6068 264
6069 210
6070 217
6071 206
6072 226
6073 203
6074 223
6075 232
6076 228
6077 236
6078 215
6079 226
6080 196
6081 199
6082 234
6083 210
6084 228
6085 220
6086 211
6087 212
6088 242
6089 193
6090 233
6091 223
6092 204
6093 194
6094 201
6095 195
6096 229
6097 219
6098 225
6099 198
6100 189
6101 214
6102 219
6103 244
6104 200
6105 196
6106 219
6107 219
6108 229
6109 216
6110 239
6111 197
6112 220
6113 225
6114 224
6115 226
6116 218
6117 210
6118 198
6119 224
6120 212
6121 197
6122 214
6123 207
6124 210
6125 237
6126 204
6127 218
6128 264
6129 230
6130 209
6131 221
6132 225
6133 203
6134 213
6135 237
6136 200
6137 205
6138 230
6139 212
6140 182
6141 216
6142 226
6143 193
6144 240
6145 236
6146 223
6147 225
6148 235
6149 197
6150 226
6151 213
6152 209
6153 213
6154 198
6155 208
6156 213
6157 199
6158 212
6159 192
6160 218
6161 235
6162 182
6163 193
6164 224
6165 223
6166 186
6167 212
6168 200
6169 225
6170 227
6171 237
6172 203
6173 220
6174 217
6175 212
6176 199
6177 199
6178 189
6179 207
6180 210
6181 222
6182 219
6183 201
6184 219
6185 201
6186 221
6187 228
6188 196
6189 193
6190 219
6191 207
6192 213
6193 206
6194 199
6195 204
6196 198
6197 215
6198 206
6199 218
6200 197
6201 220
6202 223
6203 211
6204 218
6205 223
6206 195
6207 183
6208 213
6209 205
6210 223
6211 192
6212 216
6213 199
6214 197
6215 186
6216 198
6217 193
6218 211
6219 205
6220 206
6221 204
6222 230
6223 204
6224 231
6225 206
6226 202
6227 195
6228 211
6229 200
6230 193
6231 219
6232 196
6233 224
6234 213
6235 245
6236 215
6237 217
6238 215
6239 228
6240 198
6241 209
6242 209
6243 210
6244 191
6245 210
6246 203
6247 215
6248 173
6249 207
6250 221
6251 204
6252 203
6253 198
6254 187
6255 219
6256 219
6257 212
6258 198
6259 210
6260 215
6261 192
6262 194
6263 208
6264 213
6265 198
6266 221
6267 190
6268 195
6269 198
6270 185
6271 194
6272 214
6273 204
6274 187
6275 186
6276 195
6277 240
6278 198
6279 211
6280 198
6281 193
6282 204
6283 220
6284 208
6285 206
6286 209
6287 212
6288 179
6289 189
6290 193
6291 167
6292 201
6293 205
6294 180
6295 210
6296 216
6297 212
6298 206
6299 210
6300 216
6301 188
6302 208
6303 196
6304 218
6305 190
6306 215
6307 202
6308 209
6309 201
6310 194
6311 211
6312 188
6313 211
6314 213
6315 223
6316 204
6317 189
6318 193
6319 201
6320 196
6321 182
6322 191
6323 210
6324 216
6325 179
6326 204
6327 206
6328 201
6329 204
6330 202
6331 206
6332 193
6333 200
6334 200
6335 212
6336 184
6337 181
6338 203
6339 193
6340 183
6341 209
6342 200
6343 209
6344 203
6345 204
6346 178
6347 176
6348 203
6349 198
6350 181
6351 225
6352 189
6353 215
6354 188
6355 189
6356 190
6357 193
6358 219
6359 225
6360 223
6361 184
6362 219
6363 212
6364 199
6365 217
6366 221
6367 186
6368 202
6369 177
6370 178
6371 184
6372 173
6373 197
6374 170
6375 194
6376 216
6377 187
6378 212
6379 204
6380 200
6381 210
6382 177
6383 221
6384 184
6385 163
6386 211
6387 180
6388 170
6389 199
6390 179
6391 192
6392 198
6393 199
6394 178
6395 186
6396 191
6397 179
6398 218
6399 183
6400 192
6401 202
6402 210
6403 191
6404 185
6405 177
6406 197
6407 156
6408 196
6409 194
6410 212
6411 181
6412 188
6413 201
6414 149
6415 166
6416 181
6417 196
6418 180
6419 186
6420 206
6421 205
6422 200
6423 188
6424 201
6425 179
6426 176
6427 210
6428 181
6429 182
6430 206
6431 210
6432 170
6433 191
6434 208
6435 165
6436 195
6437 186
6438 194
6439 193
6440 187
6441 198
6442 192
6443 178
6444 179
6445 192
6446 185
6447 203
6448 193
6449 194
6450 210
6451 190
6452 172
6453 194
6454 195
6455 192
6456 187
6457 188
6458 185
6459 194
6460 185
6461 175
6462 201
6463 170
6464 231
6465 191
6466 201
6467 180
6468 181
6469 179
6470 177
6471 202
6472 174
6473 193
6474 162
6475 182
6476 191
6477 207
6478 196
6479 178
6480 164
6481 192
6482 168
6483 150
6484 201
6485 189
6486 164
6487 196
6488 179
6489 191
6490 181
6491 204
6492 180
6493 187
6494 187
6495 177
6496 171
6497 186
6498 182
6499 188
6500 186
6501 187
6502 197
6503 182
6504 202
6505 191
6506 218
6507 186
6508 190
6509 190
6510 202
6511 202
6512 181
6513 179
6514 199
6515 190
6516 188
6517 217
6518 214
6519 203
6520 175
6521 176
6522 166
6523 180
6524 202
6525 172
6526 199
6527 178
6528 169
6529 183
6530 185
6531 192
6532 171
6533 186
6534 185
6535 196
6536 183
6537 174
6538 204
6539 177
6540 196
6541 186
6542 197
6543 205
6544 156
6545 182
6546 192
6547 178
6548 192
6549 180
6550 183
6551 175
6552 205
6553 188
6554 194
6555 189
6556 185
6557 214
6558 186
6559 157
6560 198
6561 168
6562 211
6563 177
6564 205
6565 198
6566 176
6567 191
6568 195
6569 179
6570 164
6571 170
6572 174
6573 183
6574 168
6575 173
6576 157
6577 198
6578 195
6579 163
6580 178
6581 179
6582 188
6583 177
6584 185
6585 159
6586 216
6587 172
6588 198
6589 176
6590 170
6591 177
6592 199
6593 177
6594 194
6595 162
6596 189
6597 190
6598 173
6599 172
6600 170
6601 195
6602 188
6603 174
6604 174
6605 167
6606 164
6607 178
6608 168
6609 198
6610 159
6611 179
6612 191
6613 185
6614 181
6615 186
6616 167
6617 173
6618 195
6619 190
6620 165
6621 193
6622 197
6623 166
6624 210
6625 184
6626 173
6627 173
6628 151
6629 207
6630 179
6631 192
6632 195
6633 198
6634 187
6635 188
6636 180
6637 185
6638 189
6639 176
6640 161
6641 169
6642 190
6643 155
6644 163
6645 179
6646 192
6647 182
6648 175
6649 210
6650 165
6651 179
6652 176
6653 191
6654 192
6655 181
6656 172
6657 176
6658 188
6659 189
6660 198
6661 158
6662 199
6663 170
6664 163
6665 175
6666 177
6667 192
6668 151
6669 183
6670 174
6671 142
6672 196
6673 168
6674 147
6675 168
6676 176
6677 187
6678 164
6679 162
6680 182
6681 161
6682 160
6683 164
6684 160
6685 185
6686 202
6687 202
6688 179
6689 167
6690 179
6691 178
6692 178
6693 196
6694 183
6695 155
6696 171
6697 190
6698 192
6699 178
6700 170
6701 159
6702 182
6703 166
6704 190
6705 168
6706 153
6707 173
6708 174
6709 176
6710 171
6711 191
6712 191
6713 189
6714 190
6715 181
6716 177
6717 160
6718 167
6719 147
6720 176
6721 144
6722 173
6723 175
6724 179
6725 160
6726 165
6727 199
6728 188
6729 165
6730 147
6731 169
6732 162
6733 180
6734 182
6735 176
6736 164
6737 151
6738 160
6739 159
6740 168
6741 192
6742 184
6743 180
6744 176
6745 181
6746 201
6747 170
6748 206
6749 182
6750 189
6751 157
6752 180
6753 172
6754 193
6755 182
6756 192
6757 165
6758 163
6759 159
6760 171
6761 185
6762 168
6763 162
6764 186
6765 159
6766 193
6767 182
6768 177
6769 176
6770 167
6771 160
6772 164
6773 176
6774 174
6775 176
6776 161
6777 171
6778 161
6779 154
6780 161
6781 150
6782 170
6783 157
6784 170
6785 165
6786 185
6787 160
6788 185
6789 183
6790 169
6791 167
6792 182
6793 158
6794 166
6795 172
6796 153
6797 177
6798 201
6799 164
6800 183
6801 174
6802 165
6803 187
6804 162
6805 172
6806 161
6807 175
6808 183
6809 179
6810 158
6811 187
6812 171
6813 169
6814 168
6815 151
6816 170
6817 160
6818 175
6819 154
6820 166
6821 162
6822 174
6823 159
6824 147
6825 169
6826 172
6827 175
6828 189
6829 174
6830 165
6831 153
6832 178
6833 178
6834 188
6835 175
6836 184
6837 152
6838 174
6839 158
6840 172
6841 171
6842 189
6843 178
6844 169
6845 172
6846 176
6847 173
6848 164
6849 158
6850 149
6851 146
6852 160
6853 144
6854 167
6855 193
6856 164
6857 159
6858 144
6859 150
6860 174
6861 163
6862 161
6863 169
6864 159
6865 170
6866 139
6867 160
6868 171
6869 161
6870 162
6871 180
6872 165
6873 161
6874 169
6875 168
6876 179
6877 192
6878 168
6879 166
6880 149
6881 158
6882 156
6883 138
6884 171
6885 170
6886 172
6887 164
6888 184
6889 169
6890 164
6891 172
6892 156
6893 161
6894 165
6895 181
6896 150
6897 193
6898 153
6899 171
6900 144
6901 176
6902 138
6903 167
6904 161
6905 145
6906 170
6907 156
6908 154
6909 155
6910 156
6911 165
6912 192
6913 166
6914 151
6915 155
6916 159
6917 187
6918 178
6919 149
6920 164
6921 156
6922 155
6923 145
6924 162
6925 150
6926 156
6927 159
6928 152
6929 160
6930 166
6931 157
6932 172
6933 163
6934 143
6935 161
6936 163
6937 164
6938 182
6939 166
6940 160
6941 189
6942 153
6943 158
6944 172
6945 177
6946 155
6947 163
6948 172
6949 167
6950 177
6951 163
6952 168
6953 174
6954 158
6955 165
6956 156
6957 144
6958 157
6959 124
6960 150
6961 151
6962 159
6963 150
6964 121
6965 150
6966 146
6967 186
6968 155
6969 148
6970 155
6971 160
6972 148
6973 152
6974 166
6975 148
6976 180
6977 161
6978 160
6979 156
6980 169
6981 181
6982 173
6983 150
6984 172
6985 170
6986 167
6987 148
6988 163
6989 156
6990 176
6991 170
6992 154
6993 152
6994 148
6995 164
6996 180
6997 161
6998 138
6999 162
7000 157
7001 156
7002 191
7003 157
7004 152
7005 161
7006 159
7007 159
7008 158
7009 151
7010 175
7011 175
7012 169
7013 157
7014 161
7015 145
7016 161
7017 154
7018 124
7019 171
7020 163
7021 155
7022 163
7023 146
7024 158
7025 163
7026 141
7027 133
7028 140
7029 147
7030 152
7031 146
7032 154
7033 152
7034 159
7035 150
7036 160
7037 167
7038 143
7039 167
7040 158
7041 143
7042 166
7043 167
7044 170
7045 142
7046 155
7047 146
7048 155
7049 156
7050 184
7051 148
7052 166
7053 152
7054 165
7055 144
7056 138
7057 148
7058 151
7059 152
7060 140
7061 159
7062 156
7063 166
7064 159
7065 157
7066 157
7067 140
7068 173
7069 166
7070 158
7071 161
7072 151
7073 152
7074 138
7075 153
7076 151
7077 185
7078 144
7079 166
7080 156
7081 133
7082 188
7083 156
7084 152
7085 127
7086 155
7087 160
7088 169
7089 157
7090 144
7091 170
7092 169
7093 164
7094 152
7095 146
7096 159
7097 156
7098 150
7099 166
7100 158
7101 127
7102 162
7103 131
7104 147
7105 171
7106 129
7107 153
7108 141
7109 149
7110 123
7111 169
7112 157
7113 149
7114 154
7115 155
7116 160
7117 162
7118 176
7119 143
7120 149
7121 167
7122 156
7123 153
7124 154
7125 155
7126 163
7127 168
7128 147
7129 161
7130 165
7131 168
7132 160
7133 155
7134 147
7135 156
7136 143
7137 165
7138 160
7139 164
7140 165
7141 145
7142 154
7143 138
7144 166
7145 151
7146 170
7147 160
7148 143
7149 168
7150 148
7151 156
7152 168
7153 160
7154 135
7155 139
7156 142
7157 147
7158 128
7159 147
7160 161
7161 164
7162 146
7163 160
7164 163
7165 148
7166 158
7167 150
7168 144
7169 135
7170 144
7171 153
7172 136
7173 143
7174 156
7175 149
7176 153
7177 174
7178 131
7179 145
7180 156
7181 136
7182 152
7183 180
7184 152
7185 137
7186 154
7187 120
7188 145
7189 158
7190 136
7191 150
7192 147
7193 158
7194 173
7195 139
7196 152
7197 163
7198 164
7199 150
7200 180
7201 123
7202 140
7203 148
7204 165
7205 129
7206 142
7207 153
7208 146
7209 123
7210 153
7211 136
7212 135
7213 140
7214 133
7215 149
7216 160
7217 135
7218 177
7219 124
7220 134
7221 131
7222 148
7223 153
7224 132
7225 147
7226 133
7227 119
7228 132
7229 131
7230 132
7231 141
7232 154
7233 131
7234 159
7235 150
7236 141
7237 162
7238 149
7239 146
7240 145
7241 179
7242 160
7243 136
7244 135
7245 127
7246 148
7247 161
7248 154
7249 136
7250 134
7251 155
7252 154
7253 150
7254 157
7255 157
7256 153
7257 132
7258 170
7259 141
7260 151
7261 126
7262 143
7263 141
7264 160
7265 123
7266 165
7267 156
7268 137
7269 154
7270 161
7271 139
7272 146
7273 167
7274 138
7275 149
7276 158
7277 132
7278 133
7279 163
7280 155
7281 149
7282 161
7283 137
7284 173
7285 154
7286 159
7287 125
7288 144
7289 164
7290 160
7291 136
7292 136
7293 137
7294 143
7295 134
7296 145
7297 133
7298 136
7299 139
7300 142
7301 126
7302 150
7303 130
7304 145
7305 137
7306 143
7307 142
7308 148
7309 155
7310 172
7311 139
7312 147
7313 164
7314 152
7315 143
7316 140
7317 147
7318 146
7319 156
7320 137
7321 158
7322 139
7323 142
7324 138
7325 135
7326 132
7327 126
7328 152
7329 162
7330 157
7331 144
7332 134
7333 138
7334 142
7335 144
7336 129
7337 152
7338 125
7339 144
7340 134
7341 128
7342 134
7343 143
7344 132
7345 155
7346 163
7347 157
7348 151
7349 126
7350 131
7351 164
7352 138
7353 158
7354 154
7355 141
7356 136
7357 128
7358 136
7359 148
7360 146
7361 150
7362 151
7363 152
7364 133
7365 151
7366 123
7367 129
7368 142
7369 140
7370 158
7371 143
7372 155
7373 132
7374 166
7375 143
7376 139
7377 162
7378 146
7379 143
7380 137
7381 137
7382 125
7383 145
7384 158
7385 141
7386 134
7387 144
7388 146
7389 154
7390 153
7391 142
7392 148
7393 134
7394 146
7395 136
7396 136
7397 139
7398 146
7399 117
7400 138
7401 137
7402 126
7403 142
7404 143
7405 155
7406 129
7407 131
7408 147
7409 126
7410 121
7411 136
7412 125
7413 166
7414 139
7415 149
7416 183
7417 127
7418 139
7419 139
7420 151
7421 125
7422 140
7423 161
7424 128
7425 121
7426 138
7427 140
7428 128
7429 126
7430 135
7431 142
7432 149
7433 141
7434 143
7435 153
7436 150
7437 141
7438 151
7439 128
7440 136
7441 140
7442 125
7443 149
7444 136
7445 140
7446 143
7447 157
7448 140
7449 146
7450 149
7451 135
7452 129
7453 158
7454 120
7455 147
7456 140
7457 153
7458 134
7459 125
7460 130
7461 135
7462 171
7463 153
7464 126
7465 137
7466 118
7467 142
7468 152
7469 130
7470 134
7471 137
7472 131
7473 134
7474 145
7475 136
7476 136
7477 137
7478 109
7479 136
7480 140
7481 152
7482 130
7483 145
7484 135
7485 151
7486 132
7487 145
7488 156
7489 136
7490 132
7491 147
7492 152
7493 158
7494 122
7495 126
7496 142
7497 149
7498 124
7499 144
7500 128
7501 127
7502 128
7503 152
7504 130
7505 142
7506 130
7507 143
7508 125
7509 136
7510 137
7511 127
7512 147
7513 131
7514 142
7515 154
7516 141
7517 142
7518 119
7519 124
7520 129
7521 139
7522 121
7523 154
7524 138
7525 138
7526 141
7527 152
7528 138
7529 121
7530 132
7531 135
7532 133
7533 135
7534 123
7535 131
7536 149
7537 141
7538 130
7539 130
7540 123
7541 122
7542 122
7543 147
7544 129
7545 124
7546 139
7547 142
7548 140
7549 123
7550 121
7551 134
7552 133
7553 124
7554 114
7555 132
7556 140
7557 131
7558 139
7559 156
7560 123
7561 140
7562 133
7563 139
7564 115
7565 151
7566 123
7567 136
7568 122
7569 131
7570 141
7571 134
7572 143
7573 118
7574 129
7575 141
7576 112
7577 138
7578 110
7579 126
7580 138
7581 121
7582 154
7583 128
7584 138
7585 154
7586 131
7587 124
7588 142
7589 125
7590 148
7591 147
7592 132
7593 133
7594 141
7595 141
7596 131
7597 125
7598 141
7599 131
7600 144
7601 124
7602 141
7603 125
7604 150
7605 151
7606 117
7607 152
7608 125
7609 120
7610 135
7611 140
7612 130
7613 125
7614 158
7615 123
7616 129
7617 135
7618 140
7619 124
7620 138
7621 128
7622 124
7623 129
7624 114
7625 146
7626 122
7627 144
7628 132
7629 118
7630 120
7631 123
7632 147
7633 123
7634 117
7635 125
7636 138
7637 145
7638 145
7639 147
7640 123
7641 124
7642 130
7643 116
7644 143
7645 115
7646 141
7647 125
7648 124
7649 131
7650 124
7651 138
7652 135
7653 119
7654 107
7655 144
7656 132
7657 108
7658 136
7659 144
7660 133
7661 129
7662 132
7663 128
7664 118
7665 99
7666 127
7667 141
7668 123
7669 117
7670 125
7671 148
7672 129
7673 142
7674 126
7675 125
7676 121
7677 145
7678 141
7679 131
7680 117
7681 153
7682 128
7683 142
7684 130
7685 151
7686 125
7687 135
7688 143
7689 140
7690 140
7691 144
7692 137
7693 134
7694 105
7695 126
7696 129
7697 119
7698 144
7699 123
7700 143
7701 132
7702 120
7703 141
7704 109
7705 135
7706 127
7707 129
7708 125
7709 128
7710 140
7711 110
7712 126
7713 122
7714 113
7715 128
7716 124
7717 129
7718 146
7719 126
7720 121
7721 123
7722 124
7723 140
7724 110
7725 133
7726 148
7727 121
7728 142
7729 151
7730 112
7731 111
7732 117
7733 118
7734 123
7735 128
7736 145
7737 113
7738 117
7739 141
7740 150
7741 112
7742 115
7743 136
7744 143
7745 133
7746 122
7747 122
7748 142
7749 128
7750 108
7751 131
7752 140
7753 112
7754 126
7755 130
7756 109
7757 124
7758 113
7759 123
7760 114
7761 132
7762 118
7763 131
7764 116
7765 124
7766 137
7767 133
7768 101
7769 129
7770 142
7771 122
7772 116
7773 129
7774 139
7775 116
7776 129
7777 119
7778 116
7779 131
7780 111
7781 126
7782 119
7783 116
7784 125
7785 121
7786 109
7787 114
7788 119
7789 142
7790 137
7791 105
7792 136
7793 130
7794 111
7795 144
7796 120
7797 130
7798 102
7799 118
7800 134
7801 136
7802 140
7803 118
7804 135
7805 107
7806 117
7807 132
7808 131
7809 131
7810 114
7811 119
7812 128
7813 95
7814 123
7815 121
7816 112
7817 118
7818 111
7819 119
7820 132
7821 133
7822 123
7823 123
7824 117
7825 136
7826 122
7827 120
7828 112
7829 126
7830 129
7831 110
7832 123
7833 114
7834 125
7835 118
7836 129
7837 124
7838 117
7839 128
7840 136
7841 128
7842 127
7843 134
7844 117
7845 108
7846 121
7847 142
7848 131
7849 124
7850 127
7851 122
7852 118
7853 144
7854 110
7855 111
7856 127
7857 119
7858 135
7859 102
7860 160
7861 126
7862 125
7863 114
7864 121
7865 113
7866 130
7867 130
7868 132
7869 127
7870 105
7871 137
7872 120
7873 116
7874 118
7875 133
7876 110
7877 107
7878 119
7879 131
7880 96
7881 122
7882 133
7883 134
7884 126
7885 130
7886 116
7887 128
7888 131
7889 136
7890 127
7891 146
7892 113
7893 124
7894 122
7895 126
7896 117
7897 134
7898 130
7899 121
7900 118
7901 122
7902 130
7903 117
7904 132
7905 107
7906 125
7907 129
7908 114
7909 149
7910 112
7911 103
7912 125
7913 121
7914 118
7915 116
7916 113
7917 120
7918 113
7919 120
7920 118
7921 121
7922 143
7923 133
7924 150
7925 129
7926 112
7927 121
7928 126
7929 108
7930 126
7931 113
7932 139
7933 134
7934 124
7935 135
7936 110
7937 93
7938 128
7939 123
7940 110
7941 111
7942 122
7943 129
7944 134
7945 125
7946 130
7947 122
7948 126
7949 121
7950 124
7951 140
7952 115
7953 127
7954 113
7955 136
7956 119
7957 125
7958 118
7959 135
7960 114
7961 109
7962 117
7963 120
7964 110
7965 126
7966 111
7967 122
7968 119
7969 114
7970 123
7971 121
7972 116
7973 96
7974 123
7975 120
7976 113
7977 125
7978 119
7979 130
7980 124
7981 119
7982 124
7983 134
7984 157
7985 107
7986 130
7987 94
7988 119
7989 107
7990 113
7991 131
7992 138
7993 123
7994 104
7995 118
7996 124
7997 119
7998 117
7999 111
8000 133
8001 126
8002 121
8003 139
8004 119
8005 103
8006 123
8007 123
8008 106
8009 118
8010 123
8011 97
8012 98
8013 111
8014 133
8015 111
8016 103
8017 127
8018 117
8019 107
8020 125
8021 124
8022 120
8023 115
8024 119
8025 118
8026 109
8027 117
8028 94
8029 121
8030 109
8031 126
8032 103
8033 135
8034 109
8035 122
8036 127
8037 102
8038 122
8039 125
8040 98
8041 106
8042 121
8043 123
8044 115
8045 94
8046 113
8047 123
8048 118
8049 117
8050 132
8051 102
8052 130
8053 113
8054 115
8055 135
8056 119
8057 128
8058 105
8059 116
8060 120
8061 142
8062 102
8063 119
8064 124
8065 126
8066 119
8067 105
8068 117
8069 116
8070 107
8071 116
8072 114
8073 104
8074 132
8075 120
8076 122
8077 105
8078 127
8079 122
8080 114
8081 123
8082 127
8083 111
8084 126
8085 123
8086 114
8087 120
8088 109
8089 113
8090 96
8091 119
8092 102
8093 110
8094 110
8095 98
8096 112
8097 117
8098 112
8099 119
8100 113
8101 107
8102 126
8103 110
8104 126
8105 116
8106 106
8107 116
8108 118
8109 125
8110 121
8111 151
8112 105
8113 122
8114 92
8115 135
8116 114
8117 117
8118 126
8119 131
8120 108
8121 108
8122 126
8123 129
8124 101
8125 96
8126 104
8127 119
8128 123
8129 113
8130 104
8131 118
8132 116
8133 103
8134 105
8135 107
8136 114
8137 132
8138 104
8139 101
8140 113
8141 124
8142 122
8143 112
8144 111
8145 101
8146 110
8147 103
8148 117
8149 119
8150 115
8151 107
8152 103
8153 109
8154 121
8155 130
8156 126
8157 103
8158 103
8159 115
8160 125
8161 99
8162 117
8163 112
8164 120
8165 111
8166 106
8167 102
8168 108
8169 113
8170 100
8171 126
8172 116
8173 107
8174 122
8175 98
8176 92
8177 102
8178 119
8179 108
8180 111
8181 113
8182 116
8183 110
8184 114
8185 113
8186 104
8187 111
8188 108
8189 100
8190 110
8191 120
8192 121
8193 118
8194 113
8195 117
8196 128
8197 125
8198 114
8199 110
8200 117
8201 97
8202 139
8203 117
8204 109
8205 101
8206 133
8207 91
8208 122
8209 112
8210 104
8211 109
8212 112
8213 111
8214 94
8215 106
8216 118
8217 124
8218 126
8219 112
8220 94
8221 108
8222 104
8223 110
8224 123
8225 116
8226 118
8227 102
8228 101
8229 111
8230 123
8231 128
8232 106
8233 132
8234 117
8235 133
8236 101
8237 112
8238 109
8239 98
8240 124
8241 91
8242 124
8243 102
8244 98
8245 103
8246 109
8247 109
8248 112
8249 113
8250 100
8251 96
8252 107
8253 110
8254 125
8255 128
8256 113
8257 100
8258 109
8259 111
8260 118
8261 122
8262 109
8263 137
8264 121
8265 115
8266 111
8267 119
8268 86
8269 97
8270 111
8271 98
8272 105
8273 118
8274 109
8275 101
8276 116
8277 112
8278 120
8279 126
8280 95
8281 107
8282 93
8283 108
8284 97
8285 109
8286 113
8287 107
8288 115
8289 119
8290 104
8291 111
8292 116
8293 106
8294 105
8295 118
8296 88
8297 108
8298 105
8299 109
8300 91
8301 125
8302 104
8303 143
8304 112
8305 119
8306 128
8307 106
8308 112
8309 106
8310 128
8311 109
8312 109
8313 127
8314 89
8315 117
8316 103
8317 118
8318 101
8319 96
8320 109
8321 105
8322 103
8323 113
8324 109
8325 89
8326 116
8327 112
8328 89
8329 100
8330 112
8331 107
8332 114
8333 103
8334 104
8335 103
8336 98
8337 114
8338 102
8339 123
8340 103
8341 118
8342 99
8343 104
8344 124
8345 104
8346 96
8347 105
8348 96
8349 115
8350 139
8351 92
8352 113
8353 126
8354 101
8355 103
8356 109
8357 114
8358 93
8359 117
8360 123
8361 107
8362 100
8363 119
8364 106
8365 120
8366 91
8367 125
8368 97
8369 112
8370 107
8371 103
8372 110
8373 113
8374 105
8375 129
8376 109
8377 107
8378 106
8379 117
8380 100
8381 100
8382 115
8383 109
8384 91
8385 110
8386 98
8387 96
8388 81
8389 101
8390 86
8391 116
8392 113
8393 94
8394 96
8395 104
8396 110
8397 103
8398 105
8399 103
8400 104
8401 90
8402 107
8403 98
8404 114
8405 95
8406 88
8407 103
8408 96
8409 116
8410 109
8411 91
8412 111
8413 90
8414 101
8415 119
8416 102
8417 109
8418 92
8419 107
8420 99
8421 100
8422 95
8423 109
8424 113
8425 91
8426 92
8427 120
8428 106
8429 100
8430 93
8431 95
8432 110
8433 97
8434 95
8435 94
8436 102
8437 108
8438 103
8439 112
8440 131
8441 117
8442 121
8443 118
8444 100
8445 106
8446 94
8447 109
8448 100
8449 95
8450 100
8451 100
8452 111
8453 113
8454 108
8455 94
8456 117
8457 95
8458 102
8459 100
8460 91
8461 99
8462 103
8463 108
8464 104
8465 97
8466 106
8467 147
8468 105
8469 106
8470 87
8471 103
8472 111
8473 87
8474 105
8475 99
8476 106
8477 89
8478 109
8479 105
8480 106
8481 107
8482 112
8483 99
8484 109
8485 108
8486 96
8487 107
8488 115
8489 81
8490 104
8491 105
8492 115
8493 121
8494 96
8495 90
8496 101
8497 88
8498 103
8499 98
8500 98
8501 109
8502 103
8503 107
8504 95
8505 110
8506 99
8507 112
8508 111
8509 127
8510 106
8511 115
8512 109
8513 87
8514 93
8515 99
8516 82
8517 101
8518 104
8519 94
8520 90
8521 109
8522 93
8523 114
8524 98
8525 91
8526 111
8527 100
8528 96
8529 90
8530 93
8531 106
8532 97
8533 101
8534 97
8535 102
8536 100
8537 90
8538 119
8539 110
8540 88
8541 92
8542 98
8543 112
8544 124
8545 107
8546 81
8547 92
8548 107
8549 132
8550 94
8551 101
8552 101
8553 93
8554 89
8555 106
8556 116
8557 95
8558 94
8559 92
8560 102
8561 90
8562 86
8563 107
8564 97
8565 108
8566 89
8567 88
8568 98
8569 80
8570 122
8571 107
8572 118
8573 106
8574 98
8575 84
8576 114
8577 114
8578 101
8579 96
8580 91
8581 95
8582 86
8583 102
8584 85
8585 107
8586 97
8587 110
8588 93
8589 93
8590 108
8591 85
8592 91
8593 103
8594 84
8595 92
8596 97
8597 102
8598 96
8599 93
8600 97
8601 100
8602 90
8603 89
8604 93
8605 86
8606 95
8607 98
8608 93
8609 94
8610 87
8611 84
8612 95
8613 93
8614 105
8615 97
8616 98
8617 126
8618 90
8619 89
8620 99
8621 118
8622 114
8623 102
8624 108
8625 101
8626 120
8627 89
8628 95
8629 113
8630 102
8631 93
8632 99
8633 92
8634 98
8635 105
8636 97
8637 105
8638 101
8639 102
8640 109
8641 102
8642 92
8643 103
8644 94
8645 84
8646 96
8647 123
8648 106
8649 86
8650 100
8651 89
8652 105
8653 90
8654 107
8655 109
8656 85
8657 92
8658 103
8659 90
8660 92
8661 114
8662 106
8663 91
8664 80
8665 114
8666 104
8667 71
8668 96
8669 104
8670 96
8671 89
8672 98
8673 95
8674 77
8675 98
8676 98
8677 87
8678 109
8679 96
8680 114
8681 89
8682 98
8683 117
8684 108
8685 107
8686 100
8687 105
8688 87
8689 110
8690 95
8691 105
8692 105
8693 93
8694 86
8695 107
8696 101
8697 103
8698 111
8699 101
8700 114
8701 111
8702 91
8703 90
8704 111
8705 90
8706 94
8707 102
8708 98
8709 81
8710 85
8711 90
8712 95
8713 77
8714 92
8715 88
8716 88
8717 91
8718 97
8719 100
8720 100
8721 106
8722 86
8723 93
8724 91
8725 100
8726 100
8727 85
8728 88
8729 100
8730 105
8731 85
8732 98
8733 104
8734 93
8735 80
8736 75
8737 107
8738 98
8739 91
8740 93
8741 100
8742 114
8743 97
8744 89
8745 85
8746 96
8747 100
8748 101
8749 83
8750 116
8751 92
8752 98
8753 98
8754 109
8755 96
8756 93
8757 97
8758 98
8759 96
8760 94
8761 90
8762 75
8763 60
8764 93
8765 100
8766 93
8767 97
8768 85
8769 99
8770 89
8771 96
8772 87
8773 103
8774 75
8775 93
8776 87
8777 109
8778 110
8779 87
8780 94
8781 94
8782 117
8783 97
8784 108
8785 99
8786 112
8787 86
8788 101
8789 108
8790 111
8791 97
8792 91
8793 96
8794 97
8795 105
8796 97
8797 95
8798 91
8799 96
8800 87
8801 102
8802 99
8803 101
8804 96
8805 103
8806 101
8807 97
8808 90
8809 110
8810 93
8811 89
8812 100
8813 90
8814 85
8815 110
8816 82
8817 106
8818 87
8819 91
8820 112
8821 107
8822 108
8823 103
8824 92
8825 112
8826 101
8827 93
8828 99
8829 103
8830 89
8831 97
8832 88
8833 94
8834 83
8835 81
8836 92
8837 106
8838 103
8839 105
8840 104
8841 106
8842 92
8843 90
8844 107
8845 81
8846 95
8847 104
8848 88
8849 87
8850 102
8851 92
8852 98
8853 92
8854 93
8855 94
8856 79
8857 93
8858 91
8859 96
8860 92
8861 84
8862 114
8863 109
8864 99
8865 113
8866 110
8867 86
8868 89
8869 97
8870 78
8871 92
8872 81
8873 89
8874 79
8875 102
8876 98
8877 98
8878 101
8879 98
8880 78
8881 102
8882 100
8883 87
8884 89
8885 97
8886 89
8887 85
8888 89
8889 92
8890 92
8891 106
8892 72
8893 85
8894 102
8895 99
8896 92
8897 91
8898 91
8899 80
8900 107
8901 99
8902 101
8903 103
8904 88
8905 72
8906 97
8907 85
8908 84
8909 108
8910 89
8911 82
8912 96
8913 79
8914 101
8915 79
8916 100
8917 96
8918 85
8919 76
8920 104
8921 89
8922 92
8923 93
8924 77
8925 119
8926 91
8927 77
8928 86
8929 88
8930 99
8931 93
8932 121
8933 94
8934 95
8935 79
8936 89
8937 82
8938 97
8939 95
8940 94
8941 100
8942 85
8943 90
8944 100
8945 89
8946 90
8947 95
8948 99
8949 114
8950 92
8951 85
8952 114
8953 96
8954 92
8955 95
8956 92
8957 106
8958 111
8959 95
8960 108
8961 84
8962 75
8963 74
8964 99
8965 84
8966 97
8967 85
8968 92
8969 87
8970 99
8971 82
8972 103
8973 77
8974 94
8975 108
8976 87
8977 103
8978 81
8979 98
8980 102
8981 79
8982 85
8983 97
8984 77
8985 96
8986 102
8987 83
8988 81
8989 96
8990 83
8991 101
8992 91
8993 88
8994 87
8995 86
8996 104
8997 96
8998 106
8999 88
9000 91
9001 106
9002 91
9003 90
9004 97
9005 84
9006 86
9007 101
9008 90
9009 88
9010 85
9011 87
9012 74
9013 96
9014 101
9015 94
9016 103
9017 94
9018 75
9019 105
9020 92
9021 85
9022 84
9023 97
9024 90
9025 84
9026 91
9027 88
9028 84
9029 78
9030 107
9031 83
9032 102
9033 81
9034 80
9035 93
9036 80
9037 101
9038 95
9039 101
9040 78
9041 85
9042 91
9043 110
9044 73
9045 77
9046 108
9047 110
9048 101
9049 83
9050 94
9051 74
9052 73
9053 92
9054 99
9055 84
9056 75
9057 84
9058 88
9059 109
9060 109
9061 102
9062 73
9063 72
9064 88
9065 100
9066 88
9067 92
9068 88
9069 95
9070 102
9071 88
9072 79
9073 95
9074 91
9075 106
9076 85
9077 80
9078 75
9079 91
9080 101
9081 112
9082 99
9083 86
9084 84
9085 93
9086 89
9087 83
9088 92
9089 98
9090 95
9091 94
9092 92
9093 86
9094 74
9095 85
9096 101
9097 96
9098 87
9099 97
9100 97
9101 87
9102 96
9103 92
9104 89
9105 90
9106 84
9107 86
9108 93
9109 87
9110 94
9111 85
9112 84
9113 89
9114 105
9115 81
9116 79
9117 95
9118 98
9119 69
9120 106
9121 82
9122 91
9123 96
9124 86
9125 80
9126 88
9127 111
9128 93
9129 80
9130 71
9131 96
9132 92
9133 93
9134 78
9135 87
9136 81
9137 106
9138 97
9139 90
9140 86
9141 84
9142 102
9143 84
9144 76
9145 86
9146 85
9147 99
9148 84
9149 96
9150 88
9151 106
9152 77
9153 88
9154 96
9155 91
9156 100
9157 90
9158 90
9159 100
9160 113
9161 104
9162 102
9163 84
9164 95
9165 83
9166 90
9167 90
9168 76
9169 75
9170 92
9171 96
9172 82
9173 83
9174 75
9175 67
9176 77
9177 89
9178 74
9179 93
9180 95
9181 104
9182 91
9183 99
9184 81
9185 101
9186 88
9187 91
9188 82
9189 76
9190 95
9191 82
9192 83
9193 86
9194 96
9195 68
9196 82
9197 80
9198 84
9199 80
9200 72
9201 75
9202 83
9203 100
9204 80
9205 79
9206 92
9207 94
9208 74
9209 89
9210 75
9211 84
9212 92
9213 74
9214 94
9215 89
9216 85
9217 92
9218 72
9219 82
9220 71
9221 85
9222 92
9223 86
9224 82
9225 80
9226 93
9227 73
9228 93
9229 105
9230 92
9231 89
9232 78
9233 81
9234 101
9235 92
9236 78
9237 88
9238 73
9239 101
9240 81
9241 71
9242 80
9243 76
9244 96
9245 104
9246 99
9247 87
9248 78
9249 98
9250 77
9251 72
9252 87
9253 81
9254 89
9255 99
9256 88
9257 90
9258 96
9259 68
9260 98
9261 70
9262 80
9263 92
9264 83
9265 62
9266 79
9267 90
9268 75
9269 76
9270 72
9271 89
9272 67
9273 98
9274 92
9275 108
9276 74
9277 77
9278 69
9279 93
9280 87
9281 90
9282 82
9283 85
9284 84
9285 89
9286 92
9287 81
9288 72
9289 92
9290 87
9291 85
9292 93
9293 105
9294 94
9295 88
9296 86
9297 103
9298 64
9299 83
9300 70
9301 109
9302 75
9303 91
9304 93
9305 87
9306 85
9307 89
9308 88
9309 84
9310 68
9311 80
9312 71
9313 85
9314 89
9315 78
9316 84
9317 92
9318 81
9319 62
9320 80
9321 89
9322 79
9323 78
9324 82
9325 102
9326 73
9327 82
9328 85
9329 80
9330 95
9331 78
9332 80
9333 96
9334 66
9335 75
9336 78
9337 73
9338 91
9339 87
9340 81
9341 90
9342 68
9343 84
9344 78
9345 88
9346 87
9347 80
9348 79
9349 72
9350 88
9351 65
9352 77
9353 77
9354 71
9355 91
9356 82
9357 90
9358 70
9359 81
9360 79
9361 94
9362 101
9363 87
9364 78
9365 75
9366 84
9367 70
9368 85
9369 91
9370 74
9371 90
9372 84
9373 95
9374 80
9375 85
9376 98
9377 90
9378 71
9379 95
9380 84
9381 72
9382 79
9383 90
9384 85
9385 89
9386 93
9387 77
9388 90
9389 86
9390 93
9391 103
9392 86
9393 81
9394 88
9395 79
9396 79
9397 72
9398 93
9399 84
9400 78
9401 84
9402 82
9403 81
9404 89
9405 69
9406 79
9407 75
9408 83
9409 87
9410 85
9411 94
9412 93
9413 88
9414 86
9415 105
9416 81
9417 85
9418 63
9419 80
9420 97
9421 74
9422 57
9423 76
9424 86
9425 84
9426 86
9427 61
9428 89
9429 93
9430 85
9431 70
9432 79
9433 88
9434 94
9435 99
9436 82
9437 76
9438 77
9439 72
9440 95
9441 83
9442 96
9443 84
9444 78
9445 87
9446 84
9447 88
9448 96
9449 93
9450 77
9451 94
9452 66
9453 78
9454 75
9455 77
9456 70
9457 81
9458 70
9459 66
9460 78
9461 71
9462 94
9463 86
9464 88
9465 83
9466 76
9467 90
9468 78
9469 68
9470 79
9471 91
9472 74
9473 71
9474 80
9475 93
9476 109
9477 82
9478 80
9479 68
9480 76
9481 84
9482 84
9483 71
9484 88
9485 81
9486 70
9487 74
9488 89
9489 97
9490 94
9491 91
9492 63
9493 84
9494 73
9495 67
9496 84
9497 75
9498 89
9499 76
9500 74
9501 74
9502 71
9503 75
9504 76
9505 84
9506 81
9507 67
9508 72
9509 72
9510 79
9511 71
9512 76
9513 77
9514 89
9515 91
9516 84
9517 78
9518 87
9519 87
9520 74
9521 85
9522 86
9523 70
9524 85
9525 66
9526 78
9527 91
9528 79
9529 70
9530 85
9531 87
9532 89
9533 73
9534 80
9535 72
9536 80
9537 78
9538 95
9539 84
9540 94
9541 92
9542 73
9543 84
9544 71
9545 77
9546 76
9547 86
9548 84
9549 76
9550 75
9551 78
9552 91
9553 83
9554 85
9555 71
9556 82
9557 75
9558 76
9559 87
9560 79
9561 81
9562 82
9563 86
9564 90
9565 84
9566 80
9567 59
9568 87
9569 83
9570 86
9571 83
9572 88
9573 87
9574 78
9575 90
9576 96
9577 88
9578 70
9579 77
9580 73
9581 73
9582 81
9583 81
9584 79
9585 88
9586 77
9587 80
9588 79
9589 82
9590 76
9591 84
9592 82
9593 88
9594 85
9595 87
9596 64
9597 77
9598 71
9599 76
9600 88
9601 86
9602 80
9603 67
9604 91
9605 76
9606 76
9607 91
9608 91
9609 74
9610 67
9611 83
9612 82
9613 62
9614 83
9615 81
9616 78
9617 73
9618 80
9619 81
9620 83
9621 80
9622 84
9623 77
9624 86
9625 73
9626 96
9627 61
9628 77
9629 66
9630 81
9631 75
9632 78
9633 71
9634 73
9635 72
9636 82
9637 70
9638 79
9639 83
9640 83
9641 75
9642 82
9643 63
9644 86
9645 73
9646 87
9647 70
9648 78
9649 76
9650 96
9651 85
9652 73
9653 70
9654 70
9655 74
9656 80
9657 75
9658 72
9659 68
9660 76
9661 72
9662 98
9663 70
9664 87
9665 87
9666 85
9667 85
9668 55
9669 65
9670 78
9671 70
9672 87
9673 68
9674 66
9675 65
9676 80
9677 90
9678 72
9679 88
9680 82
9681 79
9682 72
9683 77
9684 77
9685 83
9686 64
9687 75
9688 74
9689 86
9690 85
9691 73
9692 80
9693 87
9694 88
9695 90
9696 68
9697 91
9698 82
9699 81
9700 75
9701 79
9702 75
9703 69
9704 85
9705 77
9706 66
9707 81
9708 75
9709 85
9710 96
9711 83
9712 79
9713 79
9714 76
9715 86
9716 85
9717 90
9718 73
9719 63
9720 87
9721 81
9722 68
9723 85
9724 69
9725 91
9726 79
9727 83
9728 70
9729 69
9730 89
9731 70
9732 72
9733 82
9734 71
9735 69
9736 55
9737 71
9738 73
9739 85
9740 74
9741 76
9742 77
9743 79
9744 84
9745 77
9746 75
9747 65
9748 87
9749 80
9750 79
9751 82
9752 78
9753 73
9754 81
9755 74
9756 70
9757 61
9758 83
9759 91
9760 76
9761 71
9762 77
9763 83
9764 72
9765 81
9766 64
9767 90
9768 69
9769 82
9770 70
9771 87
9772 82
9773 61
9774 65
9775 72
9776 68
9777 53
9778 75
9779 82
9780 99
9781 79
9782 78
9783 77
9784 81
9785 68
9786 72
9787 61
9788 66
9789 68
9790 75
9791 75
9792 73
9793 78
9794 60
9795 72
9796 66
9797 73
9798 66
9799 88
9800 77
9801 91
9802 64
9803 76
9804 65
9805 69
9806 71
9807 61
9808 73
9809 74
9810 80
9811 83
9812 88
9813 90
9814 76
9815 68
9816 82
9817 81
9818 69
9819 67
9820 61
9821 65
9822 79
9823 79
9824 80
9825 71
9826 66
9827 76
9828 77
9829 73
9830 76
9831 68
9832 80
9833 63
9834 67
9835 86
9836 81
9837 74
9838 76
9839 71
9840 75
9841 60
9842 69
9843 71
9844 79
9845 76
9846 77
9847 76
9848 69
9849 60
9850 75
9851 62
9852 84
9853 64
9854 76
9855 71
9856 81
9857 64
9858 69
9859 74
9860 78
9861 78
9862 79
9863 67
9864 72
9865 73
9866 77
9867 74
9868 77
9869 72
9870 74
9871 75
9872 70
9873 91
9874 77
9875 71
9876 87
9877 70
9878 67
9879 71
9880 74
9881 73
9882 67
9883 79
9884 67
9885 72
9886 76
9887 76
9888 79
9889 82
9890 79
9891 86
9892 71
9893 76
9894 72
9895 79
9896 68
9897 70
9898 74
9899 79
9900 70
9901 59
9902 65
9903 80
9904 70
9905 82
9906 66
9907 69
9908 72
9909 71
9910 80
9911 68
9912 94
9913 77
9914 69
9915 76
9916 79
9917 73
9918 74
9919 74
9920 72
9921 74
9922 71
9923 58
9924 63
9925 80
9926 88
9927 85
9928 85
9929 67
9930 61
9931 79
9932 79
9933 74
9934 57
9935 81
9936 82
9937 75
9938 79
9939 88
9940 78
9941 82
9942 85
9943 76
9944 91
9945 68
9946 69
9947 62
9948 83
9949 78
9950 88
9951 71
9952 89
9953 72
9954 79
9955 77
9956 80
9957 61
9958 61
9959 90
9960 78
9961 74
9962 70
9963 66
9964 79
9965 76
9966 70
9967 85
9968 59
9969 59
9970 64
9971 75
9972 65
9973 62
9974 73
9975 86
9976 80
9977 69
9978 76
9979 83
9980 77
9981 70
9982 68
9983 60
9984 72
9985 78
9986 79
9987 73
9988 86
9989 60
9990 76
9991 74
9992 80
9993 67
9994 89
9995 73
9996 76
9997 67
9998 67
9999 90
10000 65
10001 736419
