2 199127826
3 164609216
4 176289375
5 174615193
6 159554696
7 138763871
8 118819205
9 102759974
10 91081525
11 82670323
12 76212801
13 70828816
14 65909220
15 61326947
16 56955370
17 52661686
18 48427645
19 44231316
20 40042500
21 35872700
22 31780936
23 27840494
24 24091091
25 20657433
26 17534302
27 14768429
28 12386574
29 10353094
30 8657919
31 7276523
32 6158898
33 5261534
34 4550559
35 3989725
36 3545692
37 3187292
38 2895970
39 2654923
40 2449509
41 2277016
42 2118123
43 1978218
44 1854526
45 1742065
46 1635085
47 1540342
48 1452021
49 1369314
50 1292744
51 1223806
52 1161746
53 1096483
54 1042518
55 987044
56 939398
57 896698
58 854701
59 816956
60 777753
61 744042
62 711629
63 681836
64 653747
65 628347
66 603854
67 579827
68 559426
69 536524
70 516910
71 498907
72 481394
73 464000
74 450162
75 435894
76 419305
77 407278
78 394041
79 381298
80 368548
81 358831
82 347230
83 337206
84 326632
85 316221
86 306675
87 298203
88 290804
89 281231
90 275497
91 266778
92 259346
93 253453
94 246233
95 240773
96 233893
97 228254
98 221869
99 216352
100 212314
101 206799
102 200884
103 196487
104 191409
105 186748
106 182293
107 179109
108 173992
109 169772
110 166012
111 162974
112 159601
113 156080
114 152122
115 149121
116 146009
117 142863
118 140071
119 136903
120 134163
121 131966
122 129340
123 127274
124 124267
125 121821
126 119776
127 117013
128 114557
129 112112
130 110088
131 108027
132 106433
133 104704
134 102120
135 100639
136 98657
137 96939
138 95676
139 93866
140 91659
141 91056
142 88564
143 87120
144 85896
145 84777
146 83730
147 81917
148 80991
149 79333
150 78531
151 76780
152 76138
153 74520
154 73401
155 72879
156 71705
157 70139
158 69356
159 68275
160 67136
161 66583
162 65565
163 64318
164 63511
165 62451
166 61971
167 61301
168 60238
169 59042
170 58438
171 57496
172 56617
173 56286
174 55491
175 54874
176 54602
177 53270
178 52702
179 52457
180 51762
181 50979
182 50035
183 48997
184 48701
185 48075
186 48155
187 47590
188 47199
189 46144
190 45255
191 45189
192 44078
193 43718
194 43507
195 42512
196 42491
197 42023
198 41253
199 41077
200 40234
201 39902
202 39006
203 38790
204 38342
205 38067
206 37854
207 37449
208 37034
209 36650
210 35992
211 35478
212 35334
213 35109
214 34831
215 34242
216 33908
217 33567
218 33157
219 32722
220 32360
221 32434
222 32059
223 31634
224 31095
225 30855
226 30663
227 30422
228 30131
229 29792
230 29134
231 28869
232 28606
233 28709
234 28374
235 27745
236 27664
237 27472
238 26882
239 26956
240 26663
241 26483
242 26277
243 25945
244 25502
245 25427
246 25249
247 24984
248 24810
249 24582
250 24247
251 23858
252 23480
253 23612
254 23278
255 23238
256 23098
257 22865
258 23243
259 22521
260 22557
261 21996
262 22017
263 21996
264 21592
265 21244
266 21040
267 21167
268 20955
269 20582
270 20219
271 20206
272 20223
273 19961
274 19781
275 19867
276 19590
277 19277
278 19411
279 19233
280 18875
281 18961
282 18778
283 18865
284 18531
285 18500
286 18229
287 17950
288 17906
289 17800
290 17760
291 17423
292 17289
293 17360
294 17133
295 17049
296 16787
297 16682
298 16820
299 16683
300 16500
301 16416
302 16578
303 16253
304 16282
305 16341
306 16030
307 15905
308 16024
309 15887
310 15888
311 15712
312 15631
313 15131
314 15536
315 15233
316 15406
317 15143
318 15064
319 14912
320 14912
321 14780
322 14246
323 14400
324 14475
325 14321
326 14441
327 14367
328 14071
329 13808
330 13984
331 13787
332 14074
333 13964
334 13682
335 13792
336 13592
337 13566
338 13442
339 13430
340 13317
341 13433
342 13151
343 13243
344 13184
345 13148
346 12969
347 13122
348 13221
349 12987
350 13221
351 12977
352 12868
353 12777
354 13066
355 12835
356 12481
357 12644
358 12569
359 12642
360 12770
361 12427
362 12489
363 12400
364 12279
365 12276
366 12368
367 12236
368 12096
369 12140
370 12118
371 12199
372 12033
373 12138
374 11874
375 11876
376 12008
377 11992
378 12083
379 11817
380 11676
381 11800
382 11804
383 11965
384 11658
385 12035
386 11856
387 11819
388 11740
389 11703
390 11550
391 11850
392 11626
393 11446
394 11693
395 11616
396 11628
397 11488
398 11571
399 11679
400 11533
401 11277
402 11588
403 11357
404 11311
405 11114
406 11328
407 11406
408 11235
409 11072
410 11168
411 11271
412 11318
413 11345
414 11138
415 10965
416 11104
417 11226
418 11207
419 11008
420 11034
421 10990
422 11029
423 10873
424 10912
425 10719
426 11012
427 10934
428 10986
429 10950
430 10956
431 10952
432 10868
433 10754
434 10624
435 10698
436 10804
437 10695
438 10590
439 10533
440 10778
441 10437
442 10471
443 10444
444 10720
445 10411
446 10578
447 10341
448 10404
449 10341
450 10577
451 10390
452 10517
453 10465
454 10248
455 10279
456 10019
457 10360
458 10220
459 9995
460 10149
461 10191
462 10076
463 10005
464 10060
465 9795
466 9876
467 9977
468 9677
469 9730
470 9872
471 9751
472 9540
473 9455
474 9441
475 9566
476 9487
477 9448
478 9075
479 9184
480 9146
481 9221
482 9008
483 8860
484 8998
485 8876
486 8782
487 8835
488 8680
489 8653
490 8672
491 8483
492 8557
493 8468
494 8267
495 8221
496 8415
497 8190
498 8108
499 8064
500 8150
501 8049
502 7909
503 7930
504 7907
505 7943
506 7834
507 7890
508 7833
509 7805
510 7703
511 7791
512 7527
513 7651
514 7502
515 7474
516 7249
517 7462
518 7425
519 7271
520 7211
521 7090
522 7200
523 6996
524 6956
525 6957
526 6855
527 6754
528 6738
529 6713
530 6671
531 6617
532 6640
533 6486
534 6653
535 6496
536 6456
537 6417
538 6296
539 6223
540 6472
541 6266
542 6148
543 6083
544 6036
545 6075
546 5828
547 6120
548 5879
549 5796
550 5774
551 5794
552 5711
553 5627
554 5704
555 5626
556 5529
557 5457
558 5466
559 5543
560 5322
561 5309
562 5307
563 5169
564 5143
565 5074
566 5272
567 5183
568 5154
569 5117
570 4943
571 5083
572 5050
573 5032
574 4872
575 5036
576 4785
577 4798
578 4985
579 4731
580 4772
581 4650
582 4683
583 4637
584 4622
585 4494
586 4477
587 4633
588 4548
589 4578
590 4503
591 4450
592 4369
593 4356
594 4321
595 4388
596 4383
597 4422
598 4296
599 4157
600 4240
601 4280
602 4318
603 4223
604 4159
605 4235
606 4168
607 4130
608 4049
609 4013
610 4133
611 4053
612 3928
613 3995
614 3984
615 3915
616 4023
617 3897
618 3868
619 3906
620 4028
621 3917
622 3960
623 3871
624 3930
625 3877
626 3807
627 3754
628 3720
629 3733
630 3746
631 3825
632 3691
633 3705
634 3684
635 3697
636 3666
637 3671
638 3699
639 3646
640 3635
641 3740
642 3652
643 3637
644 3586
645 3526
646 3510
647 3532
648 3490
649 3607
650 3492
651 3434
652 3459
653 3359
654 3582
655 3492
656 3486
657 3522
658 3442
659 3333
660 3506
661 3443
662 3338
663 3402
664 3352
665 3218
666 3326
667 3367
668 3348
669 3336
670 3306
671 3151
672 3297
673 3249
674 3220
675 3213
676 3168
677 3170
678 3164
679 3084
680 3192
681 3173
682 3056
683 3144
684 3130
685 3057
686 3060
687 3078
688 3161
689 3111
690 3063
691 3025
692 3127
693 3080
694 3001
695 3077
696 2984
697 3089
698 2922
699 2953
700 2943
701 2931
702 2866
703 2933
704 2909
705 2929
706 2863
707 2950
708 2922
709 2832
710 2905
711 2818
712 2803
713 2786
714 2923
715 2812
716 2938
717 2843
718 2759
719 2820
720 2797
721 2788
722 2769
723 2766
724 2842
725 2824
726 2729
727 2751
728 2731
729 2715
730 2720
731 2641
732 2664
733 2571
734 2684
735 2669
736 2759
737 2674
738 2681
739 2590
740 2669
741 2560
742 2611
743 2501
744 2570
745 2630
746 2581
747 2607
748 2512
749 2641
750 2610
751 2581
752 2521
753 2622
754 2507
755 2530
756 2584
757 2591
758 2540
759 2524
760 2559
761 2484
762 2491
763 2438
764 2423
765 2479
766 2562
767 2380
768 2450
769 2425
770 2402
771 2420
772 2387
773 2491
774 2344
775 2495
776 2429
777 2333
778 2347
779 2326
780 2383
781 2341
782 2344
783 2389
784 2261
785 2278
786 2377
787 2346
788 2231
789 2221
790 2265
791 2282
792 2252
793 2268
794 2210
795 2309
796 2286
797 2167
798 2198
799 2102
800 2182
801 2184
802 2236
803 2183
804 2154
805 2156
806 2111
807 2117
808 2098
809 2209
810 2104
811 2126
812 2108
813 2087
814 2051
815 2074
816 2145
817 2139
818 2127
819 2105
820 2128
821 2065
822 2027
823 1966
824 1943
825 1932
826 2050
827 2037
828 1954
829 2084
830 1930
831 1948
832 2081
833 1982
834 1995
835 1950
836 1957
837 1866
838 1911
839 1905
840 1909
841 1938
842 1884
843 1977
844 1983
845 1978
846 1930
847 1836
848 1926
849 1879
850 1933
851 1923
852 1926
853 1881
854 1832
855 1941
856 1859
857 1868
858 1890
859 1882
860 1819
861 1789
862 1781
863 1795
864 1818
865 1772
866 1898
867 1784
868 1851
869 1781
870 1819
871 1785
872 1713
873 1814
874 1726
875 1770
876 1689
877 1756
878 1640
879 1744
880 1777
881 1750
882 1725
883 1745
884 1601
885 1755
886 1679
887 1707
888 1665
889 1749
890 1646
891 1671
892 1643
893 1730
894 1712
895 1683
896 1665
897 1777
898 1609
899 1639
900 1598
901 1634
902 1649
903 1662
904 1603
905 1706
906 1667
907 1606
908 1574
909 1638
910 1673
911 1597
912 1661
913 1598
914 1621
915 1656
916 1619
917 1589
918 1604
919 1558
920 1544
921 1559
922 1583
923 1591
924 1573
925 1622
926 1514
927 1556
928 1656
929 1517
930 1540
931 1538
932 1537
933 1562
934 1588
935 1567
936 1501
937 1521
938 1504
939 1505
940 1469
941 1492
942 1410
943 1501
944 1459
945 1462
946 1440
947 1480
948 1449
949 1500
950 1432
951 1455
952 1425
953 1477
954 1421
955 1352
956 1432
957 1428
958 1396
959 1435
960 1373
961 1409
962 1419
963 1404
964 1370
965 1442
966 1360
967 1342
968 1429
969 1364
970 1384
971 1380
972 1439
973 1271
974 1353
975 1436
976 1410
977 1315
978 1363
979 1351
980 1339
981 1309
982 1350
983 1333
984 1335
985 1289
986 1292
987 1331
988 1317
989 1382
990 1323
991 1297
992 1276
993 1336
994 1321
995 1293
996 1246
997 1306
998 1312
999 1290
1000 1285
1001 1272
1002 1269
1003 1343
1004 1289
1005 1226
1006 1250
1007 1251
1008 1243
1009 1209
1010 1226
1011 1334
1012 1227
1013 1236
1014 1207
1015 1242
1016 1230
1017 1165
1018 1216
1019 1202
1020 1215
1021 1211
1022 1198
1023 1176
1024 1233
1025 1233
1026 1205
1027 1212
1028 1215
1029 1204
1030 1228
1031 1243
1032 1140
1033 1191
1034 1199
1035 1196
1036 1175
1037 1202
1038 1138
1039 1161
1040 1165
1041 1152
1042 1191
1043 1155
1044 1142
1045 1165
1046 1107
1047 1123
1048 1181
1049 1155
1050 1106
1051 1200
1052 1159
1053 1184
1054 1189
1055 1115
1056 1147
1057 1135
1058 1126
1059 1095
1060 1160
1061 1141
1062 1168
1063 1174
1064 1102
1065 1132
1066 1129
1067 1140
1068 1142
1069 1094
1070 1173
1071 1163
1072 1087
1073 1095
1074 1080
1075 1161
1076 1133
1077 1111
1078 1117
1079 1128
1080 1021
1081 1106
1082 1079
1083 1138
1084 1103
1085 1074
1086 1098
1087 1074
1088 1093
1089 1076
1090 1082
1091 1092
1092 1097
1093 1045
1094 1084
1095 1057
1096 1070
1097 1082
1098 1061
1099 1014
1100 1052
1101 1088
1102 1053
1103 1023
1104 1009
1105 1047
1106 1030
1107 1007
1108 1016
1109 1084
1110 1027
1111 1046
1112 1059
1113 1069
1114 985
1115 997
1116 1059
1117 1027
1118 1016
1119 1043
1120 1004
1121 1062
1122 1046
1123 906
1124 997
1125 997
1126 1001
1127 1011
1128 968
1129 970
1130 1036
1131 1022
1132 1027
1133 983
1134 989
1135 979
1136 1009
1137 1047
1138 982
1139 945
1140 946
1141 1001
1142 965
1143 959
1144 970
1145 1001
1146 1005
1147 982
1148 958
1149 945
1150 962
1151 1013
1152 935
1153 938
1154 950
1155 917
1156 946
1157 975
1158 919
1159 996
1160 965
1161 881
1162 927
1163 895
1164 947
1165 922
1166 968
1167 922
1168 939
1169 914
1170 904
1171 862
1172 955
1173 929
1174 896
1175 940
1176 890
1177 931
1178 907
1179 876
1180 872
1181 903
1182 918
1183 903
1184 897
1185 906
1186 919
1187 890
1188 919
1189 918
1190 914
1191 895
1192 927
1193 852
1194 948
1195 853
1196 886
1197 887
1198 895
1199 850
1200 850
1201 878
1202 897
1203 889
1204 881
1205 925
1206 906
1207 846
1208 851
1209 880
1210 875
1211 835
1212 875
1213 827
1214 875
1215 836
1216 863
1217 873
1218 794
1219 868
1220 910
1221 883
1222 866
1223 862
1224 868
1225 839
1226 899
1227 788
1228 868
1229 826
1230 818
1231 816
1232 812
1233 859
1234 862
1235 804
1236 786
1237 772
1238 827
1239 810
1240 845
1241 888
1242 806
1243 849
1244 838
1245 814
1246 844
1247 749
1248 816
1249 837
1250 835
1251 854
1252 813
1253 795
1254 802
1255 847
1256 825
1257 753
1258 816
1259 793
1260 823
1261 767
1262 805
1263 778
1264 775
1265 792
1266 806
1267 816
1268 812
1269 800
1270 803
1271 779
1272 828
1273 817
1274 792
1275 774
1276 842
1277 776
1278 783
1279 749
1280 751
1281 785
1282 800
1283 766
1284 750
1285 730
1286 768
1287 796
1288 766
1289 785
1290 792
1291 759
1292 783
1293 734
1294 793
1295 797
1296 702
1297 776
1298 776
1299 748
1300 785
1301 699
1302 824
1303 720
1304 697
1305 730
1306 717
1307 735
1308 814
1309 793
1310 742
1311 700
1312 767
1313 735
1314 734
1315 734
1316 754
1317 752
1318 726
1319 705
1320 767
1321 729
1322 724
1323 726
1324 738
1325 703
1326 682
1327 755
1328 721
1329 771
1330 715
1331 714
1332 714
1333 751
1334 734
1335 727
1336 714
1337 715
1338 704
1339 707
1340 722
1341 733
1342 698
1343 723
1344 655
1345 703
1346 710
1347 686
1348 672
1349 659
1350 678
1351 689
1352 720
1353 715
1354 698
1355 700
1356 712
1357 709
1358 683
1359 689
1360 723
1361 695
1362 691
1363 702
1364 699
1365 709
1366 665
1367 652
1368 665
1369 646
1370 691
1371 657
1372 658
1373 662
1374 682
1375 656
1376 697
1377 669
1378 634
1379 699
1380 664
1381 653
1382 701
1383 641
1384 690
1385 694
1386 643
1387 634
1388 708
1389 680
1390 628
1391 693
1392 641
1393 625
1394 704
1395 638
1396 619
1397 628
1398 657
1399 642
1400 616
1401 655
1402 625
1403 616
1404 619
1405 609
1406 661
1407 679
1408 618
1409 617
1410 604
1411 609
1412 596
1413 674
1414 623
1415 589
1416 602
1417 667
1418 581
1419 623
1420 602
1421 660
1422 595
1423 632
1424 607
1425 585
1426 634
1427 625
1428 594
1429 606
1430 559
1431 603
1432 647
1433 622
1434 601
1435 589
1436 603
1437 655
1438 599
1439 626
1440 618
1441 577
1442 573
1443 586
1444 577
1445 552
1446 633
1447 550
1448 582
1449 575
1450 606
1451 600
1452 574
1453 595
1454 590
1455 623
1456 555
1457 602
1458 598
1459 565
1460 629
1461 642
1462 552
1463 606
1464 599
1465 577
1466 561
1467 590
1468 572
1469 582
1470 609
1471 554
1472 594
1473 590
1474 580
1475 631
1476 609
1477 565
1478 610
1479 573
1480 584
1481 590
1482 582
1483 565
1484 584
1485 623
1486 592
1487 520
1488 593
1489 531
1490 559
1491 588
1492 581
1493 573
1494 540
1495 573
1496 534
1497 588
1498 565
1499 553
1500 547
1501 551
1502 537
1503 583
1504 563
1505 595
1506 494
1507 560
1508 552
1509 549
1510 542
1511 559
1512 596
1513 557
1514 553
1515 556
1516 500
1517 554
1518 526
1519 561
1520 554
1521 539
1522 519
1523 577
1524 537
1525 517
1526 594
1527 568
1528 527
1529 536
1530 528
1531 530
1532 520
1533 523
1534 563
1535 525
1536 527
1537 507
1538 556
1539 526
1540 522
1541 477
1542 538
1543 520
1544 499
1545 537
1546 519
1547 530
1548 521
1549 549
1550 527
1551 520
1552 518
1553 502
1554 506
1555 523
1556 528
1557 525
1558 530
1559 526
1560 541
1561 512
1562 556
1563 515
1564 541
1565 559
1566 532
1567 525
1568 516
1569 481
1570 491
1571 531
1572 514
1573 509
1574 522
1575 514
1576 465
1577 492
1578 469
1579 488
1580 514
1581 502
1582 483
1583 473
1584 505
1585 555
1586 469
1587 498
1588 498
1589 578
1590 523
1591 497
1592 468
1593 527
1594 524
1595 505
1596 508
1597 506
1598 468
1599 491
1600 494
1601 482
1602 472
1603 523
1604 510
1605 510
1606 504
1607 513
1608 443
1609 517
1610 492
1611 454
1612 538
1613 479
1614 480
1615 469
1616 481
1617 499
1618 484
1619 521
1620 497
1621 451
1622 463
1623 528
1624 501
1625 529
1626 473
1627 480
1628 476
1629 470
1630 449
1631 446
1632 476
1633 481
1634 470
1635 495
1636 487
1637 448
1638 477
1639 509
1640 467
1641 462
1642 494
1643 490
1644 496
1645 474
1646 434
1647 469
1648 455
1649 464
1650 461
1651 435
1652 439
1653 485
1654 468
1655 489
1656 486
1657 463
1658 446
1659 486
1660 459
1661 437
1662 455
1663 466
1664 417
1665 453
1666 444
1667 469
1668 449
1669 457
1670 449
1671 471
1672 421
1673 465
1674 446
1675 460
1676 443
1677 461
1678 429
1679 418
1680 445
1681 435
1682 444
1683 478
1684 442
1685 415
1686 442
1687 452
1688 406
1689 444
1690 477
1691 381
1692 450
1693 431
1694 447
1695 443
1696 472
1697 416
1698 438
1699 441
1700 437
1701 428
1702 417
1703 468
1704 435
1705 422
1706 444
1707 434
1708 429
1709 418
1710 443
1711 451
1712 393
1713 409
1714 424
1715 436
1716 427
1717 410
1718 435
1719 450
1720 448
1721 406
1722 439
1723 397
1724 421
1725 419
1726 440
1727 422
1728 442
1729 405
1730 385
1731 419
1732 432
1733 404
1734 401
1735 420
1736 384
1737 407
1738 403
1739 451
1740 426
1741 407
1742 434
1743 362
1744 418
1745 392
1746 435
1747 417
1748 424
1749 410
1750 410
1751 416
1752 403
1753 401
1754 389
1755 436
1756 416
1757 434
1758 377
1759 397
1760 407
1761 409
1762 370
1763 411
1764 353
1765 448
1766 387
1767 396
1768 380
1769 396
1770 442
1771 375
1772 360
1773 413
1774 383
1775 408
1776 397
1777 411
1778 423
1779 376
1780 389
1781 389
1782 412
1783 401
1784 397
1785 386
1786 380
1787 393
1788 376
1789 395
1790 380
1791 371
1792 371
1793 416
1794 400
1795 402
1796 354
1797 400
1798 364
1799 407
1800 353
1801 368
1802 384
1803 397
1804 370
1805 379
1806 420
1807 406
1808 382
1809 380
1810 395
1811 373
1812 371
1813 332
1814 358
1815 362
1816 412
1817 363
1818 405
1819 338
1820 324
1821 372
1822 359
1823 341
1824 395
1825 364
1826 367
1827 370
1828 372
1829 329
1830 396
1831 347
1832 369
1833 337
1834 378
1835 364
1836 388
1837 335
1838 343
1839 337
1840 360
1841 342
1842 357
1843 325
1844 364
1845 363
1846 352
1847 362
1848 351
1849 353
1850 364
1851 364
1852 332
1853 333
1854 357
1855 350
1856 323
1857 367
1858 305
1859 357
1860 367
1861 356
1862 337
1863 358
1864 299
1865 339
1866 329
1867 354
1868 382
1869 361
1870 373
1871 355
1872 357
1873 336
1874 333
1875 338
1876 335
1877 327
1878 341
1879 368
1880 321
1881 378
1882 333
1883 360
1884 348
1885 347
1886 349
1887 355
1888 336
1889 333
1890 347
1891 335
1892 350
1893 352
1894 354
1895 378
1896 339
1897 317
1898 329
1899 315
1900 356
1901 341
1902 339
1903 363
1904 346
1905 338
1906 294
1907 349
1908 348
1909 336
1910 350
1911 350
1912 332
1913 318
1914 348
1915 309
1916 342
1917 307
1918 320
1919 343
1920 333
1921 317
1922 319
1923 299
1924 288
1925 320
1926 302
1927 326
1928 304
1929 344
1930 315
1931 321
1932 303
1933 326
1934 322
1935 309
1936 288
1937 345
1938 351
1939 307
1940 350
1941 323
1942 287
1943 302
1944 321
1945 340
1946 322
1947 322
1948 316
1949 309
1950 320
1951 335
1952 303
1953 307
1954 303
1955 295
1956 286
1957 316
1958 296
1959 321
1960 301
1961 309
1962 294
1963 343
1964 321
1965 349
1966 328
1967 347
1968 309
1969 291
1970 289
1971 316
1972 323
1973 286
1974 364
1975 287
1976 278
1977 313
1978 308
1979 321
1980 303
1981 306
1982 318
1983 309
1984 308
1985 264
1986 320
1987 292
1988 299
1989 272
1990 303
1991 276
1992 291
1993 284
1994 323
1995 272
1996 301
1997 280
1998 264
1999 298
2000 305
2001 307
2002 297
2003 287
2004 315
2005 286
2006 283
2007 268
2008 301
2009 268
2010 286
2011 275
2012 279
2013 313
2014 284
2015 292
2016 310
2017 319
2018 287
2019 248
2020 291
2021 273
2022 277
2023 264
2024 287
2025 268
2026 272
2027 288
2028 266
2029 270
2030 269
2031 264
2032 269
2033 277
2034 282
2035 291
2036 259
2037 291
2038 305
2039 306
2040 282
2041 272
2042 291
2043 276
2044 256
2045 297
2046 300
2047 288
2048 305
2049 305
2050 275
2051 295
2052 317
2053 254
2054 263
2055 268
2056 316
2057 249
2058 291
2059 301
2060 303
2061 278
2062 267
2063 279
2064 275
2065 264
2066 262
2067 276
2068 265
2069 300
2070 305
2071 274
2072 289
2073 274
2074 256
2075 289
2076 281
2077 266
2078 247
2079 251
2080 261
2081 263
2082 247
2083 272
2084 263
2085 293
2086 297
2087 259
2088 267
2089 287
2090 270
2091 259
2092 270
2093 242
2094 252
2095 282
2096 257
2097 265
2098 263
2099 260
2100 246
2101 260
2102 259
2103 245
2104 261
2105 305
2106 295
2107 283
2108 276
2109 273
2110 261
2111 256
2112 249
2113 259
2114 305
2115 252
2116 268
2117 286
2118 266
2119 254
2120 275
2121 287
2122 273
2123 251
2124 241
2125 289
2126 280
2127 273
2128 271
2129 271
2130 262
2131 243
2132 277
2133 264
2134 254
2135 236
2136 285
2137 272
2138 251
2139 269
2140 274
2141 268
2142 251
2143 291
2144 255
2145 243
2146 295
2147 280
2148 258
2149 258
2150 256
2151 265
2152 246
2153 281
2154 263
2155 246
2156 262
2157 256
2158 237
2159 272
2160 278
2161 224
2162 237
2163 256
2164 242
2165 255
2166 254
2167 239
2168 239
2169 250
2170 246
2171 274
2172 269
2173 250
2174 263
2175 239
2176 241
2177 260
2178 241
2179 271
2180 265
2181 265
2182 257
2183 245
2184 241
2185 251
2186 238
2187 231
2188 237
2189 269
2190 261
2191 242
2192 263
2193 243
2194 274
2195 245
2196 238
2197 278
2198 252
2199 260
2200 266
2201 244
2202 279
2203 241
2204 257
2205 263
2206 274
2207 253
2208 218
2209 241
2210 267
2211 257
2212 245
2213 282
2214 256
2215 254
2216 257
2217 237
2218 224
2219 253
2220 260
2221 255
2222 231
2223 240
2224 276
2225 269
2226 254
2227 246
2228 236
2229 258
2230 213
2231 234
2232 242
2233 228
2234 238
2235 264
2236 255
2237 278
2238 234
2239 268
2240 263
2241 247
2242 277
2243 220
2244 254
2245 256
2246 256
2247 222
2248 248
2249 238
2250 245
2251 255
2252 252
2253 218
2254 253
2255 215
2256 237
2257 239
2258 224
2259 226
2260 234
2261 238
2262 233
2263 219
2264 243
2265 230
2266 239
2267 224
2268 237
2269 240
2270 243
2271 245
2272 228
2273 204
2274 254
2275 234
2276 274
2277 228
2278 231
2279 250
2280 260
2281 232
2282 253
2283 228
2284 260
2285 243
2286 257
2287 242
2288 230
2289 231
2290 244
2291 246
2292 224
2293 239
2294 261
2295 216
2296 247
2297 225
2298 234
2299 237
2300 255
2301 218
2302 217
2303 234
2304 228
2305 228
2306 236
2307 215
2308 259
2309 209
2310 220
2311 240
2312 242
2313 254
2314 226
2315 225
2316 221
2317 219
2318 220
2319 247
2320 247
2321 215
2322 222
2323 228
2324 242
2325 231
2326 221
2327 226
2328 215
2329 226
2330 236
2331 222
2332 218
2333 233
2334 238
2335 216
2336 230
2337 240
2338 217
2339 228
2340 232
2341 247
2342 242
2343 220
2344 218
2345 234
2346 247
2347 239
2348 214
2349 246
2350 235
2351 221
2352 215
2353 235
2354 228
2355 227
2356 214
2357 242
2358 222
2359 200
2360 220
2361 229
2362 213
2363 222
2364 244
2365 219
2366 227
2367 197
2368 191
2369 217
2370 236
2371 228
2372 231
2373 203
2374 232
2375 217
2376 222
2377 235
2378 215
2379 206
2380 221
2381 221
2382 221
2383 197
2384 255
2385 217
2386 208
2387 218
2388 198
2389 184
2390 209
2391 215
2392 206
2393 227
2394 213
2395 203
2396 214
2397 211
2398 202
2399 210
2400 186
2401 211
2402 216
2403 193
2404 195
2405 226
2406 235
2407 211
2408 225
2409 199
2410 227
2411 206
2412 224
2413 208
2414 228
2415 211
2416 207
2417 180
2418 176
2419 206
2420 211
2421 219
2422 202
2423 210
2424 202
2425 200
2426 234
2427 207
2428 196
2429 229
2430 191
2431 185
2432 211
2433 175
2434 212
2435 203
2436 187
2437 184
2438 190
2439 228
2440 205
2441 224
2442 200
2443 191
2444 197
2445 196
2446 197
2447 184
2448 208
2449 197
2450 204
2451 192
2452 208
2453 181
2454 211
2455 205
2456 187
2457 184
2458 220
2459 227
2460 221
2461 224
2462 236
2463 233
2464 185
2465 219
2466 189
2467 206
2468 195
2469 225
2470 212
2471 198
2472 212
2473 205
2474 209
2475 194
2476 184
2477 198
2478 213
2479 169
2480 202
2481 193
2482 203
2483 191
2484 184
2485 194
2486 210
2487 211
2488 205
2489 200
2490 182
2491 213
2492 179
2493 202
2494 183
2495 202
2496 212
2497 193
2498 215
2499 211
2500 208
2501 185
2502 209
2503 195
2504 200
2505 206
2506 177
2507 199
2508 195
2509 201
2510 227
2511 190
2512 216
2513 188
2514 195
2515 193
2516 193
2517 193
2518 198
2519 189
2520 211
2521 174
2522 179
2523 193
2524 198
2525 217
2526 201
2527 178
2528 194
2529 201
2530 204
2531 209
2532 192
2533 201
2534 218
2535 216
2536 204
2537 179
2538 192
2539 193
2540 186
2541 188
2542 152
2543 187
2544 207
2545 224
2546 191
2547 185
2548 189
2549 189
2550 182
2551 204
2552 182
2553 192
2554 195
2555 202
2556 218
2557 197
2558 177
2559 201
2560 208
2561 186
2562 197
2563 231
2564 209
2565 180
2566 207
2567 197
2568 205
2569 196
2570 194
2571 193
2572 204
2573 180
2574 186
2575 203
2576 197
2577 179
2578 187
2579 174
2580 172
2581 201
2582 189
2583 191
2584 195
2585 213
2586 188
2587 196
2588 197
2589 207
2590 181
2591 180
2592 211
2593 219
2594 210
2595 185
2596 173
2597 175
2598 201
2599 178
2600 196
2601 185
2602 187
2603 189
2604 179
2605 171
2606 179
2607 201
2608 182
2609 170
2610 193
2611 167
2612 197
2613 201
2614 191
2615 195
2616 185
2617 188
2618 175
2619 195
2620 181
2621 181
2622 176
2623 176
2624 195
2625 184
2626 186
2627 171
2628 205
2629 182
2630 182
2631 197
2632 188
2633 184
2634 187
2635 188
2636 172
2637 167
2638 186
2639 186
2640 178
2641 174
2642 190
2643 170
2644 199
2645 181
2646 183
2647 184
2648 175
2649 186
2650 182
2651 194
2652 171
2653 174
2654 191
2655 173
2656 172
2657 184
2658 169
2659 154
2660 179
2661 204
2662 189
2663 152
2664 190
2665 169
2666 182
2667 179
2668 157
2669 174
2670 161
2671 172
2672 193
2673 172
2674 175
2675 173
2676 190
2677 186
2678 177
2679 189
2680 187
2681 173
2682 158
2683 180
2684 170
2685 170
2686 183
2687 159
2688 183
2689 168
2690 191
2691 182
2692 178
2693 160
2694 184
2695 156
2696 157
2697 176
2698 159
2699 160
2700 156
2701 162
2702 182
2703 161
2704 171
2705 143
2706 169
2707 162
2708 170
2709 184
2710 163
2711 166
2712 206
2713 163
2714 152
2715 166
2716 164
2717 185
2718 168
2719 166
2720 171
2721 185
2722 150
2723 177
2724 170
2725 191
2726 170
2727 163
2728 174
2729 184
2730 172
2731 160
2732 178
2733 190
2734 163
2735 156
2736 156
2737 173
2738 146
2739 168
2740 188
2741 187
2742 163
2743 147
2744 165
2745 183
2746 172
2747 172
2748 177
2749 158
2750 155
2751 168
2752 163
2753 164
2754 158
2755 172
2756 167
2757 174
2758 159
2759 166
2760 176
2761 147
2762 176
2763 160
2764 169
2765 158
2766 150
2767 188
2768 142
2769 160
2770 140
2771 182
2772 168
2773 184
2774 175
2775 151
2776 158
2777 155
2778 178
2779 175
2780 151
2781 157
2782 148
2783 173
2784 175
2785 176
2786 170
2787 167
2788 164
2789 164
2790 196
2791 158
2792 151
2793 158
2794 144
2795 183
2796 177
2797 159
2798 160
2799 153
2800 164
2801 145
2802 168
2803 171
2804 162
2805 139
2806 160
2807 171
2808 166
2809 161
2810 172
2811 184
2812 154
2813 167
2814 166
2815 164
2816 174
2817 173
2818 166
2819 157
2820 155
2821 171
2822 174
2823 171
2824 162
2825 164
2826 177
2827 132
2828 182
2829 152
2830 170
2831 148
2832 159
2833 157
2834 172
2835 173
2836 170
2837 181
2838 164
2839 162
2840 169
2841 163
2842 154
2843 188
2844 158
2845 170
2846 158
2847 167
2848 153
2849 159
2850 163
2851 145
2852 185
2853 146
2854 147
2855 153
2856 153
2857 186
2858 147
2859 176
2860 167
2861 171
2862 166
2863 147
2864 154
2865 165
2866 148
2867 137
2868 162
2869 155
2870 164
2871 153
2872 177
2873 157
2874 148
2875 165
2876 179
2877 152
2878 140
2879 181
2880 160
2881 172
2882 175
2883 168
2884 159
2885 151
2886 174
2887 176
2888 177
2889 160
2890 174
2891 154
2892 178
2893 171
2894 152
2895 156
2896 144
2897 158
2898 167
2899 141
2900 167
2901 171
2902 163
2903 135
2904 161
2905 167
2906 141
2907 171
2908 155
2909 145
2910 173
2911 169
2912 148
2913 178
2914 144
2915 157
2916 158
2917 166
2918 151
2919 173
2920 168
2921 157
2922 158
2923 189
2924 147
2925 158
2926 173
2927 167
2928 147
2929 159
2930 163
2931 178
2932 156
2933 157
2934 155
2935 166
2936 171
2937 155
2938 155
2939 159
2940 163
2941 162
2942 165
2943 161
2944 141
2945 161
2946 171
2947 153
2948 171
2949 159
2950 160
2951 168
2952 158
2953 152
2954 162
2955 144
2956 154
2957 158
2958 164
2959 162
2960 180
2961 141
2962 163
2963 151
2964 145
2965 147
2966 146
2967 155
2968 147
2969 189
2970 150
2971 156
2972 130
2973 180
2974 148
2975 173
2976 170
2977 143
2978 171
2979 152
2980 164
2981 156
2982 148
2983 158
2984 152
2985 179
2986 147
2987 169
2988 121
2989 152
2990 167
2991 176
2992 168
2993 154
2994 179
2995 140
2996 147
2997 156
2998 145
2999 151
3000 143
3001 155
3002 160
3003 164
3004 160
3005 154
3006 153
3007 146
3008 148
3009 152
3010 144
3011 164
3012 152
3013 162
3014 164
3015 164
3016 137
3017 178
3018 124
3019 170
3020 152
3021 140
3022 148
3023 168
3024 176
3025 144
3026 165
3027 155
3028 162
3029 147
3030 161
3031 128
3032 160
3033 157
3034 174
3035 159
3036 160
3037 144
3038 145
3039 137
3040 154
3041 165
3042 159
3043 156
3044 171
3045 164
3046 124
3047 147
3048 146
3049 134
3050 155
3051 135
3052 162
3053 160
3054 152
3055 177
3056 135
3057 150
3058 148
3059 133
3060 153
3061 146
3062 159
3063 146
3064 163
3065 137
3066 178
3067 143
3068 153
3069 134
3070 153
3071 142
3072 192
3073 158
3074 155
3075 143
3076 158
3077 127
3078 148
3079 170
3080 147
3081 151
3082 154
3083 144
3084 143
3085 157
3086 161
3087 145
3088 151
3089 128
3090 148
3091 148
3092 147
3093 120
3094 136
3095 152
3096 164
3097 132
3098 141
3099 129
3100 148
3101 167
3102 150
3103 142
3104 151
3105 165
3106 140
3107 143
3108 142
3109 144
3110 152
3111 130
3112 134
3113 150
3114 147
3115 157
3116 135
3117 151
3118 144
3119 145
3120 159
3121 132
3122 145
3123 173
3124 154
3125 143
3126 167
3127 134
3128 151
3129 149
3130 130
3131 152
3132 143
3133 145
3134 138
3135 147
3136 149
3137 152
3138 137
3139 135
3140 143
3141 135
3142 103
3143 137
3144 143
3145 145
3146 149
3147 142
3148 150
3149 137
3150 152
3151 141
3152 127
3153 148
3154 161
3155 151
3156 139
3157 140
3158 145
3159 139
3160 124
3161 146
3162 158
3163 136
3164 137
3165 150
3166 148
3167 146
3168 133
3169 143
3170 156
3171 170
3172 140
3173 153
3174 151
3175 122
3176 137
3177 151
3178 133
3179 129
3180 144
3181 143
3182 167
3183 153
3184 142
3185 148
3186 153
3187 149
3188 156
3189 151
3190 149
3191 137
3192 117
3193 158
3194 145
3195 144
3196 144
3197 141
3198 139
3199 145
3200 154
3201 131
3202 138
3203 132
3204 136
3205 148
3206 168
3207 131
3208 127
3209 142
3210 164
3211 125
3212 151
3213 154
3214 157
3215 141
3216 150
3217 140
3218 136
3219 134
3220 154
3221 152
3222 156
3223 137
3224 117
3225 122
3226 148
3227 141
3228 132
3229 136
3230 137
3231 114
3232 151
3233 148
3234 118
3235 145
3236 159
3237 150
3238 140
3239 141
3240 137
3241 140
3242 128
3243 136
3244 156
3245 148
3246 141
3247 166
3248 159
3249 124
3250 158
3251 128
3252 142
3253 128
3254 153
3255 139
3256 124
3257 129
3258 167
3259 133
3260 108
3261 133
3262 148
3263 131
3264 144
3265 150
3266 156
3267 130
3268 141
3269 136
3270 126
3271 147
3272 134
3273 124
3274 132
3275 147
3276 153
3277 131
3278 134
3279 144
3280 145
3281 147
3282 123
3283 151
3284 137
3285 134
3286 141
3287 131
3288 130
3289 148
3290 133
3291 155
3292 135
3293 120
3294 106
3295 142
3296 129
3297 121
3298 154
3299 138
3300 128
3301 130
3302 121
3303 139
3304 142
3305 158
3306 148
3307 109
3308 119
3309 137
3310 141
3311 142
3312 150
3313 137
3314 129
3315 126
3316 133
3317 146
3318 142
3319 133
3320 159
3321 148
3322 150
3323 163
3324 143
3325 148
3326 139
3327 144
3328 143
3329 139
3330 150
3331 123
3332 148
3333 137
3334 128
3335 151
3336 123
3337 135
3338 162
3339 145
3340 127
3341 148
3342 151
3343 151
3344 140
3345 150
3346 167
3347 149
3348 142
3349 138
3350 152
3351 151
3352 125
3353 142
3354 126
3355 146
3356 138
3357 124
3358 151
3359 133
3360 128
3361 149
3362 143
3363 130
3364 152
3365 144
3366 140
3367 135
3368 117
3369 133
3370 140
3371 134
3372 142
3373 139
3374 130
3375 141
3376 155
3377 133
3378 128
3379 128
3380 143
3381 147
3382 143
3383 133
3384 131
3385 120
3386 132
3387 141
3388 149
3389 143
3390 128
3391 135
3392 128
3393 107
3394 120
3395 151
3396 129
3397 136
3398 147
3399 133
3400 136
3401 131
3402 124
3403 135
3404 122
3405 150
3406 108
3407 160
3408 122
3409 152
3410 124
3411 142
3412 132
3413 137
3414 128
3415 122
3416 145
3417 159
3418 124
3419 136
3420 138
3421 128
3422 128
3423 124
3424 135
3425 139
3426 145
3427 139
3428 144
3429 161
3430 150
3431 116
3432 139
3433 141
3434 141
3435 151
3436 136
3437 127
3438 133
3439 146
3440 143
3441 138
3442 129
3443 132
3444 136
3445 153
3446 135
3447 132
3448 115
3449 123
3450 99
3451 151
3452 147
3453 126
3454 134
3455 135
3456 136
3457 122
3458 124
3459 142
3460 123
3461 148
3462 146
3463 128
3464 139
3465 143
3466 137
3467 137
3468 123
3469 136
3470 116
3471 154
3472 140
3473 144
3474 113
3475 130
3476 129
3477 111
3478 152
3479 127
3480 139
3481 132
3482 135
3483 147
3484 121
3485 124
3486 124
3487 125
3488 113
3489 118
3490 123
3491 145
3492 119
3493 119
3494 124
3495 120
3496 137
3497 128
3498 126
3499 127
3500 112
3501 135
3502 139
3503 124
3504 134
3505 149
3506 138
3507 120
3508 132
3509 125
3510 128
3511 134
3512 142
3513 118
3514 118
3515 140
3516 149
3517 129
3518 125
3519 163
3520 141
3521 120
3522 118
3523 145
3524 137
3525 135
3526 124
3527 146
3528 145
3529 134
3530 108
3531 120
3532 143
3533 141
3534 141
3535 113
3536 137
3537 127
3538 125
3539 131
3540 105
3541 134
3542 127
3543 156
3544 135
3545 157
3546 126
3547 125
3548 105
3549 129
3550 143
3551 118
3552 115
3553 152
3554 141
3555 129
3556 139
3557 137
3558 157
3559 128
3560 149
3561 140
3562 150
3563 150
3564 129
3565 146
3566 147
3567 135
3568 136
3569 118
3570 132
3571 117
3572 129
3573 124
3574 116
3575 129
3576 144
3577 117
3578 125
3579 158
3580 136
3581 130
3582 130
3583 138
3584 123
3585 143
3586 121
3587 119
3588 131
3589 150
3590 106
3591 124
3592 133
3593 125
3594 129
3595 128
3596 150
3597 141
3598 141
3599 113
3600 131
3601 135
3602 125
3603 128
3604 148
3605 121
3606 101
3607 132
3608 137
3609 131
3610 127
3611 148
3612 141
3613 119
3614 143
3615 120
3616 126
3617 129
3618 114
3619 137
3620 128
3621 134
3622 128
3623 124
3624 124
3625 133
3626 139
3627 146
3628 123
3629 134
3630 145
3631 121
3632 141
3633 110
3634 115
3635 136
3636 122
3637 114
3638 127
3639 125
3640 125
3641 121
3642 124
3643 132
3644 132
3645 103
3646 134
3647 128
3648 102
3649 150
3650 113
3651 144
3652 126
3653 108
3654 123
3655 109
3656 129
3657 105
3658 119
3659 125
3660 118
3661 123
3662 134
3663 120
3664 130
3665 114
3666 122
3667 129
3668 112
3669 135
3670 120
3671 104
3672 116
3673 125
3674 112
3675 120
3676 110
3677 115
3678 119
3679 120
3680 129
3681 116
3682 119
3683 125
3684 116
3685 110
3686 141
3687 123
3688 112
3689 143
3690 119
3691 133
3692 105
3693 100
3694 128
3695 128
3696 115
3697 112
3698 113
3699 133
3700 121
3701 117
3702 119
3703 130
3704 125
3705 114
3706 134
3707 108
3708 120
3709 120
3710 112
3711 126
3712 131
3713 124
3714 150
3715 122
3716 124
3717 122
3718 102
3719 129
3720 107
3721 128
3722 128
3723 120
3724 145
3725 137
3726 125
3727 128
3728 115
3729 123
3730 124
3731 132
3732 113
3733 117
3734 143
3735 151
3736 112
3737 145
3738 117
3739 115
3740 117
3741 117
3742 121
3743 107
3744 123
3745 129
3746 102
3747 109
3748 137
3749 130
3750 117
3751 131
3752 106
3753 127
3754 137
3755 123
3756 107
3757 130
3758 116
3759 109
3760 124
3761 120
3762 119
3763 127
3764 105
3765 124
3766 111
3767 129
3768 125
3769 130
3770 136
3771 118
3772 121
3773 108
3774 129
3775 122
3776 117
3777 125
3778 129
3779 112
3780 114
3781 121
3782 138
3783 119
3784 111
3785 143
3786 113
3787 126
3788 119
3789 114
3790 142
3791 110
3792 116
3793 114
3794 120
3795 131
3796 106
3797 110
3798 142
3799 122
3800 135
3801 135
3802 122
3803 122
3804 125
3805 126
3806 154
3807 124
3808 128
3809 142
3810 143
3811 122
3812 121
3813 131
3814 119
3815 132
3816 129
3817 135
3818 119
3819 124
3820 111
3821 146
3822 133
3823 138
3824 133
3825 162
3826 101
3827 126
3828 132
3829 139
3830 109
3831 124
3832 126
3833 136
3834 101
3835 151
3836 139
3837 112
3838 148
3839 128
3840 154
3841 135
3842 117
3843 126
3844 133
3845 120
3846 135
3847 116
3848 133
3849 108
3850 141
3851 127
3852 128
3853 125
3854 126
3855 121
3856 110
3857 117
3858 118
3859 142
3860 121
3861 120
3862 116
3863 133
3864 134
3865 121
3866 133
3867 134
3868 146
3869 117
3870 145
3871 129
3872 111
3873 126
3874 124
3875 140
3876 102
3877 124
3878 134
3879 107
3880 155
3881 126
3882 137
3883 127
3884 142
3885 108
3886 120
3887 120
3888 141
3889 139
3890 126
3891 123
3892 125
3893 118
3894 112
3895 135
3896 129
3897 108
3898 118
3899 136
3900 129
3901 115
3902 119
3903 121
3904 123
3905 135
3906 155
3907 128
3908 125
3909 136
3910 144
3911 139
3912 129
3913 131
3914 126
3915 132
3916 116
3917 114
3918 131
3919 132
3920 126
3921 120
3922 132
3923 130
3924 125
3925 137
3926 134
3927 117
3928 113
3929 115
3930 130
3931 123
3932 138
3933 117
3934 140
3935 130
3936 134
3937 122
3938 112
3939 143
3940 128
3941 121
3942 130
3943 137
3944 109
3945 129
3946 124
3947 131
3948 154
3949 120
3950 116
3951 129
3952 139
3953 139
3954 132
3955 107
3956 125
3957 126
3958 109
3959 120
3960 125
3961 149
3962 142
3963 108
3964 139
3965 143
3966 137
3967 124
3968 121
3969 130
3970 123
3971 134
3972 153
3973 128
3974 128
3975 119
3976 144
3977 122
3978 130
3979 120
3980 141
3981 133
3982 115
3983 152
3984 118
3985 143
3986 129
3987 142
3988 115
3989 144
3990 130
3991 125
3992 125
3993 128
3994 125
3995 142
3996 138
3997 140
3998 143
3999 141
4000 143
4001 128
4002 134
4003 165
4004 137
4005 138
4006 122
4007 145
4008 146
4009 133
4010 129
4011 134
4012 143
4013 146
4014 145
4015 146
4016 121
4017 148
4018 163
4019 138
4020 138
4021 138
4022 138
4023 127
4024 137
4025 127
4026 132
4027 123
4028 117
4029 174
4030 119
4031 132
4032 130
4033 121
4034 122
4035 143
4036 157
4037 121
4038 126
4039 143
4040 134
4041 127
4042 131
4043 105
4044 136
4045 119
4046 126
4047 135
4048 135
4049 133
4050 130
4051 145
4052 142
4053 134
4054 158
4055 138
4056 136
4057 114
4058 149
4059 126
4060 132
4061 129
4062 126
4063 114
4064 130
4065 138
4066 128
4067 104
4068 143
4069 117
4070 121
4071 142
4072 136
4073 150
4074 138
4075 117
4076 135
4077 135
4078 125
4079 123
4080 140
4081 122
4082 130
4083 140
4084 125
4085 124
4086 149
4087 137
4088 122
4089 143
4090 138
4091 138
4092 141
4093 141
4094 145
4095 117
4096 124
4097 134
4098 131
4099 145
4100 128
4101 141
4102 158
4103 143
4104 129
4105 117
4106 149
4107 144
4108 116
4109 127
4110 127
4111 123
4112 136
4113 137
4114 132
4115 150
4116 121
4117 134
4118 131
4119 130
4120 128
4121 129
4122 128
4123 153
4124 155
4125 150
4126 143
4127 132
4128 129
4129 139
4130 139
4131 132
4132 138
4133 131
4134 132
4135 128
4136 115
4137 137
4138 108
4139 165
4140 117
4141 129
4142 116
4143 129
4144 131
4145 138
4146 142
4147 137
4148 136
4149 138
4150 138
4151 130
4152 131
4153 122
4154 125
4155 135
4156 132
4157 146
4158 141
4159 149
4160 134
4161 135
4162 133
4163 131
4164 128
4165 123
4166 139
4167 149
4168 165
4169 143
4170 119
4171 133
4172 144
4173 142
4174 142
4175 132
4176 115
4177 102
4178 141
4179 154
4180 131
4181 159
4182 129
4183 138
4184 124
4185 133
4186 134
4187 135
4188 118
4189 145
4190 150
4191 144
4192 133
4193 121
4194 147
4195 136
4196 128
4197 161
4198 129
4199 136
4200 146
4201 146
4202 135
4203 149
4204 130
4205 126
4206 136
4207 133
4208 143
4209 127
4210 142
4211 158
4212 134
4213 143
4214 153
4215 143
4216 141
4217 159
4218 139
4219 139
4220 136
4221 152
4222 138
4223 155
4224 143
4225 141
4226 149
4227 147
4228 136
4229 152
4230 140
4231 159
4232 163
4233 137
4234 166
4235 129
4236 142
4237 134
4238 147
4239 150
4240 158
4241 136
4242 152
4243 114
4244 150
4245 135
4246 125
4247 148
4248 151
4249 126
4250 144
4251 156
4252 166
4253 152
4254 146
4255 168
4256 169
4257 150
4258 130
4259 175
4260 164
4261 155
4262 155
4263 150
4264 149
4265 132
4266 167
4267 130
4268 142
4269 153
4270 151
4271 133
4272 147
4273 171
4274 129
4275 145
4276 142
4277 142
4278 169
4279 150
4280 139
4281 124
4282 168
4283 154
4284 145
4285 145
4286 164
4287 152
4288 151
4289 157
4290 149
4291 148
4292 128
4293 162
4294 161
4295 174
4296 169
4297 158
4298 137
4299 154
4300 149
4301 138
4302 144
4303 143
4304 162
4305 140
4306 159
4307 154
4308 154
4309 157
4310 179
4311 158
4312 153
4313 172
4314 143
4315 165
4316 142
4317 163
4318 131
4319 145
4320 153
4321 138
4322 135
4323 163
4324 177
4325 140
4326 168
4327 151
4328 137
4329 166
4330 153
4331 161
4332 140
4333 148
4334 163
4335 148
4336 148
4337 138
4338 166
4339 165
4340 157
4341 172
4342 137
4343 176
4344 150
4345 149
4346 157
4347 137
4348 151
4349 156
4350 153
4351 176
4352 161
4353 147
4354 151
4355 149
4356 174
4357 168
4358 156
4359 151
4360 145
4361 165
4362 153
4363 168
4364 165
4365 147
4366 163
4367 136
4368 159
4369 162
4370 160
4371 149
4372 157
4373 160
4374 160
4375 165
4376 158
4377 160
4378 164
4379 168
4380 163
4381 158
4382 127
4383 166
4384 161
4385 167
4386 144
4387 153
4388 157
4389 137
4390 142
4391 158
4392 145
4393 157
4394 162
4395 161
4396 148
4397 163
4398 154
4399 168
4400 155
4401 159
4402 166
4403 159
4404 138
4405 173
4406 160
4407 166
4408 142
4409 151
4410 166
4411 183
4412 149
4413 164
4414 162
4415 168
4416 182
4417 164
4418 158
4419 157
4420 160
4421 170
4422 142
4423 161
4424 194
4425 176
4426 155
4427 178
4428 177
4429 177
4430 141
4431 156
4432 183
4433 170
4434 170
4435 167
4436 144
4437 141
4438 152
4439 141
4440 140
4441 165
4442 175
4443 156
4444 192
4445 172
4446 166
4447 140
4448 169
4449 157
4450 167
4451 161
4452 149
4453 163
4454 167
4455 164
4456 144
4457 160
4458 170
4459 156
4460 152
4461 137
4462 125
4463 146
4464 166
4465 150
4466 171
4467 177
4468 143
4469 172
4470 158
4471 167
4472 154
4473 167
4474 192
4475 180
4476 169
4477 162
4478 202
4479 161
4480 153
4481 133
4482 171
4483 185
4484 144
4485 178
4486 180
4487 153
4488 177
4489 162
4490 168
4491 161
4492 165
4493 172
4494 155
4495 141
4496 160
4497 150
4498 143
4499 162
4500 171
4501 171
4502 144
4503 180
4504 152
4505 182
4506 171
4507 167
4508 156
4509 180
4510 165
4511 182
4512 172
4513 155
4514 155
4515 181
4516 182
4517 180
4518 185
4519 181
4520 158
4521 183
4522 139
4523 185
4524 172
4525 145
4526 193
4527 186
4528 157
4529 156
4530 179
4531 173
4532 146
4533 167
4534 160
4535 180
4536 182
4537 164
4538 163
4539 168
4540 200
4541 169
4542 178
4543 149
4544 172
4545 180
4546 164
4547 168
4548 163
4549 167
4550 154
4551 167
4552 186
4553 190
4554 156
4555 173
4556 173
4557 181
4558 172
4559 169
4560 184
4561 163
4562 185
4563 150
4564 165
4565 165
4566 163
4567 157
4568 166
4569 172
4570 158
4571 158
4572 152
4573 138
4574 160
4575 183
4576 168
4577 158
4578 175
4579 170
4580 149
4581 156
4582 165
4583 180
4584 177
4585 152
4586 178
4587 163
4588 178
4589 146
4590 161
4591 165
4592 153
4593 150
4594 167
4595 159
4596 196
4597 186
4598 163
4599 152
4600 199
4601 147
4602 175
4603 188
4604 170
4605 177
4606 185
4607 165
4608 190
4609 170
4610 178
4611 169
4612 163
4613 181
4614 172
4615 190
4616 174
4617 193
4618 160
4619 184
4620 187
4621 182
4622 187
4623 190
4624 173
4625 200
4626 189
4627 168
4628 183
4629 191
4630 185
4631 171
4632 159
4633 180
4634 176
4635 191
4636 199
4637 174
4638 166
4639 171
4640 181
4641 172
4642 173
4643 156
4644 202
4645 183
4646 160
4647 158
4648 172
4649 195
4650 178
4651 183
4652 161
4653 184
4654 186
4655 180
4656 179
4657 164
4658 201
4659 181
4660 178
4661 172
4662 184
4663 190
4664 159
4665 196
4666 214
4667 172
4668 175
4669 187
4670 178
4671 188
4672 175
4673 166
4674 170
4675 176
4676 200
4677 171
4678 198
4679 177
4680 195
4681 174
4682 178
4683 205
4684 200
4685 164
4686 170
4687 185
4688 198
4689 199
4690 204
4691 199
4692 204
4693 177
4694 214
4695 191
4696 176
4697 191
4698 181
4699 189
4700 179
4701 160
4702 185
4703 174
4704 159
4705 187
4706 176
4707 188
4708 174
4709 172
4710 181
4711 184
4712 175
4713 167
4714 164
4715 192
4716 193
4717 172
4718 185
4719 164
4720 158
4721 167
4722 186
4723 194
4724 191
4725 175
4726 187
4727 197
4728 179
4729 199
4730 168
4731 159
4732 199
4733 155
4734 179
4735 165
4736 162
4737 187
4738 196
4739 186
4740 163
4741 208
4742 175
4743 187
4744 178
4745 182
4746 202
4747 193
4748 183
4749 185
4750 184
4751 188
4752 199
4753 179
4754 168
4755 180
4756 198
4757 172
4758 170
4759 192
4760 201
4761 166
4762 182
4763 171
4764 197
4765 201
4766 179
4767 187
4768 174
4769 191
4770 167
4771 197
4772 207
4773 176
4774 184
4775 194
4776 194
4777 182
4778 166
4779 213
4780 156
4781 199
4782 178
4783 193
4784 186
4785 171
4786 187
4787 170
4788 172
4789 190
4790 185
4791 199
4792 174
4793 154
4794 181
4795 173
4796 196
4797 193
4798 172
4799 195
4800 184
4801 204
4802 193
4803 202
4804 188
4805 196
4806 219
4807 172
4808 170
4809 186
4810 170
4811 174
4812 200
4813 176
4814 180
4815 190
4816 189
4817 179
4818 180
4819 197
4820 215
4821 184
4822 191
4823 171
4824 177
4825 192
4826 180
4827 189
4828 191
4829 155
4830 178
4831 203
4832 175
4833 150
4834 178
4835 197
4836 191
4837 170
4838 177
4839 187
4840 220
4841 216
4842 192
4843 198
4844 175
4845 186
4846 170
4847 171
4848 177
4849 160
4850 172
4851 174
4852 176
4853 177
4854 204
4855 166
4856 190
4857 183
4858 181
4859 194
4860 159
4861 170
4862 178
4863 191
4864 174
4865 205
4866 175
4867 179
4868 178
4869 192
4870 194
4871 190
4872 176
4873 179
4874 188
4875 173
4876 182
4877 194
4878 168
4879 185
4880 192
4881 168
4882 181
4883 171
4884 166
4885 178
4886 165
4887 178
4888 178
4889 180
4890 166
4891 178
4892 169
4893 177
4894 176
4895 179
4896 157
4897 187
4898 171
4899 183
4900 172
4901 198
4902 186
4903 170
4904 153
4905 160
4906 186
4907 169
4908 204
4909 178
4910 185
4911 191
4912 183
4913 183
4914 172
4915 177
4916 167
4917 181
4918 176
4919 171
4920 174
4921 185
4922 162
4923 157
4924 177
4925 201
4926 177
4927 156
4928 169
4929 174
4930 165
4931 178
4932 169
4933 197
4934 166
4935 192
4936 154
4937 188
4938 167
4939 162
4940 170
4941 180
4942 158
4943 196
4944 167
4945 178
4946 176
4947 200
4948 158
4949 181
4950 175
4951 180
4952 169
4953 176
4954 155
4955 170
4956 185
4957 175
4958 194
4959 182
4960 164
4961 177
4962 166
4963 191
4964 179
4965 160
4966 177
4967 142
4968 170
4969 190
4970 173
4971 176
4972 182
4973 186
4974 164
4975 168
4976 171
4977 161
4978 185
4979 166
4980 164
4981 162
4982 164
4983 141
4984 176
4985 170
4986 155
4987 165
4988 159
4989 173
4990 167
4991 161
4992 164
4993 169
4994 157
4995 151
4996 191
4997 187
4998 173
4999 154
5000 173
5001 159
5002 162
5003 175
5004 175
5005 162
5006 185
5007 146
5008 179
5009 162
5010 159
5011 166
5012 171
5013 178
5014 201
5015 188
5016 160
5017 181
5018 189
5019 161
5020 165
5021 178
5022 156
5023 169
5024 159
5025 156
5026 165
5027 178
5028 163
5029 150
5030 187
5031 180
5032 170
5033 161
5034 168
5035 165
5036 163
5037 172
5038 167
5039 170
5040 195
5041 154
5042 192
5043 157
5044 188
5045 181
5046 174
5047 177
5048 152
5049 179
5050 167
5051 163
5052 188
5053 162
5054 170
5055 183
5056 153
5057 182
5058 179
5059 175
5060 204
5061 174
5062 180
5063 171
5064 188
5065 159
5066 176
5067 147
5068 148
5069 171
5070 153
5071 166
5072 166
5073 155
5074 178
5075 170
5076 180
5077 158
5078 156
5079 170
5080 178
5081 148
5082 180
5083 162
5084 186
5085 178
5086 179
5087 167
5088 153
5089 185
5090 164
5091 180
5092 173
5093 163
5094 183
5095 144
5096 203
5097 154
5098 153
5099 156
5100 160
5101 171
5102 155
5103 171
5104 151
5105 186
5106 139
5107 167
5108 158
5109 169
5110 148
5111 182
5112 181
5113 181
5114 155
5115 152
5116 160
5117 145
5118 154
5119 181
5120 160
5121 145
5122 167
5123 143
5124 169
5125 171
5126 153
5127 159
5128 156
5129 135
5130 163
5131 144
5132 173
5133 149
5134 159
5135 178
5136 154
5137 182
5138 153
5139 154
5140 164
5141 188
5142 168
5143 154
5144 160
5145 165
5146 162
5147 177
5148 177
5149 182
5150 189
5151 160
5152 152
5153 154
5154 155
5155 161
5156 155
5157 167
5158 167
5159 152
5160 142
5161 166
5162 152
5163 176
5164 158
5165 137
5166 154
5167 162
5168 124
5169 155
5170 169
5171 150
5172 148
5173 189
5174 149
5175 158
5176 158
5177 145
5178 145
5179 159
5180 154
5181 148
5182 165
5183 151
5184 154
5185 159
5186 164
5187 162
5188 147
5189 146
5190 169
5191 146
5192 136
5193 142
5194 156
5195 160
5196 157
5197 158
5198 158
5199 142
5200 161
5201 159
5202 161
5203 137
5204 150
5205 153
5206 147
5207 146
5208 167
5209 149
5210 131
5211 141
5212 133
5213 183
5214 165
5215 154
5216 141
5217 151
5218 160
5219 153
5220 151
5221 171
5222 149
5223 143
5224 138
5225 160
5226 150
5227 141
5228 131
5229 161
5230 141
5231 165
5232 132
5233 148
5234 157
5235 165
5236 147
5237 133
5238 164
5239 130
5240 126
5241 149
5242 148
5243 142
5244 146
5245 143
5246 143
5247 160
5248 152
5249 145
5250 139
5251 139
5252 128
5253 162
5254 178
5255 135
5256 127
5257 139
5258 143
5259 147
5260 149
5261 149
5262 155
5263 142
5264 110
5265 144
5266 137
5267 149
5268 141
5269 112
5270 140
5271 125
5272 142
5273 156
5274 138
5275 129
5276 113
5277 128
5278 124
5279 112
5280 123
5281 129
5282 145
5283 137
5284 156
5285 138
5286 133
5287 128
5288 132
5289 134
5290 109
5291 161
5292 136
5293 137
5294 132
5295 107
5296 140
5297 139
5298 129
5299 119
5300 125
5301 132
5302 126
5303 132
5304 113
5305 134
5306 115
5307 133
5308 153
5309 137
5310 121
5311 156
5312 136
5313 120
5314 128
5315 156
5316 149
5317 146
5318 134
5319 122
5320 125
5321 133
5322 154
5323 132
5324 127
5325 129
5326 123
5327 129
5328 115
5329 109
5330 127
5331 132
5332 140
5333 127
5334 129
5335 152
5336 132
5337 142
5338 123
5339 125
5340 148
5341 156
5342 127
5343 136
5344 141
5345 133
5346 150
5347 133
5348 150
5349 144
5350 128
5351 138
5352 138
5353 138
5354 130
5355 136
5356 123
5357 107
5358 122
5359 128
5360 125
5361 136
5362 133
5363 122
5364 132
5365 121
5366 130
5367 109
5368 131
5369 129
5370 118
5371 128
5372 119
5373 116
5374 114
5375 130
5376 115
5377 119
5378 127
5379 127
5380 115
5381 150
5382 102
5383 112
5384 126
5385 145
5386 121
5387 127
5388 112
5389 129
5390 113
5391 147
5392 109
5393 117
5394 118
5395 128
5396 106
5397 136
5398 126
5399 131
5400 115
5401 116
5402 119
5403 127
5404 121
5405 118
5406 124
5407 124
5408 120
5409 102
5410 132
5411 126
5412 124
5413 126
5414 115
5415 117
5416 106
5417 103
5418 121
5419 109
5420 114
5421 101
5422 108
5423 115
5424 120
5425 106
5426 115
5427 131
5428 107
5429 110
5430 131
5431 108
5432 131
5433 108
5434 107
5435 92
5436 135
5437 131
5438 105
5439 95
5440 100
5441 122
5442 113
5443 126
5444 104
5445 116
5446 110
5447 119
5448 98
5449 110
5450 98
5451 91
5452 102
5453 123
5454 107
5455 113
5456 100
5457 113
5458 124
5459 126
5460 103
5461 95
5462 101
5463 117
5464 103
5465 119
5466 102
5467 109
5468 108
5469 111
5470 98
5471 101
5472 99
5473 115
5474 119
5475 119
5476 103
5477 92
5478 97
5479 105
5480 103
5481 112
5482 113
5483 100
5484 106
5485 96
5486 98
5487 126
5488 118
5489 118
5490 101
5491 100
5492 113
5493 96
5494 122
5495 121
5496 132
5497 115
5498 125
5499 101
5500 97
5501 100
5502 115
5503 109
5504 99
5505 95
5506 97
5507 109
5508 85
5509 124
5510 111
5511 93
5512 89
5513 96
5514 118
5515 107
5516 96
5517 117
5518 113
5519 100
5520 114
5521 103
5522 110
5523 96
5524 102
5525 117
5526 105
5527 92
5528 91
5529 98
5530 96
5531 117
5532 115
5533 81
5534 108
5535 96
5536 106
5537 106
5538 102
5539 113
5540 101
5541 111
5542 90
5543 86
5544 79
5545 96
5546 95
5547 108
5548 113
5549 87
5550 99
5551 85
5552 107
5553 86
5554 88
5555 124
5556 99
5557 94
5558 80
5559 88
5560 99
5561 91
5562 88
5563 97
5564 97
5565 93
5566 89
5567 97
5568 103
5569 87
5570 92
5571 96
5572 80
5573 96
5574 91
5575 86
5576 102
5577 98
5578 103
5579 106
5580 94
5581 96
5582 98
5583 99
5584 87
5585 107
5586 104
5587 84
5588 87
5589 86
5590 85
5591 86
5592 85
5593 91
5594 83
5595 104
5596 84
5597 100
5598 89
5599 106
5600 86
5601 70
5602 93
5603 82
5604 87
5605 70
5606 87
5607 103
5608 87
5609 89
5610 92
5611 88
5612 78
5613 85
5614 88
5615 85
5616 83
5617 83
5618 72
5619 88
5620 94
5621 88
5622 97
5623 85
5624 75
5625 75
5626 97
5627 89
5628 98
5629 91
5630 90
5631 80
5632 84
5633 73
5634 82
5635 100
5636 95
5637 80
5638 87
5639 92
5640 77
5641 88
5642 60
5643 67
5644 79
5645 102
5646 85
5647 72
5648 72
5649 93
5650 88
5651 83
5652 85
5653 93
5654 77
5655 93
5656 74
5657 79
5658 87
5659 88
5660 86
5661 85
5662 85
5663 87
5664 72
5665 91
5666 77
5667 86
5668 74
5669 84
5670 72
5671 91
5672 72
5673 82
5674 92
5675 84
5676 71
5677 84
5678 84
5679 76
5680 78
5681 71
5682 90
5683 82
5684 76
5685 81
5686 80
5687 83
5688 88
5689 85
5690 73
5691 67
5692 72
5693 84
5694 110
5695 77
5696 83
5697 71
5698 79
5699 64
5700 74
5701 86
5702 77
5703 67
5704 71
5705 70
5706 70
5707 63
5708 69
5709 74
5710 87
5711 72
5712 88
5713 90
5714 79
5715 62
5716 76
5717 87
5718 63
5719 73
5720 66
5721 78
5722 72
5723 53
5724 69
5725 63
5726 85
5727 54
5728 70
5729 77
5730 78
5731 79
5732 97
5733 87
5734 73
5735 76
5736 75
5737 59
5738 70
5739 66
5740 60
5741 71
5742 80
5743 74
5744 60
5745 75
5746 72
5747 65
5748 58
5749 71
5750 74
5751 76
5752 65
5753 63
5754 66
5755 59
5756 59
5757 77
5758 70
5759 67
5760 67
5761 63
5762 71
5763 78
5764 65
5765 74
5766 83
5767 73
5768 80
5769 62
5770 53
5771 74
5772 58
5773 74
5774 65
5775 60
5776 49
5777 67
5778 64
5779 79
5780 63
5781 68
5782 88
5783 77
5784 55
5785 71
5786 70
5787 74
5788 74
5789 47
5790 69
5791 75
5792 67
5793 70
5794 77
5795 50
5796 64
5797 69
5798 72
5799 51
5800 54
5801 70
5802 52
5803 73
5804 58
5805 64
5806 66
5807 54
5808 62
5809 77
5810 55
5811 52
5812 65
5813 63
5814 54
5815 53
5816 70
5817 71
5818 48
5819 59
5820 55
5821 62
5822 68
5823 66
5824 65
5825 57
5826 56
5827 63
5828 69
5829 70
5830 54
5831 60
5832 60
5833 68
5834 43
5835 57
5836 61
5837 56
5838 79
5839 51
5840 64
5841 97
5842 70
5843 62
5844 52
5845 64
5846 59
5847 46
5848 49
5849 49
5850 61
5851 57
5852 69
5853 42
5854 66
5855 68
5856 56
5857 50
5858 61
5859 60
5860 54
5861 66
5862 61
5863 61
5864 61
5865 61
5866 71
5867 61
5868 48
5869 64
5870 59
5871 55
5872 51
5873 58
5874 43
5875 40
5876 65
5877 62
5878 53
5879 75
5880 72
5881 50
5882 62
5883 57
5884 55
5885 45
5886 74
5887 60
5888 64
5889 57
5890 56
5891 57
5892 59
5893 53
5894 61
5895 69
5896 53
5897 49
5898 72
5899 63
5900 47
5901 54
5902 48
5903 45
5904 50
5905 47
5906 63
5907 56
5908 52
5909 51
5910 63
5911 38
5912 68
5913 60
5914 57
5915 53
5916 64
5917 57
5918 69
5919 55
5920 48
5921 50
5922 44
5923 49
5924 59
5925 62
5926 48
5927 62
5928 52
5929 53
5930 49
5931 62
5932 41
5933 62
5934 44
5935 59
5936 55
5937 47
5938 58
5939 52
5940 53
5941 48
5942 48
5943 53
5944 52
5945 62
5946 54
5947 55
5948 60
5949 41
5950 54
5951 44
5952 42
5953 45
5954 40
5955 53
5956 45
5957 50
5958 40
5959 53
5960 45
5961 48
5962 49
5963 61
5964 48
5965 58
5966 59
5967 49
5968 56
5969 49
5970 51
5971 45
5972 38
5973 44
5974 49
5975 43
5976 42
5977 62
5978 51
5979 39
5980 39
5981 50
5982 56
5983 45
5984 43
5985 53
5986 38
5987 45
5988 46
5989 51
5990 48
5991 48
5992 44
5993 42
5994 54
5995 48
5996 39
5997 44
5998 51
5999 48
6000 49
6001 41
6002 59
6003 50
6004 34
6005 52
6006 35
6007 44
6008 46
6009 47
6010 45
6011 50
6012 51
6013 43
6014 37
6015 30
6016 44
6017 40
6018 43
6019 29
6020 51
6021 43
6022 51
6023 44
6024 37
6025 42
6026 53
6027 64
6028 38
6029 45
6030 58
6031 37
6032 38
6033 42
6034 38
6035 50
6036 44
6037 37
6038 49
6039 37
6040 39
6041 45
6042 55
6043 37
6044 35
6045 47
6046 42
6047 37
6048 48
6049 38
6050 30
6051 38
6052 40
6053 49
6054 44
6055 40
6056 48
6057 47
6058 55
6059 32
6060 49
6061 44
6062 51
6063 40
6064 46
6065 38
6066 48
6067 39
6068 45
6069 30
6070 40
6071 44
6072 45
6073 37
6074 30
6075 41
6076 38
6077 46
6078 43
6079 49
6080 54
6081 38
6082 33
6083 40
6084 43
6085 41
6086 36
6087 30
6088 46
6089 39
6090 39
6091 37
6092 38
6093 44
6094 30
6095 37
6096 36
6097 36
6098 44
6099 40
6100 40
6101 35
6102 43
6103 43
6104 36
6105 47
6106 41
6107 36
6108 38
6109 36
6110 42
6111 36
6112 47
6113 35
6114 41
6115 47
6116 31
6117 31
6118 34
6119 49
6120 44
6121 39
6122 36
6123 41
6124 43
6125 47
6126 38
6127 37
6128 37
6129 34
6130 39
6131 55
6132 36
6133 39
6134 34
6135 33
6136 46
6137 26
6138 41
6139 33
6140 41
6141 33
6142 37
6143 38
6144 32
6145 40
6146 28
6147 44
6148 44
6149 34
6150 33
6151 37
6152 35
6153 38
6154 35
6155 44
6156 50
6157 28
6158 34
6159 43
6160 32
6161 40
6162 33
6163 50
6164 36
6165 45
6166 51
6167 40
6168 32
6169 42
6170 36
6171 39
6172 27
6173 33
6174 29
6175 29
6176 33
6177 43
6178 42
6179 34
6180 33
6181 35
6182 30
6183 36
6184 42
6185 41
6186 35
6187 38
6188 39
6189 38
6190 27
6191 32
6192 37
6193 40
6194 25
6195 36
6196 34
6197 32
6198 26
6199 31
6200 38
6201 36
6202 43
6203 40
6204 34
6205 37
6206 47
6207 37
6208 36
6209 31
6210 35
6211 29
6212 43
6213 25
6214 31
6215 41
6216 33
6217 37
6218 32
6219 35
6220 27
6221 37
6222 30
6223 35
6224 38
6225 40
6226 27
6227 30
6228 39
6229 34
6230 33
6231 27
6232 38
6233 22
6234 38
6235 26
6236 28
6237 45
6238 29
6239 32
6240 31
6241 47
6242 27
6243 27
6244 38
6245 18
6246 47
6247 23
6248 36
6249 49
6250 29
6251 32
6252 28
6253 29
6254 33
6255 37
6256 29
6257 24
6258 34
6259 34
6260 31
6261 36
6262 23
6263 33
6264 34
6265 29
6266 25
6267 29
6268 26
6269 33
6270 37
6271 31
6272 35
6273 40
6274 44
6275 29
6276 34
6277 24
6278 29
6279 44
6280 38
6281 36
6282 39
6283 22
6284 34
6285 33
6286 34
6287 34
6288 26
6289 37
6290 30
6291 29
6292 37
6293 26
6294 41
6295 32
6296 31
6297 34
6298 32
6299 34
6300 34
6301 31
6302 28
6303 41
6304 31
6305 29
6306 34
6307 36
6308 34
6309 39
6310 37
6311 26
6312 36
6313 35
6314 32
6315 38
6316 28
6317 39
6318 45
6319 35
6320 31
6321 32
6322 36
6323 43
6324 34
6325 40
6326 32
6327 34
6328 33
6329 38
6330 40
6331 37
6332 35
6333 33
6334 33
6335 39
6336 25
6337 25
6338 30
6339 27
6340 30
6341 32
6342 34
6343 46
6344 40
6345 43
6346 26
6347 26
6348 30
6349 35
6350 35
6351 34
6352 40
6353 25
6354 33
6355 33
6356 37
6357 35
6358 31
6359 40
6360 36
6361 30
6362 38
6363 31
6364 50
6365 39
6366 39
6367 43
6368 32
6369 37
6370 42
6371 30
6372 32
6373 41
6374 33
6375 26
6376 37
6377 27
6378 25
6379 33
6380 32
6381 34
6382 28
6383 24
6384 22
6385 32
6386 35
6387 34
6388 20
6389 28
6390 27
6391 26
6392 24
6393 32
6394 26
6395 33
6396 27
6397 30
6398 27
6399 38
6400 23
6401 31
6402 30
6403 32
6404 40
6405 29
6406 28
6407 27
6408 28
6409 33
6410 32
6411 30
6412 32
6413 33
6414 26
6415 36
6416 31
6417 35
6418 28
6419 27
6420 32
6421 44
6422 24
6423 33
6424 33
6425 23
6426 34
6427 31
6428 28
6429 30
6430 25
6431 33
6432 29
6433 26
6434 36
6435 25
6436 16
6437 20
6438 33
6439 22
6440 30
6441 31
6442 34
6443 28
6444 27
6445 21
6446 32
6447 29
6448 29
6449 28
6450 22
6451 22
6452 24
6453 30
6454 28
6455 37
6456 26
6457 25
6458 29
6459 25
6460 36
6461 40
6462 35
6463 33
6464 28
6465 28
6466 33
6467 22
6468 27
6469 29
6470 35
6471 32
6472 25
6473 39
6474 27
6475 20
6476 30
6477 27
6478 26
6479 26
6480 30
6481 36
6482 37
6483 37
6484 20
6485 35
6486 23
6487 26
6488 33
6489 24
6490 30
6491 34
6492 29
6493 27
6494 23
6495 20
6496 19
6497 36
6498 40
6499 31
6500 28
6501 18
6502 21
6503 37
6504 23
6505 30
6506 32
6507 28
6508 35
6509 28
6510 22
6511 20
6512 29
6513 30
6514 37
6515 34
6516 29
6517 30
6518 23
6519 19
6520 35
6521 25
6522 26
6523 36
6524 25
6525 30
6526 19
6527 23
6528 29
6529 21
6530 24
6531 35
6532 29
6533 30
6534 26
6535 26
6536 36
6537 28
6538 26
6539 24
6540 22
6541 21
6542 30
6543 30
6544 29
6545 33
6546 18
6547 38
6548 31
6549 28
6550 26
6551 18
6552 17
6553 25
6554 30
6555 20
6556 22
6557 24
6558 30
6559 23
6560 24
6561 34
6562 29
6563 29
6564 30
6565 23
6566 27
6567 25
6568 30
6569 15
6570 19
6571 22
6572 35
6573 14
6574 27
6575 31
6576 38
6577 33
6578 34
6579 26
6580 26
6581 24
6582 24
6583 27
6584 32
6585 27
6586 37
6587 21
6588 20
6589 18
6590 22
6591 18
6592 30
6593 28
6594 33
6595 31
6596 21
6597 17
6598 31
6599 24
6600 32
6601 28
6602 22
6603 25
6604 24
6605 27
6606 19
6607 29
6608 14
6609 21
6610 21
6611 22
6612 23
6613 24
6614 21
6615 33
6616 27
6617 31
6618 24
6619 24
6620 21
6621 29
6622 31
6623 27
6624 25
6625 31
6626 18
6627 25
6628 16
6629 33
6630 25
6631 31
6632 22
6633 32
6634 18
6635 28
6636 38
6637 21
6638 24
6639 25
6640 20
6641 21
6642 33
6643 19
6644 16
6645 20
6646 27
6647 26
6648 25
6649 29
6650 23
6651 31
6652 28
6653 22
6654 24
6655 31
6656 22
6657 29
6658 20
6659 25
6660 21
6661 32
6662 26
6663 29
6664 22
6665 26
6666 16
6667 27
6668 30
6669 34
6670 28
6671 24
6672 14
6673 23
6674 25
6675 31
6676 25
6677 22
6678 21
6679 28
6680 38
6681 24
6682 29
6683 16
6684 29
6685 21
6686 14
6687 24
6688 25
6689 27
6690 30
6691 30
6692 18
6693 23
6694 32
6695 23
6696 23
6697 26
6698 26
6699 22
6700 27
6701 21
6702 31
6703 32
6704 26
6705 20
6706 31
6707 30
6708 17
6709 27
6710 23
6711 26
6712 26
6713 19
6714 37
6715 29
6716 23
6717 29
6718 17
6719 30
6720 16
6721 26
6722 22
6723 20
6724 26
6725 21
6726 28
6727 16
6728 28
6729 27
6730 21
6731 36
6732 26
6733 23
6734 31
6735 33
6736 19
6737 20
6738 20
6739 22
6740 34
6741 19
6742 30
6743 23
6744 26
6745 25
6746 26
6747 21
6748 21
6749 25
6750 24
6751 29
6752 36
6753 24
6754 22
6755 29
6756 26
6757 26
6758 23
6759 26
6760 30
6761 24
6762 19
6763 30
6764 18
6765 23
6766 30
6767 24
6768 26
6769 18
6770 21
6771 24
6772 18
6773 30
6774 20
6775 20
6776 30
6777 28
6778 19
6779 33
6780 27
6781 23
6782 20
6783 26
6784 20
6785 29
6786 34
6787 23
6788 20
6789 33
6790 19
6791 21
6792 29
6793 21
6794 20
6795 14
6796 26
6797 31
6798 26
6799 26
6800 19
6801 25
6802 29
6803 27
6804 19
6805 23
6806 24
6807 20
6808 16
6809 28
6810 26
6811 26
6812 30
6813 20
6814 23
6815 20
6816 23
6817 31
6818 23
6819 28
6820 31
6821 22
6822 20
6823 25
6824 31
6825 19
6826 22
6827 27
6828 39
6829 27
6830 29
6831 14
6832 29
6833 21
6834 25
6835 31
6836 29
6837 24
6838 29
6839 22
6840 26
6841 32
6842 22
6843 17
6844 18
6845 31
6846 29
6847 41
6848 31
6849 30
6850 21
6851 21
6852 15
6853 31
6854 32
6855 21
6856 18
6857 29
6858 27
6859 27
6860 20
6861 28
6862 21
6863 15
6864 27
6865 25
6866 19
6867 20
6868 20
6869 17
6870 27
6871 28
6872 23
6873 25
6874 19
6875 25
6876 31
6877 23
6878 19
6879 22
6880 18
6881 28
6882 22
6883 27
6884 22
6885 26
6886 22
6887 17
6888 28
6889 27
6890 20
6891 30
6892 25
6893 18
6894 22
6895 23
6896 25
6897 25
6898 24
6899 27
6900 25
6901 30
6902 23
6903 24
6904 20
6905 28
6906 28
6907 24
6908 20
6909 23
6910 18
6911 29
6912 27
6913 22
6914 24
6915 31
6916 29
6917 27
6918 24
6919 32
6920 26
6921 29
6922 28
6923 19
6924 34
6925 17
6926 27
6927 19
6928 19
6929 30
6930 32
6931 18
6932 26
6933 24
6934 25
6935 22
6936 24
6937 25
6938 31
6939 24
6940 13
6941 25
6942 24
6943 18
6944 27
6945 19
6946 21
6947 21
6948 24
6949 22
6950 21
6951 16
6952 24
6953 16
6954 32
6955 22
6956 25
6957 21
6958 24
6959 18
6960 19
6961 15
6962 13
6963 31
6964 18
6965 24
6966 15
6967 22
6968 34
6969 22
6970 32
6971 34
6972 25
6973 28
6974 31
6975 20
6976 24
6977 29
6978 26
6979 28
6980 25
6981 21
6982 20
6983 39
6984 20
6985 29
6986 21
6987 17
6988 27
6989 31
6990 21
6991 33
6992 15
6993 24
6994 23
6995 35
6996 27
6997 17
6998 15
6999 26
7000 29
7001 36
7002 25
7003 23
7004 39
7005 24
7006 28
7007 20
7008 29
7009 28
7010 22
7011 23
7012 23
7013 24
7014 22
7015 22
7016 25
7017 31
7018 33
7019 26
7020 27
7021 33
7022 22
7023 18
7024 23
7025 27
7026 23
7027 33
7028 23
7029 28
7030 19
7031 28
7032 25
7033 27
7034 26
7035 18
7036 19
7037 19
7038 18
7039 27
7040 26
7041 26
7042 24
7043 20
7044 24
7045 18
7046 22
7047 22
7048 21
7049 24
7050 28
7051 27
7052 26
7053 17
7054 26
7055 15
7056 24
7057 24
7058 19
7059 23
7060 27
7061 26
7062 20
7063 19
7064 29
7065 19
7066 31
7067 28
7068 33
7069 29
7070 22
7071 21
7072 26
7073 30
7074 30
7075 21
7076 26
7077 30
7078 30
7079 31
7080 18
7081 20
7082 25
7083 21
7084 24
7085 22
7086 28
7087 16
7088 14
7089 30
7090 30
7091 24
7092 23
7093 18
7094 23
7095 16
7096 18
7097 26
7098 26
7099 26
7100 28
7101 21
7102 22
7103 28
7104 21
7105 22
7106 30
7107 27
7108 23
7109 21
7110 29
7111 26
7112 24
7113 21
7114 23
7115 29
7116 24
7117 27
7118 26
7119 29
7120 39
7121 33
7122 26
7123 17
7124 18
7125 34
7126 23
7127 27
7128 33
7129 18
7130 23
7131 27
7132 24
7133 22
7134 29
7135 33
7136 21
7137 27
7138 19
7139 22
7140 29
7141 24
7142 32
7143 19
7144 18
7145 26
7146 26
7147 34
7148 21
7149 23
7150 21
7151 26
7152 24
7153 27
7154 26
7155 22
7156 28
7157 33
7158 27
7159 22
7160 27
7161 31
7162 24
7163 27
7164 20
7165 30
7166 26
7167 22
7168 20
7169 28
7170 25
7171 26
7172 30
7173 25
7174 26
7175 22
7176 22
7177 26
7178 23
7179 32
7180 24
7181 24
7182 30
7183 39
7184 25
7185 15
7186 24
7187 16
7188 31
7189 26
7190 26
7191 25
7192 27
7193 29
7194 20
7195 31
7196 21
7197 29
7198 30
7199 21
7200 31
7201 28
7202 25
7203 26
7204 18
7205 21
7206 15
7207 30
7208 19
7209 19
7210 23
7211 28
7212 17
7213 25
7214 28
7215 30
7216 13
7217 25
7218 26
7219 33
7220 26
7221 24
7222 22
7223 24
7224 27
7225 27
7226 21
7227 21
7228 30
7229 21
7230 25
7231 27
7232 22
7233 35
7234 23
7235 28
7236 24
7237 26
7238 17
7239 26
7240 20
7241 26
7242 24
7243 17
7244 24
7245 19
7246 23
7247 27
7248 35
7249 15
7250 18
7251 21
7252 28
7253 24
7254 28
7255 27
7256 25
7257 33
7258 26
7259 33
7260 25
7261 24
7262 28
7263 32
7264 24
7265 21
7266 20
7267 23
7268 23
7269 26
7270 32
7271 24
7272 18
7273 14
7274 24
7275 23
7276 30
7277 28
7278 32
7279 23
7280 28
7281 24
7282 29
7283 20
7284 34
7285 22
7286 21
7287 32
7288 21
7289 22
7290 22
7291 21
7292 18
7293 19
7294 24
7295 27
7296 26
7297 29
7298 30
7299 26
7300 20
7301 25
7302 19
7303 22
7304 25
7305 24
7306 19
7307 25
7308 17
7309 25
7310 28
7311 24
7312 17
7313 18
7314 30
7315 26
7316 20
7317 32
7318 17
7319 22
7320 21
7321 17
7322 25
7323 30
7324 28
7325 24
7326 24
7327 22
7328 29
7329 21
7330 21
7331 25
7332 27
7333 21
7334 27
7335 23
7336 24
7337 18
7338 25
7339 21
7340 27
7341 29
7342 29
7343 18
7344 24
7345 19
7346 22
7347 25
7348 27
7349 24
7350 22
7351 30
7352 21
7353 26
7354 32
7355 25
7356 27
7357 25
7358 13
7359 19
7360 24
7361 9
7362 29
7363 22
7364 27
7365 18
7366 18
7367 23
7368 14
7369 29
7370 22
7371 13
7372 20
7373 28
7374 18
7375 27
7376 28
7377 27
7378 21
7379 26
7380 28
7381 22
7382 33
7383 17
7384 30
7385 29
7386 23
7387 19
7388 30
7389 30
7390 26
7391 24
7392 34
7393 21
7394 26
7395 20
7396 23
7397 26
7398 19
7399 19
7400 22
7401 18
7402 25
7403 23
7404 25
7405 16
7406 24
7407 17
7408 23
7409 22
7410 31
7411 26
7412 25
7413 20
7414 28
7415 20
7416 24
7417 23
7418 20
7419 14
7420 18
7421 17
7422 28
7423 22
7424 16
7425 18
7426 20
7427 16
7428 21
7429 23
7430 17
7431 16
7432 30
7433 22
7434 20
7435 22
7436 25
7437 26
7438 25
7439 20
7440 26
7441 21
7442 19
7443 22
7444 15
7445 22
7446 29
7447 21
7448 18
7449 23
7450 21
7451 24
7452 18
7453 21
7454 16
7455 30
7456 27
7457 28
7458 19
7459 19
7460 25
7461 14
7462 18
7463 24
7464 20
7465 17
7466 20
7467 19
7468 22
7469 17
7470 27
7471 20
7472 22
7473 27
7474 29
7475 25
7476 23
7477 17
7478 24
7479 12
7480 16
7481 21
7482 21
7483 19
7484 29
7485 31
7486 16
7487 30
7488 16
7489 18
7490 15
7491 22
7492 15
7493 15
7494 17
7495 26
7496 23
7497 14
7498 24
7499 19
7500 24
7501 17
7502 17
7503 28
7504 24
7505 18
7506 25
7507 19
7508 19
7509 24
7510 22
7511 20
7512 20
7513 32
7514 17
7515 13
7516 21
7517 16
7518 20
7519 28
7520 25
7521 32
7522 20
7523 19
7524 20
7525 18
7526 24
7527 23
7528 21
7529 29
7530 22
7531 20
7532 14
7533 17
7534 23
7535 25
7536 21
7537 23
7538 28
7539 34
7540 14
7541 21
7542 22
7543 20
7544 22
7545 19
7546 18
7547 18
7548 14
7549 17
7550 23
7551 20
7552 25
7553 29
7554 21
7555 20
7556 22
7557 27
7558 21
7559 26
7560 16
7561 21
7562 25
7563 15
7564 17
7565 25
7566 20
7567 13
7568 21
7569 23
7570 19
7571 17
7572 18
7573 19
7574 25
7575 20
7576 25
7577 24
7578 20
7579 24
7580 21
7581 17
7582 15
7583 17
7584 25
7585 35
7586 21
7587 18
7588 20
7589 26
7590 19
7591 26
7592 21
7593 26
7594 22
7595 18
7596 23
7597 17
7598 24
7599 16
7600 19
7601 20
7602 29
7603 22
7604 25
7605 17
7606 23
7607 20
7608 20
7609 29
7610 23
7611 20
7612 23
7613 14
7614 14
7615 22
7616 27
7617 23
7618 23
7619 20
7620 18
7621 30
7622 24
7623 24
7624 18
7625 19
7626 26
7627 22
7628 21
7629 21
7630 32
7631 24
7632 23
7633 22
7634 26
7635 21
7636 11
7637 21
7638 30
7639 12
7640 25
7641 27
7642 29
7643 24
7644 27
7645 22
7646 31
7647 20
7648 26
7649 23
7650 18
7651 24
7652 25
7653 26
7654 21
7655 16
7656 35
7657 14
7658 19
7659 13
7660 11
7661 28
7662 18
7663 22
7664 25
7665 22
7666 20
7667 31
7668 21
7669 29
7670 19
7671 22
7672 28
7673 23
7674 25
7675 19
7676 27
7677 19
7678 25
7679 19
7680 24
7681 21
7682 18
7683 14
7684 24
7685 30
7686 23
7687 26
7688 25
7689 21
7690 32
7691 18
7692 22
7693 18
7694 20
7695 27
7696 17
7697 26
7698 21
7699 19
7700 22
7701 17
7702 22
7703 21
7704 31
7705 25
7706 19
7707 20
7708 23
7709 25
7710 20
7711 26
7712 15
7713 14
7714 28
7715 24
7716 22
7717 24
7718 30
7719 18
7720 29
7721 26
7722 21
7723 19
7724 17
7725 19
7726 27
7727 21
7728 25
7729 14
7730 17
7731 14
7732 26
7733 22
7734 17
7735 25
7736 13
7737 26
7738 10
7739 19
7740 30
7741 28
7742 25
7743 26
7744 25
7745 28
7746 20
7747 24
7748 15
7749 20
7750 17
7751 22
7752 23
7753 25
7754 17
7755 24
7756 24
7757 12
7758 14
7759 20
7760 28
7761 22
7762 22
7763 17
7764 25
7765 21
7766 22
7767 17
7768 13
7769 19
7770 25
7771 17
7772 22
7773 25
7774 20
7775 24
7776 30
7777 25
7778 21
7779 20
7780 23
7781 18
7782 22
7783 27
7784 8
7785 20
7786 23
7787 25
7788 17
7789 22
7790 18
7791 19
7792 30
7793 14
7794 25
7795 23
7796 19
7797 23
7798 32
7799 17
7800 24
7801 24
7802 24
7803 20
7804 17
7805 26
7806 28
7807 23
7808 15
7809 15
7810 22
7811 24
7812 18
7813 22
7814 26
7815 24
7816 24
7817 20
7818 20
7819 24
7820 18
7821 19
7822 22
7823 23
7824 15
7825 30
7826 21
7827 25
7828 22
7829 20
7830 20
7831 25
7832 12
7833 16
7834 22
7835 23
7836 34
7837 30
7838 17
7839 18
7840 19
7841 20
7842 19
7843 23
7844 22
7845 26
7846 21
7847 23
7848 21
7849 28
7850 23
7851 25
7852 17
7853 26
7854 22
7855 22
7856 21
7857 23
7858 16
7859 19
7860 17
7861 21
7862 23
7863 15
7864 19
7865 26
7866 18
7867 29
7868 19
7869 15
7870 21
7871 19
7872 21
7873 15
7874 29
7875 26
7876 14
7877 25
7878 19
7879 21
7880 24
7881 21
7882 23
7883 30
7884 18
7885 18
7886 17
7887 13
7888 19
7889 21
7890 23
7891 26
7892 25
7893 21
7894 13
7895 27
7896 23
7897 24
7898 15
7899 21
7900 19
7901 28
7902 16
7903 22
7904 27
7905 15
7906 21
7907 15
7908 17
7909 17
7910 14
7911 18
7912 23
7913 15
7914 22
7915 29
7916 17
7917 26
7918 25
7919 23
7920 21
7921 22
7922 30
7923 19
7924 19
7925 26
7926 21
7927 15
7928 17
7929 13
7930 22
7931 27
7932 11
7933 24
7934 21
7935 22
7936 24
7937 24
7938 21
7939 15
7940 21
7941 17
7942 22
7943 17
7944 28
7945 21
7946 24
7947 20
7948 21
7949 19
7950 20
7951 27
7952 24
7953 17
7954 30
7955 15
7956 18
7957 20
7958 25
7959 19
7960 29
7961 20
7962 26
7963 25
7964 20
7965 20
7966 23
7967 18
7968 17
7969 15
7970 18
7971 26
7972 22
7973 24
7974 20
7975 19
7976 20
7977 19
7978 21
7979 15
7980 24
7981 21
7982 17
7983 22
7984 19
7985 24
7986 15
7987 24
7988 14
7989 19
7990 18
7991 19
7992 18
7993 21
7994 20
7995 22
7996 19
7997 19
7998 23
7999 16
8000 18
8001 21
8002 16
8003 17
8004 16
8005 15
8006 32
8007 23
8008 19
8009 13
8010 22
8011 12
8012 20
8013 19
8014 23
8015 23
8016 19
8017 17
8018 18
8019 24
8020 26
8021 15
8022 19
8023 23
8024 29
8025 17
8026 26
8027 20
8028 16
8029 21
8030 30
8031 24
8032 28
8033 19
8034 27
8035 24
8036 21
8037 22
8038 13
8039 13
8040 12
8041 20
8042 16
8043 29
8044 33
8045 11
8046 19
8047 17
8048 22
8049 22
8050 29
8051 20
8052 16
8053 20
8054 22
8055 24
8056 18
8057 17
8058 22
8059 19
8060 20
8061 24
8062 24
8063 26
8064 20
8065 17
8066 22
8067 17
8068 19
8069 21
8070 23
8071 32
8072 15
8073 22
8074 23
8075 19
8076 20
8077 20
8078 25
8079 17
8080 23
8081 12
8082 25
8083 20
8084 19
8085 15
8086 27
8087 27
8088 18
8089 24
8090 19
8091 24
8092 22
8093 22
8094 20
8095 24
8096 25
8097 20
8098 18
8099 22
8100 22
8101 26
8102 23
8103 25
8104 23
8105 24
8106 21
8107 26
8108 28
8109 18
8110 23
8111 26
8112 13
8113 24
8114 27
8115 17
8116 20
8117 23
8118 18
8119 16
8120 21
8121 25
8122 23
8123 33
8124 19
8125 22
8126 26
8127 26
8128 24
8129 20
8130 21
8131 25
8132 28
8133 21
8134 26
8135 21
8136 29
8137 19
8138 23
8139 24
8140 28
8141 22
8142 23
8143 18
8144 23
8145 28
8146 22
8147 31
8148 13
8149 22
8150 22
8151 25
8152 23
8153 24
8154 22
8155 20
8156 22
8157 15
8158 18
8159 31
8160 16
8161 28
8162 20
8163 26
8164 20
8165 29
8166 19
8167 27
8168 30
8169 22
8170 30
8171 20
8172 29
8173 18
8174 22
8175 26
8176 21
8177 29
8178 29
8179 20
8180 20
8181 29
8182 18
8183 34
8184 16
8185 22
8186 27
8187 23
8188 19
8189 23
8190 27
8191 25
8192 22
8193 30
8194 24
8195 25
8196 18
8197 19
8198 27
8199 19
8200 20
8201 35
8202 21
8203 22
8204 17
8205 33
8206 17
8207 23
8208 24
8209 21
8210 25
8211 13
8212 26
8213 16
8214 27
8215 22
8216 22
8217 28
8218 26
8219 27
8220 20
8221 21
8222 32
8223 23
8224 16
8225 21
8226 12
8227 25
8228 22
8229 24
8230 12
8231 21
8232 20
8233 22
8234 17
8235 29
8236 29
8237 28
8238 29
8239 17
8240 17
8241 22
8242 22
8243 18
8244 26
8245 24
8246 24
8247 20
8248 22
8249 24
8250 22
8251 18
8252 30
8253 19
8254 23
8255 27
8256 30
8257 28
8258 20
8259 24
8260 15
8261 28
8262 18
8263 17
8264 17
8265 14
8266 23
8267 26
8268 16
8269 21
8270 17
8271 16
8272 24
8273 16
8274 16
8275 18
8276 12
8277 17
8278 31
8279 22
8280 17
8281 17
8282 24
8283 19
8284 31
8285 20
8286 25
8287 18
8288 25
8289 29
8290 25
8291 21
8292 30
8293 23
8294 23
8295 12
8296 34
8297 22
8298 18
8299 16
8300 23
8301 31
8302 26
8303 31
8304 30
8305 19
8306 24
8307 17
8308 29
8309 23
8310 21
8311 23
8312 25
8313 29
8314 23
8315 24
8316 19
8317 21
8318 26
8319 21
8320 12
8321 21
8322 17
8323 22
8324 20
8325 23
8326 20
8327 17
8328 22
8329 26
8330 27
8331 22
8332 18
8333 24
8334 23
8335 26
8336 24
8337 15
8338 36
8339 22
8340 25
8341 30
8342 17
8343 32
8344 25
8345 34
8346 20
8347 20
8348 20
8349 30
8350 12
8351 14
8352 23
8353 23
8354 21
8355 27
8356 28
8357 20
8358 28
8359 6
8360 26
8361 23
8362 33
8363 21
8364 31
8365 25
8366 24
8367 20
8368 37
8369 19
8370 18
8371 17
8372 15
8373 21
8374 20
8375 16
8376 21
8377 23
8378 23
8379 26
8380 29
8381 21
8382 16
8383 25
8384 13
8385 21
8386 17
8387 24
8388 31
8389 21
8390 28
8391 25
8392 30
8393 26
8394 25
8395 25
8396 20
8397 17
8398 26
8399 21
8400 27
8401 22
8402 26
8403 23
8404 31
8405 15
8406 16
8407 23
8408 22
8409 19
8410 24
8411 26
8412 24
8413 29
8414 26
8415 27
8416 28
8417 37
8418 29
8419 23
8420 22
8421 22
8422 23
8423 23
8424 27
8425 16
8426 20
8427 24
8428 20
8429 24
8430 21
8431 21
8432 23
8433 24
8434 25
8435 20
8436 38
8437 23
8438 22
8439 24
8440 27
8441 28
8442 20
8443 23
8444 25
8445 20
8446 16
8447 24
8448 17
8449 21
8450 24
8451 26
8452 26
8453 38
8454 19
8455 20
8456 30
8457 32
8458 16
8459 14
8460 26
8461 23
8462 17
8463 24
8464 19
8465 22
8466 19
8467 21
8468 18
8469 28
8470 18
8471 24
8472 22
8473 25
8474 22
8475 25
8476 17
8477 22
8478 20
8479 35
8480 26
8481 16
8482 24
8483 19
8484 27
8485 13
8486 24
8487 30
8488 24
8489 30
8490 25
8491 24
8492 30
8493 19
8494 18
8495 16
8496 22
8497 23
8498 15
8499 24
8500 16
8501 23
8502 24
8503 27
8504 30
8505 24
8506 28
8507 16
8508 29
8509 24
8510 25
8511 23
8512 28
8513 19
8514 14
8515 22
8516 22
8517 18
8518 25
8519 18
8520 21
8521 15
8522 22
8523 16
8524 26
8525 19
8526 30
8527 27
8528 24
8529 17
8530 19
8531 22
8532 22
8533 31
8534 18
8535 19
8536 24
8537 25
8538 24
8539 26
8540 19
8541 22
8542 20
8543 21
8544 24
8545 23
8546 28
8547 21
8548 29
8549 19
8550 21
8551 17
8552 22
8553 31
8554 30
8555 23
8556 22
8557 21
8558 23
8559 17
8560 23
8561 24
8562 17
8563 17
8564 23
8565 17
8566 24
8567 23
8568 33
8569 16
8570 20
8571 11
8572 13
8573 23
8574 34
8575 24
8576 18
8577 24
8578 22
8579 25
8580 16
8581 21
8582 19
8583 20
8584 15
8585 16
8586 19
8587 20
8588 15
8589 20
8590 27
8591 28
8592 23
8593 29
8594 10
8595 23
8596 17
8597 19
8598 33
8599 24
8600 23
8601 15
8602 20
8603 29
8604 20
8605 18
8606 19
8607 27
8608 21
8609 17
8610 18
8611 17
8612 22
8613 24
8614 14
8615 24
8616 15
8617 21
8618 22
8619 27
8620 31
8621 23
8622 23
8623 15
8624 21
8625 30
8626 23
8627 23
8628 22
8629 20
8630 21
8631 18
8632 24
8633 21
8634 20
8635 24
8636 27
8637 19
8638 25
8639 20
8640 28
8641 23
8642 22
8643 26
8644 22
8645 27
8646 33
8647 23
8648 16
8649 18
8650 31
8651 16
8652 27
8653 20
8654 21
8655 28
8656 21
8657 36
8658 26
8659 28
8660 26
8661 22
8662 18
8663 24
8664 23
8665 26
8666 25
8667 16
8668 28
8669 23
8670 23
8671 33
8672 29
8673 19
8674 22
8675 26
8676 29
8677 15
8678 22
8679 18
8680 21
8681 26
8682 18
8683 25
8684 16
8685 25
8686 19
8687 22
8688 24
8689 20
8690 21
8691 21
8692 22
8693 19
8694 17
8695 20
8696 25
8697 25
8698 25
8699 22
8700 18
8701 30
8702 29
8703 24
8704 18
8705 23
8706 22
8707 25
8708 24
8709 17
8710 23
8711 21
8712 17
8713 17
8714 23
8715 24
8716 23
8717 23
8718 38
8719 23
8720 13
8721 22
8722 29
8723 28
8724 11
8725 20
8726 28
8727 27
8728 19
8729 28
8730 23
8731 15
8732 22
8733 19
8734 27
8735 28
8736 21
8737 23
8738 23
8739 18
8740 17
8741 25
8742 36
8743 18
8744 18
8745 22
8746 18
8747 19
8748 26
8749 15
8750 16
8751 25
8752 24
8753 23
8754 28
8755 22
8756 15
8757 30
8758 26
8759 19
8760 17
8761 24
8762 25
8763 19
8764 24
8765 25
8766 20
8767 20
8768 23
8769 30
8770 25
8771 17
8772 14
8773 24
8774 17
8775 17
8776 16
8777 20
8778 20
8779 23
8780 21
8781 33
8782 16
8783 20
8784 27
8785 16
8786 22
8787 23
8788 27
8789 24
8790 13
8791 29
8792 30
8793 18
8794 22
8795 21
8796 25
8797 40
8798 29
8799 29
8800 16
8801 24
8802 22
8803 29
8804 21
8805 26
8806 22
8807 23
8808 19
8809 27
8810 26
8811 26
8812 22
8813 19
8814 27
8815 18
8816 23
8817 14
8818 29
8819 20
8820 33
8821 23
8822 23
8823 26
8824 20
8825 19
8826 21
8827 21
8828 15
8829 22
8830 16
8831 29
8832 16
8833 21
8834 19
8835 30
8836 21
8837 32
8838 20
8839 20
8840 18
8841 22
8842 25
8843 33
8844 15
8845 23
8846 24
8847 26
8848 25
8849 31
8850 22
8851 24
8852 28
8853 26
8854 24
8855 24
8856 18
8857 17
8858 26
8859 22
8860 25
8861 16
8862 25
8863 16
8864 24
8865 20
8866 19
8867 31
8868 27
8869 30
8870 22
8871 24
8872 22
8873 26
8874 28
8875 23
8876 24
8877 23
8878 28
8879 23
8880 24
8881 21
8882 20
8883 16
8884 22
8885 26
8886 30
8887 31
8888 26
8889 19
8890 33
8891 16
8892 24
8893 27
8894 16
8895 22
8896 28
8897 24
8898 29
8899 21
8900 30
8901 24
8902 22
8903 20
8904 28
8905 24
8906 20
8907 17
8908 25
8909 25
8910 25
8911 24
8912 25
8913 19
8914 17
8915 24
8916 22
8917 24
8918 26
8919 30
8920 24
8921 20
8922 29
8923 32
8924 14
8925 15
8926 23
8927 16
8928 22
8929 23
8930 22
8931 22
8932 21
8933 22
8934 17
8935 31
8936 22
8937 16
8938 28
8939 29
8940 32
8941 22
8942 29
8943 19
8944 25
8945 19
8946 27
8947 19
8948 20
8949 18
8950 25
8951 25
8952 20
8953 25
8954 25
8955 20
8956 20
8957 13
8958 35
8959 25
8960 28
8961 24
8962 23
8963 19
8964 26
8965 14
8966 14
8967 16
8968 23
8969 20
8970 26
8971 30
8972 23
8973 20
8974 19
8975 17
8976 24
8977 19
8978 27
8979 17
8980 18
8981 18
8982 20
8983 21
8984 18
8985 26
8986 23
8987 19
8988 25
8989 16
8990 18
8991 16
8992 18
8993 29
8994 23
8995 19
8996 23
8997 32
8998 19
8999 19
9000 25
9001 28
9002 24
9003 23
9004 25
9005 26
9006 33
9007 19
9008 24
9009 19
9010 18
9011 19
9012 18
9013 37
9014 22
9015 25
9016 24
9017 23
9018 26
9019 23
9020 25
9021 18
9022 14
9023 30
9024 24
9025 20
9026 23
9027 26
9028 24
9029 24
9030 22
9031 19
9032 23
9033 30
9034 16
9035 22
9036 18
9037 19
9038 13
9039 19
9040 20
9041 13
9042 17
9043 14
9044 22
9045 21
9046 18
9047 27
9048 17
9049 17
9050 24
9051 13
9052 21
9053 21
9054 19
9055 16
9056 27
9057 19
9058 22
9059 29
9060 28
9061 25
9062 26
9063 28
9064 25
9065 23
9066 34
9067 28
9068 27
9069 24
9070 23
9071 24
9072 23
9073 18
9074 21
9075 23
9076 19
9077 19
9078 24
9079 29
9080 28
9081 21
9082 23
9083 25
9084 22
9085 12
9086 18
9087 19
9088 18
9089 32
9090 22
9091 22
9092 26
9093 29
9094 20
9095 18
9096 18
9097 18
9098 19
9099 34
9100 18
9101 31
9102 23
9103 25
9104 35
9105 28
9106 20
9107 23
9108 26
9109 23
9110 32
9111 32
9112 23
9113 27
9114 24
9115 19
9116 18
9117 18
9118 22
9119 15
9120 31
9121 32
9122 24
9123 21
9124 21
9125 22
9126 16
9127 21
9128 24
9129 17
9130 22
9131 21
9132 19
9133 23
9134 27
9135 25
9136 21
9137 15
9138 22
9139 20
9140 32
9141 23
9142 28
9143 26
9144 30
9145 23
9146 19
9147 14
9148 22
9149 23
9150 27
9151 22
9152 21
9153 23
9154 23
9155 23
9156 19
9157 20
9158 21
9159 25
9160 22
9161 24
9162 17
9163 19
9164 24
9165 13
9166 23
9167 26
9168 16
9169 13
9170 20
9171 32
9172 21
9173 36
9174 23
9175 26
9176 20
9177 20
9178 30
9179 24
9180 19
9181 27
9182 27
9183 26
9184 20
9185 16
9186 25
9187 22
9188 24
9189 17
9190 34
9191 26
9192 22
9193 21
9194 23
9195 22
9196 15
9197 10
9198 22
9199 28
9200 18
9201 22
9202 21
9203 26
9204 25
9205 19
9206 20
9207 28
9208 27
9209 20
9210 27
9211 23
9212 24
9213 23
9214 12
9215 28
9216 26
9217 19
9218 21
9219 33
9220 32
9221 25
9222 24
9223 22
9224 16
9225 23
9226 23
9227 29
9228 21
9229 17
9230 30
9231 14
9232 25
9233 25
9234 24
9235 17
9236 28
9237 16
9238 29
9239 17
9240 24
9241 27
9242 26
9243 30
9244 26
9245 27
9246 20
9247 28
9248 25
9249 30
9250 32
9251 22
9252 13
9253 20
9254 22
9255 17
9256 23
9257 21
9258 25
9259 31
9260 39
9261 22
9262 20
9263 22
9264 25
9265 23
9266 22
9267 21
9268 15
9269 16
9270 21
9271 22
9272 24
9273 12
9274 18
9275 26
9276 17
9277 22
9278 25
9279 20
9280 17
9281 20
9282 20
9283 21
9284 20
9285 30
9286 23
9287 24
9288 21
9289 25
9290 18
9291 17
9292 17
9293 20
9294 20
9295 13
9296 22
9297 21
9298 29
9299 24
9300 23
9301 28
9302 17
9303 21
9304 26
9305 18
9306 23
9307 23
9308 18
9309 16
9310 28
9311 24
9312 23
9313 22
9314 22
9315 22
9316 13
9317 21
9318 23
9319 23
9320 16
9321 15
9322 19
9323 26
9324 29
9325 20
9326 35
9327 32
9328 24
9329 22
9330 26
9331 18
9332 29
9333 20
9334 25
9335 22
9336 15
9337 8
9338 27
9339 29
9340 25
9341 24
9342 18
9343 16
9344 24
9345 15
9346 24
9347 26
9348 18
9349 25
9350 17
9351 26
9352 20
9353 18
9354 17
9355 20
9356 17
9357 22
9358 29
9359 17
9360 23
9361 15
9362 20
9363 19
9364 25
9365 24
9366 12
9367 27
9368 26
9369 22
9370 21
9371 23
9372 19
9373 16
9374 14
9375 20
9376 18
9377 22
9378 26
9379 24
9380 31
9381 27
9382 26
9383 25
9384 22
9385 14
9386 18
9387 21
9388 19
9389 17
9390 26
9391 38
9392 13
9393 28
9394 21
9395 18
9396 22
9397 23
9398 28
9399 22
9400 23
9401 23
9402 25
9403 22
9404 17
9405 18
9406 14
9407 27
9408 18
9409 15
9410 24
9411 21
9412 24
9413 28
9414 22
9415 16
9416 30
9417 23
9418 16
9419 25
9420 22
9421 17
9422 17
9423 20
9424 24
9425 18
9426 31
9427 23
9428 18
9429 24
9430 29
9431 23
9432 18
9433 17
9434 20
9435 24
9436 18
9437 22
9438 25
9439 20
9440 17
9441 19
9442 30
9443 23
9444 31
9445 21
9446 24
9447 25
9448 20
9449 21
9450 28
9451 12
9452 15
9453 23
9454 25
9455 28
9456 23
9457 23
9458 26
9459 21
9460 19
9461 29
9462 26
9463 21
9464 25
9465 25
9466 19
9467 16
9468 21
9469 24
9470 17
9471 23
9472 10
9473 27
9474 13
9475 23
9476 24
9477 20
9478 20
9479 17
9480 18
9481 26
9482 24
9483 17
9484 21
9485 21
9486 15
9487 21
9488 15
9489 18
9490 23
9491 20
9492 24
9493 20
9494 17
9495 15
9496 21
9497 19
9498 17
9499 16
9500 23
9501 27
9502 19
9503 22
9504 14
9505 16
9506 34
9507 30
9508 20
9509 28
9510 17
9511 22
9512 17
9513 32
9514 22
9515 18
9516 19
9517 20
9518 17
9519 19
9520 17
9521 19
9522 14
9523 17
9524 21
9525 22
9526 24
9527 21
9528 25
9529 25
9530 27
9531 16
9532 18
9533 24
9534 24
9535 19
9536 27
9537 22
9538 20
9539 26
9540 21
9541 25
9542 25
9543 23
9544 10
9545 28
9546 25
9547 18
9548 16
9549 14
9550 26
9551 25
9552 18
9553 24
9554 23
9555 24
9556 27
9557 22
9558 22
9559 22
9560 24
9561 22
9562 22
9563 24
9564 17
9565 26
9566 22
9567 18
9568 12
9569 23
9570 33
9571 17
9572 17
9573 22
9574 31
9575 17
9576 27
9577 25
9578 30
9579 20
9580 27
9581 16
9582 13
9583 19
9584 23
9585 29
9586 23
9587 27
9588 27
9589 22
9590 29
9591 27
9592 30
9593 17
9594 20
9595 17
9596 21
9597 28
9598 22
9599 32
9600 27
9601 24
9602 25
9603 26
9604 22
9605 16
9606 12
9607 16
9608 20
9609 26
9610 19
9611 16
9612 21
9613 23
9614 28
9615 17
9616 22
9617 18
9618 26
9619 30
9620 25
9621 26
9622 24
9623 23
9624 20
9625 26
9626 27
9627 21
9628 20
9629 19
9630 37
9631 29
9632 24
9633 16
9634 27
9635 23
9636 15
9637 14
9638 17
9639 15
9640 20
9641 18
9642 28
9643 24
9644 22
9645 14
9646 13
9647 28
9648 16
9649 24
9650 25
9651 19
9652 20
9653 26
9654 19
9655 23
9656 20
9657 28
9658 19
9659 17
9660 24
9661 18
9662 16
9663 23
9664 20
9665 21
9666 19
9667 18
9668 21
9669 21
9670 23
9671 23
9672 21
9673 20
9674 21
9675 24
9676 28
9677 23
9678 19
9679 17
9680 26
9681 18
9682 22
9683 14
9684 16
9685 22
9686 31
9687 34
9688 21
9689 29
9690 15
9691 19
9692 30
9693 22
9694 27
9695 25
9696 22
9697 21
9698 27
9699 17
9700 16
9701 30
9702 18
9703 22
9704 24
9705 19
9706 23
9707 27
9708 20
9709 28
9710 9
9711 27
9712 21
9713 24
9714 26
9715 17
9716 26
9717 28
9718 25
9719 17
9720 26
9721 28
9722 27
9723 10
9724 29
9725 15
9726 29
9727 16
9728 29
9729 18
9730 19
9731 21
9732 22
9733 18
9734 19
9735 15
9736 20
9737 27
9738 33
9739 12
9740 25
9741 19
9742 26
9743 22
9744 13
9745 16
9746 29
9747 16
9748 22
9749 27
9750 26
9751 19
9752 19
9753 21
9754 23
9755 16
9756 26
9757 25
9758 21
9759 23
9760 23
9761 20
9762 19
9763 21
9764 22
9765 20
9766 16
9767 23
9768 18
9769 12
9770 21
9771 26
9772 17
9773 27
9774 24
9775 14
9776 18
9777 28
9778 20
9779 23
9780 27
9781 16
9782 20
9783 25
9784 26
9785 24
9786 20
9787 17
9788 26
9789 20
9790 21
9791 25
9792 22
9793 31
9794 22
9795 30
9796 21
9797 33
9798 13
9799 26
9800 21
9801 22
9802 17
9803 18
9804 23
9805 18
9806 19
9807 28
9808 26
9809 24
9810 13
9811 37
9812 30
9813 24
9814 23
9815 23
9816 22
9817 23
9818 30
9819 11
9820 19
9821 21
9822 22
9823 26
9824 20
9825 26
9826 16
9827 19
9828 23
9829 20
9830 23
9831 25
9832 29
9833 20
9834 31
9835 22
9836 19
9837 23
9838 23
9839 27
9840 27
9841 22
9842 22
9843 10
9844 25
9845 26
9846 12
9847 28
9848 27
9849 19
9850 31
9851 27
9852 24
9853 19
9854 20
9855 22
9856 34
9857 18
9858 21
9859 21
9860 30
9861 27
9862 18
9863 24
9864 21
9865 16
9866 31
9867 25
9868 13
9869 16
9870 24
9871 22
9872 21
9873 17
9874 36
9875 21
9876 19
9877 23
9878 14
9879 24
9880 16
9881 14
9882 19
9883 19
9884 28
9885 18
9886 24
9887 23
9888 17
9889 19
9890 24
9891 23
9892 32
9893 19
9894 23
9895 19
9896 17
9897 22
9898 27
9899 18
9900 23
9901 19
9902 14
9903 34
9904 16
9905 25
9906 19
9907 25
9908 32
9909 17
9910 21
9911 20
9912 18
9913 20
9914 15
9915 17
9916 19
9917 20
9918 20
9919 23
9920 23
9921 19
9922 18
9923 18
9924 20
9925 22
9926 23
9927 26
9928 22
9929 20
9930 21
9931 20
9932 28
9933 24
9934 16
9935 21
9936 25
9937 28
9938 11
9939 21
9940 32
9941 18
9942 20
9943 20
9944 23
9945 18
9946 26
9947 20
9948 25
9949 22
9950 22
9951 23
9952 25
9953 14
9954 13
9955 24
9956 23
9957 25
9958 23
9959 15
9960 28
9961 18
9962 11
9963 27
9964 27
9965 22
9966 19
9967 17
9968 31
9969 18
9970 18
9971 18
9972 25
9973 25
9974 30
9975 32
9976 29
9977 29
9978 29
9979 17
9980 13
9981 22
9982 22
9983 22
9984 15
9985 23
9986 24
9987 16
9988 25
9989 16
9990 26
9991 27
9992 18
9993 18
9994 15
9995 32
9996 21
9997 21
9998 19
9999 17
10000 18
10001 63572
