2 279676347
3 72740440
4 44444662
5 41830172
6 45986419
7 51809808
8 56801147
9 59660827
10 60397606
11 59694278
12 58512178
13 57777164
14 57906049
15 58923025
16 60522567
17 61991362
18 62813384
19 62390824
20 60580172
21 57339158
22 52846405
23 47481234
24 41589868
25 35617873
26 29843274
27 24572882
28 19943292
29 16027392
30 12817926
31 10261942
32 8293886
33 6792437
34 5684948
35 4878920
36 4280191
37 3847675
38 3518563
39 3269810
40 3059807
41 2880056
42 2725016
43 2572393
44 2419357
45 2277167
46 2133884
47 1996871
48 1865712
49 1740995
50 1622712
51 1513863
52 1414212
53 1325922
54 1244633
55 1174806
56 1108137
57 1050609
58 998632
59 949053
60 906104
61 868343
62 831458
63 798055
64 765308
65 734719
66 707163
67 682106
68 656172
69 631366
70 607518
71 586952
72 564195
73 542704
74 522490
75 504563
76 488149
77 472008
78 453439
79 436635
80 422366
81 409435
82 397045
83 383898
84 372327
85 361868
86 349782
87 340493
88 331458
89 321219
90 312263
91 303511
92 294689
93 286624
94 278134
95 271160
96 265358
97 258235
98 250973
99 244597
100 237959
101 232326
102 226394
103 219525
104 214768
105 209837
106 203213
107 199915
108 194613
109 191317
110 186812
111 182542
112 178789
113 174541
114 170134
115 166078
116 162993
117 159036
118 156480
119 152939
120 150812
121 147064
122 143438
123 140854
124 136841
125 135031
126 131409
127 129955
128 126917
129 124771
130 122746
131 119896
132 117397
133 114920
134 113487
135 110956
136 109297
137 106793
138 105314
139 102594
140 101483
141 98922
142 97597
143 96024
144 94978
145 93169
146 91588
147 89712
148 88930
149 87240
150 86165
151 84561
152 82788
153 81191
154 79762
155 78840
156 77364
157 76125
158 74713
159 73850
160 73084
161 71429
162 70429
163 69624
164 68437
165 67740
166 66302
167 65701
168 64694
169 64164
170 63131
171 62310
172 60769
173 60278
174 59638
175 58745
176 57675
177 56915
178 56094
179 55260
180 54413
181 53808
182 53030
183 52480
184 52107
185 51375
186 50734
187 49629
188 48954
189 48929
190 47968
191 47734
192 46956
193 46032
194 45876
195 44887
196 45009
197 44023
198 43513
199 43142
200 42456
201 42304
202 41808
203 41287
204 40342
205 40286
206 39475
207 39622
208 38615
209 38531
210 37711
211 37898
212 37147
213 36620
214 36515
215 35981
216 35827
217 35254
218 34823
219 34584
220 33767
221 33623
222 33262
223 33055
224 32556
225 32097
226 31820
227 31413
228 30828
229 30721
230 30350
231 30167
232 29634
233 29678
234 29322
235 28856
236 28758
237 28586
238 27886
239 28007
240 27718
241 27411
242 27084
243 26939
244 26488
245 26246
246 26191
247 26158
248 25811
249 25686
250 25073
251 25192
252 24756
253 24781
254 24472
255 24155
256 24088
257 23779
258 23644
259 23419
260 23230
261 22655
262 23027
263 22334
264 22373
265 22204
266 22274
267 21994
268 22052
269 21539
270 21589
271 21409
272 21037
273 21146
274 20982
275 20612
276 20384
277 20399
278 20222
279 19888
280 19854
281 19718
282 19324
283 19292
284 19035
285 19181
286 18893
287 18651
288 18685
289 18468
290 18334
291 18491
292 18089
293 17958
294 17731
295 17656
296 17514
297 17375
298 17110
299 17283
300 17205
301 16878
302 16946
303 16525
304 16466
305 16203
306 16201
307 16225
308 15856
309 15700
310 15553
311 15570
312 15566
313 15369
314 15285
315 15032
316 15065
317 14912
318 14880
319 14665
320 14431
321 14395
322 14327
323 14177
324 14187
325 14213
326 13949
327 13903
328 13687
329 13648
330 13609
331 13498
332 13369
333 13090
334 13344
335 13228
336 13062
337 12811
338 12735
339 12844
340 12657
341 12556
342 12546
343 12397
344 12187
345 12295
346 12019
347 12044
348 11921
349 11709
350 11835
351 11867
352 11658
353 11617
354 11471
355 11564
356 11609
357 11270
358 11292
359 11377
360 11182
361 11348
362 10993
363 10885
364 10814
365 10604
366 10669
367 10436
368 10670
369 10403
370 10607
371 10249
372 10395
373 10222
374 10138
375 10227
376 10109
377 10067
378 9899
379 10098
380 9882
381 9781
382 9666
383 9671
384 9688
385 9483
386 9555
387 9325
388 9358
389 9235
390 9239
391 9048
392 9016
393 9146
394 8939
395 8783
396 8876
397 8821
398 8923
399 8846
400 8829
401 8792
402 8646
403 8776
404 8545
405 8468
406 8469
407 8383
408 8353
409 8295
410 8303
411 8280
412 8289
413 8007
414 7946
415 8133
416 7988
417 7940
418 8033
419 8066
420 7921
421 7845
422 7921
423 7788
424 7839
425 7739
426 7580
427 7612
428 7465
429 7541
430 7360
431 7345
432 7222
433 7293
434 7332
435 7310
436 7315
437 7097
438 7217
439 7245
440 7178
441 7089
442 7196
443 7023
444 6989
445 6893
446 6946
447 6864
448 6755
449 6853
450 6785
451 6803
452 6778
453 6733
454 6699
455 6814
456 6700
457 6700
458 6583
459 6548
460 6636
461 6559
462 6459
463 6727
464 6585
465 6611
466 6486
467 6381
468 6607
469 6379
470 6421
471 6361
472 6307
473 6256
474 6218
475 6217
476 6325
477 6119
478 6151
479 6019
480 6138
481 6101
482 6157
483 6029
484 6073
485 5966
486 5949
487 5976
488 5960
489 6065
490 6024
491 6093
492 5921
493 5826
494 5900
495 5911
496 5737
497 5904
498 5865
499 5800
500 5806
501 5862
502 5702
503 5819
504 5789
505 5828
506 5832
507 5872
508 5815
509 5765
510 5873
511 5677
512 5781
513 5733
514 5730
515 5568
516 5739
517 5702
518 5712
519 5641
520 5721
521 5725
522 5669
523 5662
524 5574
525 5608
526 5478
527 5741
528 5718
529 5720
530 5701
531 5706
532 5671
533 5722
534 5601
535 5691
536 5604
537 5535
538 5738
539 5706
540 5445
541 5608
542 5778
543 5590
544 5572
545 5724
546 5650
547 5707
548 5571
549 5582
550 5807
551 5691
552 5650
553 5583
554 5687
555 5777
556 5843
557 5736
558 5693
559 5710
560 5628
561 5707
562 5681
563 5618
564 5638
565 5671
566 5627
567 5762
568 5825
569 5635
570 5627
571 5758
572 5798
573 5723
574 5810
575 5744
576 5788
577 5843
578 5749
579 5692
580 5737
581 5845
582 5743
583 5855
584 5663
585 5820
586 5756
587 5663
588 5863
589 5740
590 5744
591 5819
592 5659
593 5768
594 5798
595 5840
596 5696
597 5694
598 5790
599 5866
600 6027
601 5838
602 5800
603 5795
604 5826
605 5889
606 5940
607 5878
608 5813
609 5848
610 5799
611 5967
612 5900
613 6052
614 5827
615 5934
616 5847
617 5758
618 5913
619 5790
620 5706
621 5967
622 5830
623 5874
624 5886
625 5796
626 5819
627 5859
628 5822
629 5954
630 5811
631 5869
632 5868
633 5699
634 5886
635 5888
636 5944
637 5872
638 5796
639 5780
640 5814
641 5898
642 5792
643 5922
644 5742
645 5710
646 5910
647 5805
648 5856
649 5653
650 5834
651 5766
652 5736
653 5757
654 5654
655 5565
656 5749
657 5698
658 5702
659 5623
660 5767
661 5782
662 5643
663 5649
664 5624
665 5452
666 5528
667 5527
668 5508
669 5676
670 5477
671 5534
672 5647
673 5603
674 5469
675 5487
676 5390
677 5411
678 5494
679 5437
680 5447
681 5320
682 5462
683 5479
684 5406
685 5250
686 5326
687 5421
688 5427
689 5253
690 5445
691 5415
692 5223
693 5267
694 5307
695 5302
696 5144
697 5192
698 5162
699 5034
700 5157
701 5188
702 5209
703 4999
704 5170
705 5064
706 5072
707 5063
708 5095
709 5062
710 5228
711 5030
712 5128
713 4990
714 4998
715 4793
716 4955
717 4820
718 4902
719 4849
720 4785
721 4813
722 4848
723 4741
724 4837
725 4631
726 4614
727 4557
728 4732
729 4624
730 4582
731 4601
732 4596
733 4653
734 4595
735 4500
736 4501
737 4425
738 4398
739 4555
740 4474
741 4413
742 4488
743 4291
744 4468
745 4274
746 4155
747 4177
748 4227
749 4274
750 4138
751 4186
752 4205
753 4172
754 4054
755 4076
756 4112
757 3929
758 3899
759 4089
760 3927
761 3965
762 3996
763 4000
764 3979
765 3817
766 3883
767 3908
768 3784
769 3742
770 3732
771 3710
772 3751
773 3720
774 3594
775 3701
776 3643
777 3665
778 3544
779 3528
780 3671
781 3608
782 3408
783 3431
784 3369
785 3399
786 3307
787 3294
788 3352
789 3353
790 3275
791 3259
792 3322
793 3220
794 3275
795 3243
796 3226
797 3184
798 3190
799 3091
800 3129
801 2936
802 3080
803 3065
804 3067
805 3030
806 3027
807 3108
808 3082
809 3033
810 2937
811 2953
812 2949
813 2822
814 2973
815 2938
816 2921
817 2905
818 2816
819 2968
820 2797
821 2759
822 2766
823 2845
824 2852
825 2796
826 2686
827 2588
828 2766
829 2648
830 2589
831 2632
832 2598
833 2695
834 2565
835 2512
836 2558
837 2556
838 2473
839 2543
840 2445
841 2518
842 2437
843 2601
844 2481
845 2496
846 2440
847 2432
848 2419
849 2363
850 2374
851 2325
852 2379
853 2285
854 2337
855 2255
856 2242
857 2290
858 2239
859 2270
860 2280
861 2189
862 2270
863 2309
864 2206
865 2193
866 2203
867 2077
868 2187
869 2119
870 2156
871 2001
872 2173
873 2105
874 2048
875 2081
876 2066
877 2055
878 2138
879 2099
880 2044
881 2060
882 1984
883 1980
884 1976
885 2028
886 1948
887 2056
888 1938
889 1968
890 1955
891 1906
892 1856
893 1961
894 1912
895 1920
896 1957
897 1892
898 1905
899 1899
900 1885
901 1823
902 1888
903 1874
904 1818
905 1872
906 1776
907 1825
908 1790
909 1779
910 1741
911 1734
912 1762
913 1786
914 1659
915 1783
916 1777
917 1729
918 1677
919 1747
920 1824
921 1727
922 1737
923 1706
924 1684
925 1623
926 1672
927 1680
928 1652
929 1675
930 1665
931 1737
932 1644
933 1707
934 1708
935 1683
936 1702
937 1703
938 1683
939 1600
940 1637
941 1643
942 1617
943 1628
944 1662
945 1686
946 1632
947 1727
948 1631
949 1637
950 1630
951 1677
952 1688
953 1568
954 1597
955 1589
956 1587
957 1628
958 1630
959 1579
960 1604
961 1606
962 1594
963 1621
964 1544
965 1642
966 1584
967 1530
968 1556
969 1587
970 1565
971 1507
972 1511
973 1551
974 1560
975 1560
976 1584
977 1541
978 1516
979 1621
980 1564
981 1469
982 1573
983 1555
984 1564
985 1537
986 1497
987 1498
988 1581
989 1543
990 1515
991 1522
992 1485
993 1488
994 1441
995 1479
996 1495
997 1419
998 1484
999 1474
1000 1486
1001 1416
1002 1479
1003 1486
1004 1483
1005 1469
1006 1495
1007 1425
1008 1458
1009 1453
1010 1465
1011 1449
1012 1456
1013 1471
1014 1474
1015 1408
1016 1485
1017 1523
1018 1426
1019 1489
1020 1410
1021 1452
1022 1452
1023 1390
1024 1407
1025 1502
1026 1416
1027 1493
1028 1478
1029 1483
1030 1405
1031 1408
1032 1425
1033 1459
1034 1404
1035 1462
1036 1377
1037 1447
1038 1472
1039 1367
1040 1374
1041 1393
1042 1379
1043 1415
1044 1327
1045 1326
1046 1375
1047 1341
1048 1353
1049 1411
1050 1362
1051 1446
1052 1334
1053 1396
1054 1431
1055 1430
1056 1368
1057 1330
1058 1319
1059 1309
1060 1321
1061 1345
1062 1390
1063 1356
1064 1395
1065 1369
1066 1323
1067 1315
1068 1348
1069 1326
1070 1347
1071 1323
1072 1377
1073 1322
1074 1379
1075 1352
1076 1317
1077 1334
1078 1334
1079 1307
1080 1310
1081 1340
1082 1356
1083 1313
1084 1321
1085 1338
1086 1352
1087 1322
1088 1332
1089 1301
1090 1378
1091 1309
1092 1324
1093 1352
1094 1357
1095 1321
1096 1365
1097 1329
1098 1320
1099 1347
1100 1297
1101 1333
1102 1267
1103 1261
1104 1336
1105 1360
1106 1249
1107 1298
1108 1255
1109 1233
1110 1306
1111 1321
1112 1236
1113 1280
1114 1249
1115 1337
1116 1290
1117 1186
1118 1268
1119 1261
1120 1241
1121 1186
1122 1224
1123 1315
1124 1224
1125 1221
1126 1338
1127 1187
1128 1265
1129 1169
1130 1236
1131 1223
1132 1191
1133 1184
1134 1169
1135 1217
1136 1254
1137 1190
1138 1147
1139 1229
1140 1218
1141 1216
1142 1194
1143 1181
1144 1217
1145 1183
1146 1134
1147 1224
1148 1150
1149 1190
1150 1202
1151 1194
1152 1187
1153 1172
1154 1180
1155 1242
1156 1168
1157 1179
1158 1159
1159 1137
1160 1189
1161 1189
1162 1183
1163 1109
1164 1141
1165 1085
1166 1159
1167 1130
1168 1161
1169 1175
1170 1090
1171 1109
1172 1070
1173 1161
1174 1046
1175 1084
1176 1090
1177 1100
1178 1055
1179 1068
1180 1114
1181 1075
1182 1104
1183 1067
1184 1070
1185 1083
1186 1119
1187 1041
1188 1066
1189 1051
1190 1094
1191 1059
1192 1032
1193 1071
1194 1070
1195 1091
1196 1068
1197 1071
1198 1038
1199 1070
1200 1072
1201 1029
1202 1037
1203 1026
1204 1029
1205 973
1206 1050
1207 1030
1208 1048
1209 972
1210 1038
1211 1045
1212 1030
1213 1043
1214 978
1215 976
1216 1030
1217 971
1218 967
1219 1059
1220 990
1221 1046
1222 933
1223 984
1224 981
1225 1002
1226 1018
1227 986
1228 967
1229 956
1230 980
1231 915
1232 990
1233 972
1234 974
1235 981
1236 946
1237 953
1238 997
1239 964
1240 972
1241 884
1242 953
1243 944
1244 906
1245 934
1246 1009
1247 921
1248 949
1249 868
1250 973
1251 943
1252 916
1253 993
1254 941
1255 904
1256 899
1257 941
1258 917
1259 916
1260 844
1261 905
1262 904
1263 958
1264 916
1265 910
1266 898
1267 872
1268 894
1269 885
1270 915
1271 870
1272 954
1273 921
1274 926
1275 906
1276 878
1277 879
1278 897
1279 890
1280 849
1281 922
1282 852
1283 899
1284 915
1285 842
1286 933
1287 892
1288 845
1289 841
1290 886
1291 840
1292 851
1293 856
1294 864
1295 894
1296 837
1297 815
1298 838
1299 875
1300 870
1301 831
1302 846
1303 819
1304 873
1305 833
1306 841
1307 847
1308 824
1309 826
1310 786
1311 813
1312 805
1313 841
1314 898
1315 777
1316 848
1317 864
1318 848
1319 857
1320 817
1321 833
1322 813
1323 848
1324 839
1325 802
1326 834
1327 820
1328 818
1329 858
1330 784
1331 800
1332 777
1333 788
1334 808
1335 790
1336 769
1337 739
1338 831
1339 816
1340 803
1341 764
1342 754
1343 749
1344 738
1345 824
1346 790
1347 797
1348 733
1349 754
1350 786
1351 734
1352 749
1353 763
1354 684
1355 802
1356 681
1357 761
1358 760
1359 749
1360 787
1361 763
1362 752
1363 753
1364 762
1365 714
1366 707
1367 756
1368 737
1369 706
1370 713
1371 764
1372 663
1373 697
1374 704
1375 734
1376 733
1377 737
1378 689
1379 685
1380 738
1381 723
1382 745
1383 700
1384 722
1385 732
1386 709
1387 748
1388 693
1389 668
1390 747
1391 679
1392 707
1393 700
1394 749
1395 715
1396 671
1397 716
1398 692
1399 700
1400 664
1401 673
1402 685
1403 682
1404 720
1405 693
1406 661
1407 662
1408 675
1409 676
1410 667
1411 650
1412 652
1413 660
1414 672
1415 684
1416 617
1417 668
1418 638
1419 702
1420 639
1421 624
1422 665
1423 657
1424 670
1425 666
1426 636
1427 660
1428 640
1429 626
1430 658
1431 653
1432 635
1433 688
1434 636
1435 619
1436 630
1437 618
1438 596
1439 615
1440 647
1441 637
1442 634
1443 613
1444 651
1445 673
1446 635
1447 595
1448 651
1449 646
1450 659
1451 622
1452 608
1453 637
1454 627
1455 602
1456 598
1457 596
1458 631
1459 592
1460 594
1461 598
1462 578
1463 592
1464 613
1465 585
1466 605
1467 592
1468 636
1469 580
1470 567
1471 602
1472 614
1473 589
1474 590
1475 569
1476 555
1477 603
1478 599
1479 541
1480 591
1481 620
1482 588
1483 572
1484 577
1485 572
1486 553
1487 574
1488 568
1489 596
1490 576
1491 551
1492 545
1493 586
1494 544
1495 554
1496 574
1497 560
1498 571
1499 516
1500 580
1501 587
1502 581
1503 574
1504 532
1505 549
1506 585
1507 610
1508 586
1509 553
1510 539
1511 573
1512 552
1513 572
1514 534
1515 534
1516 547
1517 603
1518 558
1519 546
1520 547
1521 545
1522 557
1523 499
1524 520
1525 567
1526 536
1527 541
1528 584
1529 533
1530 523
1531 527
1532 550
1533 517
1534 495
1535 547
1536 527
1537 571
1538 524
1539 517
1540 506
1541 537
1542 511
1543 516
1544 498
1545 529
1546 512
1547 484
1548 546
1549 531
1550 539
1551 540
1552 522
1553 536
1554 498
1555 492
1556 527
1557 504
1558 530
1559 480
1560 498
1561 571
1562 500
1563 506
1564 513
1565 519
1566 511
1567 523
1568 526
1569 541
1570 480
1571 554
1572 549
1573 502
1574 493
1575 518
1576 517
1577 476
1578 502
1579 505
1580 512
1581 499
1582 467
1583 510
1584 528
1585 516
1586 520
1587 493
1588 522
1589 470
1590 520
1591 509
1592 492
1593 500
1594 460
1595 502
1596 493
1597 489
1598 522
1599 522
1600 514
1601 520
1602 515
1603 497
1604 493
1605 540
1606 472
1607 512
1608 482
1609 491
1610 520
1611 466
1612 499
1613 481
1614 484
1615 481
1616 479
1617 484
1618 494
1619 500
1620 462
1621 472
1622 495
1623 499
1624 498
1625 522
1626 473
1627 430
1628 473
1629 486
1630 466
1631 462
1632 471
1633 504
1634 435
1635 477
1636 478
1637 452
1638 443
1639 450
1640 455
1641 459
1642 449
1643 480
1644 479
1645 434
1646 484
1647 467
1648 461
1649 463
1650 461
1651 418
1652 421
1653 443
1654 461
1655 426
1656 463
1657 474
1658 447
1659 452
1660 413
1661 406
1662 483
1663 467
1664 458
1665 449
1666 482
1667 450
1668 448
1669 420
1670 499
1671 462
1672 450
1673 423
1674 455
1675 426
1676 424
1677 465
1678 398
1679 459
1680 428
1681 469
1682 429
1683 432
1684 450
1685 433
1686 409
1687 422
1688 423
1689 422
1690 395
1691 436
1692 400
1693 442
1694 437
1695 455
1696 434
1697 442
1698 412
1699 413
1700 438
1701 408
1702 434
1703 452
1704 440
1705 424
1706 446
1707 420
1708 434
1709 421
1710 439
1711 455
1712 442
1713 456
1714 411
1715 420
1716 362
1717 439
1718 393
1719 395
1720 421
1721 413
1722 423
1723 412
1724 411
1725 411
1726 436
1727 467
1728 428
1729 404
1730 416
1731 434
1732 436
1733 385
1734 416
1735 410
1736 420
1737 429
1738 417
1739 382
1740 434
1741 430
1742 428
1743 458
1744 393
1745 414
1746 408
1747 443
1748 410
1749 402
1750 404
1751 451
1752 384
1753 407
1754 414
1755 401
1756 379
1757 376
1758 414
1759 439
1760 407
1761 407
1762 393
1763 416
1764 414
1765 426
1766 390
1767 394
1768 440
1769 362
1770 390
1771 381
1772 409
1773 387
1774 357
1775 365
1776 365
1777 433
1778 358
1779 411
1780 386
1781 435
1782 415
1783 400
1784 366
1785 403
1786 388
1787 397
1788 393
1789 348
1790 375
1791 405
1792 375
1793 442
1794 370
1795 421
1796 409
1797 396
1798 363
1799 379
1800 393
1801 383
1802 348
1803 378
1804 368
1805 418
1806 397
1807 379
1808 407
1809 372
1810 377
1811 392
1812 393
1813 400
1814 383
1815 399
1816 369
1817 395
1818 373
1819 404
1820 390
1821 361
1822 397
1823 372
1824 380
1825 350
1826 365
1827 349
1828 338
1829 357
1830 382
1831 393
1832 382
1833 343
1834 370
1835 364
1836 371
1837 381
1838 371
1839 398
1840 340
1841 397
1842 375
1843 375
1844 397
1845 365
1846 372
1847 369
1848 362
1849 362
1850 356
1851 328
1852 359
1853 351
1854 367
1855 368
1856 325
1857 371
1858 396
1859 354
1860 353
1861 378
1862 391
1863 347
1864 371
1865 364
1866 367
1867 380
1868 348
1869 364
1870 363
1871 361
1872 377
1873 330
1874 326
1875 387
1876 340
1877 357
1878 331
1879 328
1880 347
1881 376
1882 334
1883 371
1884 355
1885 353
1886 347
1887 364
1888 349
1889 351
1890 328
1891 347
1892 396
1893 346
1894 388
1895 353
1896 354
1897 336
1898 338
1899 380
1900 348
1901 350
1902 376
1903 365
1904 337
1905 300
1906 336
1907 344
1908 311
1909 310
1910 347
1911 378
1912 375
1913 366
1914 331
1915 374
1916 347
1917 322
1918 307
1919 339
1920 355
1921 331
1922 317
1923 352
1924 333
1925 360
1926 312
1927 317
1928 357
1929 330
1930 354
1931 329
1932 308
1933 330
1934 331
1935 348
1936 368
1937 334
1938 363
1939 330
1940 337
1941 365
1942 321
1943 355
1944 347
1945 333
1946 326
1947 328
1948 350
1949 334
1950 340
1951 317
1952 343
1953 331
1954 314
1955 339
1956 290
1957 346
1958 333
1959 320
1960 341
1961 328
1962 339
1963 334
1964 328
1965 314
1966 342
1967 317
1968 307
1969 340
1970 310
1971 301
1972 327
1973 354
1974 328
1975 345
1976 332
1977 322
1978 326
1979 324
1980 339
1981 341
1982 310
1983 312
1984 313
1985 309
1986 313
1987 326
1988 289
1989 334
1990 335
1991 342
1992 307
1993 297
1994 335
1995 326
1996 336
1997 320
1998 348
1999 325
2000 302
2001 306
2002 328
2003 314
2004 321
2005 320
2006 348
2007 317
2008 337
2009 297
2010 310
2011 289
2012 293
2013 302
2014 309
2015 317
2016 329
2017 351
2018 297
2019 302
2020 284
2021 319
2022 320
2023 303
2024 291
2025 304
2026 279
2027 304
2028 312
2029 328
2030 310
2031 294
2032 299
2033 300
2034 294
2035 327
2036 309
2037 310
2038 280
2039 292
2040 306
2041 287
2042 299
2043 307
2044 321
2045 286
2046 304
2047 289
2048 319
2049 306
2050 313
2051 310
2052 301
2053 285
2054 278
2055 299
2056 277
2057 297
2058 314
2059 293
2060 279
2061 287
2062 300
2063 299
2064 301
2065 310
2066 301
2067 297
2068 319
2069 276
2070 278
2071 315
2072 284
2073 278
2074 287
2075 283
2076 293
2077 312
2078 281
2079 309
2080 314
2081 308
2082 279
2083 294
2084 289
2085 295
2086 319
2087 283
2088 311
2089 265
2090 279
2091 261
2092 292
2093 297
2094 284
2095 274
2096 314
2097 290
2098 292
2099 275
2100 310
2101 286
2102 282
2103 299
2104 294
2105 274
2106 291
2107 329
2108 265
2109 300
2110 298
2111 294
2112 271
2113 295
2114 305
2115 279
2116 291
2117 304
2118 284
2119 301
2120 310
2121 269
2122 280
2123 276
2124 293
2125 275
2126 277
2127 293
2128 302
2129 289
2130 276
2131 258
2132 288
2133 277
2134 282
2135 286
2136 258
2137 258
2138 287
2139 280
2140 249
2141 265
2142 273
2143 221
2144 286
2145 288
2146 271
2147 277
2148 289
2149 304
2150 281
2151 270
2152 276
2153 298
2154 276
2155 294
2156 281
2157 268
2158 272
2159 263
2160 300
2161 279
2162 299
2163 255
2164 275
2165 272
2166 284
2167 275
2168 301
2169 249
2170 276
2171 274
2172 258
2173 293
2174 291
2175 261
2176 276
2177 280
2178 309
2179 256
2180 302
2181 246
2182 275
2183 260
2184 283
2185 293
2186 287
2187 266
2188 254
2189 300
2190 286
2191 278
2192 256
2193 292
2194 287
2195 277
2196 267
2197 245
2198 264
2199 256
2200 274
2201 246
2202 286
2203 290
2204 286
2205 278
2206 284
2207 239
2208 262
2209 279
2210 270
2211 247
2212 274
2213 288
2214 256
2215 264
2216 294
2217 251
2218 266
2219 259
2220 269
2221 256
2222 245
2223 259
2224 255
2225 274
2226 268
2227 271
2228 259
2229 272
2230 254
2231 277
2232 273
2233 244
2234 253
2235 271
2236 256
2237 261
2238 236
2239 263
2240 257
2241 257
2242 259
2243 250
2244 258
2245 258
2246 241
2247 259
2248 259
2249 251
2250 264
2251 265
2252 259
2253 239
2254 252
2255 249
2256 255
2257 234
2258 250
2259 266
2260 257
2261 275
2262 263
2263 246
2264 279
2265 242
2266 256
2267 255
2268 245
2269 275
2270 264
2271 260
2272 256
2273 242
2274 221
2275 264
2276 233
2277 244
2278 224
2279 278
2280 247
2281 254
2282 253
2283 263
2284 226
2285 237
2286 262
2287 233
2288 273
2289 230
2290 235
2291 262
2292 246
2293 264
2294 245
2295 212
2296 231
2297 253
2298 244
2299 242
2300 234
2301 231
2302 231
2303 235
2304 248
2305 255
2306 242
2307 249
2308 251
2309 239
2310 234
2311 212
2312 223
2313 227
2314 251
2315 212
2316 243
2317 222
2318 253
2319 247
2320 207
2321 201
2322 223
2323 213
2324 246
2325 239
2326 225
2327 240
2328 211
2329 223
2330 229
2331 254
2332 222
2333 218
2334 244
2335 241
2336 223
2337 244
2338 222
2339 221
2340 219
2341 226
2342 237
2343 241
2344 265
2345 239
2346 207
2347 227
2348 217
2349 234
2350 227
2351 231
2352 238
2353 236
2354 208
2355 230
2356 225
2357 232
2358 205
2359 231
2360 241
2361 236
2362 207
2363 215
2364 220
2365 228
2366 231
2367 207
2368 243
2369 221
2370 208
2371 243
2372 248
2373 221
2374 226
2375 202
2376 240
2377 250
2378 192
2379 231
2380 258
2381 211
2382 224
2383 248
2384 234
2385 248
2386 216
2387 225
2388 227
2389 233
2390 218
2391 231
2392 237
2393 219
2394 204
2395 212
2396 198
2397 199
2398 230
2399 204
2400 219
2401 242
2402 249
2403 234
2404 216
2405 235
2406 216
2407 215
2408 217
2409 202
2410 205
2411 243
2412 201
2413 198
2414 227
2415 217
2416 228
2417 211
2418 232
2419 198
2420 233
2421 225
2422 257
2423 201
2424 241
2425 212
2426 199
2427 228
2428 206
2429 197
2430 198
2431 228
2432 221
2433 238
2434 207
2435 218
2436 223
2437 211
2438 227
2439 214
2440 212
2441 214
2442 219
2443 184
2444 206
2445 216
2446 193
2447 214
2448 203
2449 243
2450 191
2451 193
2452 201
2453 238
2454 227
2455 198
2456 186
2457 178
2458 201
2459 201
2460 221
2461 208
2462 231
2463 194
2464 223
2465 222
2466 221
2467 209
2468 204
2469 207
2470 219
2471 194
2472 221
2473 202
2474 197
2475 193
2476 226
2477 169
2478 198
2479 205
2480 207
2481 196
2482 195
2483 224
2484 230
2485 185
2486 190
2487 208
2488 213
2489 196
2490 177
2491 196
2492 201
2493 182
2494 225
2495 203
2496 213
2497 202
2498 192
2499 231
2500 223
2501 233
2502 211
2503 201
2504 189
2505 209
2506 187
2507 210
2508 223
2509 213
2510 204
2511 205
2512 198
2513 182
2514 214
2515 202
2516 180
2517 212
2518 222
2519 204
2520 188
2521 214
2522 177
2523 218
2524 190
2525 235
2526 166
2527 229
2528 185
2529 189
2530 195
2531 202
2532 200
2533 207
2534 199
2535 208
2536 197
2537 208
2538 187
2539 188
2540 193
2541 188
2542 188
2543 184
2544 205
2545 190
2546 185
2547 175
2548 168
2549 191
2550 174
2551 165
2552 174
2553 206
2554 172
2555 183
2556 172
2557 195
2558 193
2559 214
2560 188
2561 186
2562 204
2563 201
2564 173
2565 183
2566 195
2567 190
2568 197
2569 184
2570 182
2571 189
2572 204
2573 173
2574 190
2575 213
2576 188
2577 168
2578 190
2579 197
2580 220
2581 176
2582 181
2583 177
2584 182
2585 208
2586 194
2587 175
2588 199
2589 194
2590 194
2591 201
2592 185
2593 192
2594 202
2595 177
2596 177
2597 154
2598 204
2599 199
2600 175
2601 210
2602 191
2603 182
2604 172
2605 192
2606 181
2607 190
2608 172
2609 211
2610 213
2611 181
2612 213
2613 204
2614 210
2615 203
2616 183
2617 203
2618 209
2619 180
2620 175
2621 196
2622 175
2623 204
2624 191
2625 193
2626 199
2627 191
2628 220
2629 204
2630 180
2631 194
2632 200
2633 201
2634 199
2635 197
2636 185
2637 191
2638 202
2639 197
2640 206
2641 196
2642 182
2643 205
2644 169
2645 181
2646 206
2647 166
2648 215
2649 211
2650 177
2651 199
2652 193
2653 147
2654 186
2655 189
2656 184
2657 185
2658 177
2659 186
2660 195
2661 197
2662 192
2663 192
2664 191
2665 180
2666 200
2667 184
2668 186
2669 201
2670 185
2671 176
2672 193
2673 186
2674 203
2675 199
2676 187
2677 197
2678 171
2679 178
2680 192
2681 187
2682 185
2683 190
2684 188
2685 197
2686 177
2687 197
2688 197
2689 189
2690 180
2691 198
2692 188
2693 183
2694 194
2695 162
2696 172
2697 207
2698 188
2699 193
2700 170
2701 179
2702 174
2703 173
2704 152
2705 156
2706 168
2707 173
2708 186
2709 195
2710 196
2711 196
2712 177
2713 178
2714 193
2715 196
2716 166
2717 208
2718 173
2719 205
2720 186
2721 170
2722 171
2723 185
2724 174
2725 173
2726 186
2727 178
2728 185
2729 197
2730 193
2731 179
2732 175
2733 170
2734 167
2735 178
2736 194
2737 170
2738 149
2739 186
2740 189
2741 166
2742 194
2743 202
2744 181
2745 183
2746 216
2747 183
2748 176
2749 175
2750 182
2751 182
2752 182
2753 182
2754 221
2755 154
2756 173
2757 182
2758 170
2759 168
2760 164
2761 179
2762 162
2763 179
2764 163
2765 152
2766 174
2767 154
2768 183
2769 146
2770 167
2771 186
2772 149
2773 150
2774 165
2775 147
2776 168
2777 167
2778 165
2779 161
2780 158
2781 145
2782 155
2783 179
2784 180
2785 180
2786 182
2787 152
2788 184
2789 192
2790 169
2791 166
2792 162
2793 178
2794 183
2795 170
2796 191
2797 162
2798 149
2799 181
2800 149
2801 175
2802 166
2803 164
2804 173
2805 181
2806 177
2807 167
2808 197
2809 174
2810 188
2811 178
2812 149
2813 172
2814 150
2815 176
2816 186
2817 153
2818 173
2819 148
2820 169
2821 162
2822 158
2823 167
2824 174
2825 183
2826 154
2827 148
2828 189
2829 149
2830 190
2831 156
2832 168
2833 169
2834 161
2835 146
2836 172
2837 168
2838 177
2839 162
2840 177
2841 176
2842 153
2843 138
2844 154
2845 151
2846 156
2847 186
2848 189
2849 151
2850 145
2851 161
2852 158
2853 135
2854 144
2855 180
2856 149
2857 180
2858 161
2859 189
2860 177
2861 169
2862 166
2863 168
2864 156
2865 158
2866 167
2867 170
2868 165
2869 149
2870 160
2871 151
2872 170
2873 178
2874 161
2875 169
2876 188
2877 154
2878 184
2879 124
2880 161
2881 152
2882 184
2883 150
2884 145
2885 180
2886 171
2887 155
2888 164
2889 183
2890 140
2891 161
2892 142
2893 147
2894 162
2895 146
2896 164
2897 154
2898 150
2899 168
2900 172
2901 156
2902 137
2903 145
2904 164
2905 148
2906 175
2907 180
2908 156
2909 170
2910 159
2911 150
2912 169
2913 173
2914 182
2915 147
2916 173
2917 160
2918 170
2919 174
2920 157
2921 188
2922 171
2923 158
2924 159
2925 209
2926 151
2927 177
2928 146
2929 143
2930 146
2931 153
2932 146
2933 166
2934 171
2935 161
2936 166
2937 176
2938 160
2939 147
2940 152
2941 161
2942 159
2943 159
2944 179
2945 179
2946 181
2947 173
2948 158
2949 169
2950 153
2951 147
2952 163
2953 158
2954 165
2955 146
2956 149
2957 163
2958 168
2959 160
2960 169
2961 140
2962 156
2963 128
2964 160
2965 175
2966 160
2967 158
2968 158
2969 175
2970 147
2971 151
2972 156
2973 133
2974 145
2975 153
2976 154
2977 164
2978 158
2979 144
2980 175
2981 167
2982 163
2983 137
2984 156
2985 155
2986 148
2987 165
2988 140
2989 166
2990 136
2991 150
2992 151
2993 165
2994 155
2995 149
2996 139
2997 164
2998 144
2999 137
3000 162
3001 147
3002 165
3003 140
3004 145
3005 156
3006 166
3007 137
3008 152
3009 163
3010 135
3011 136
3012 154
3013 144
3014 155
3015 146
3016 147
3017 136
3018 128
3019 134
3020 151
3021 157
3022 122
3023 147
3024 173
3025 163
3026 156
3027 169
3028 151
3029 149
3030 138
3031 153
3032 148
3033 141
3034 149
3035 162
3036 169
3037 142
3038 141
3039 147
3040 152
3041 136
3042 158
3043 143
3044 142
3045 155
3046 155
3047 145
3048 139
3049 137
3050 160
3051 155
3052 150
3053 173
3054 139
3055 162
3056 143
3057 152
3058 159
3059 142
3060 147
3061 147
3062 128
3063 147
3064 142
3065 149
3066 122
3067 154
3068 144
3069 133
3070 117
3071 143
3072 150
3073 143
3074 141
3075 139
3076 123
3077 141
3078 145
3079 146
3080 135
3081 148
3082 137
3083 151
3084 127
3085 151
3086 134
3087 134
3088 149
3089 147
3090 170
3091 150
3092 134
3093 114
3094 134
3095 169
3096 151
3097 148
3098 141
3099 131
3100 161
3101 140
3102 157
3103 135
3104 152
3105 158
3106 139
3107 157
3108 121
3109 156
3110 142
3111 147
3112 146
3113 138
3114 139
3115 141
3116 132
3117 165
3118 139
3119 154
3120 126
3121 136
3122 119
3123 134
3124 144
3125 139
3126 144
3127 139
3128 160
3129 149
3130 127
3131 143
3132 140
3133 126
3134 124
3135 109
3136 139
3137 118
3138 144
3139 149
3140 125
3141 139
3142 117
3143 159
3144 160
3145 150
3146 138
3147 111
3148 145
3149 152
3150 135
3151 139
3152 130
3153 130
3154 146
3155 143
3156 157
3157 139
3158 171
3159 130
3160 133
3161 129
3162 141
3163 148
3164 126
3165 123
3166 143
3167 117
3168 123
3169 137
3170 147
3171 114
3172 139
3173 138
3174 122
3175 119
3176 156
3177 132
3178 120
3179 145
3180 145
3181 148
3182 130
3183 126
3184 111
3185 139
3186 105
3187 142
3188 133
3189 142
3190 121
3191 122
3192 143
3193 135
3194 138
3195 138
3196 129
3197 145
3198 143
3199 138
3200 136
3201 131
3202 148
3203 132
3204 131
3205 169
3206 145
3207 135
3208 123
3209 132
3210 150
3211 156
3212 139
3213 133
3214 110
3215 139
3216 129
3217 136
3218 135
3219 130
3220 121
3221 117
3222 117
3223 118
3224 124
3225 125
3226 111
3227 139
3228 129
3229 131
3230 120
3231 140
3232 121
3233 130
3234 140
3235 128
3236 131
3237 135
3238 137
3239 136
3240 149
3241 124
3242 125
3243 126
3244 145
3245 138
3246 111
3247 109
3248 114
3249 103
3250 143
3251 127
3252 118
3253 106
3254 109
3255 133
3256 137
3257 136
3258 129
3259 134
3260 111
3261 131
3262 126
3263 127
3264 136
3265 136
3266 125
3267 120
3268 145
3269 130
3270 131
3271 144
3272 138
3273 127
3274 131
3275 109
3276 133
3277 123
3278 122
3279 118
3280 127
3281 122
3282 124
3283 125
3284 128
3285 106
3286 141
3287 119
3288 98
3289 122
3290 119
3291 124
3292 118
3293 141
3294 143
3295 133
3296 127
3297 128
3298 136
3299 128
3300 115
3301 117
3302 121
3303 144
3304 118
3305 132
3306 133
3307 105
3308 146
3309 117
3310 121
3311 142
3312 138
3313 134
3314 118
3315 136
3316 122
3317 150
3318 127
3319 136
3320 126
3321 146
3322 115
3323 116
3324 126
3325 128
3326 122
3327 123
3328 136
3329 118
3330 133
3331 124
3332 130
3333 144
3334 115
3335 137
3336 132
3337 128
3338 137
3339 132
3340 141
3341 114
3342 127
3343 129
3344 115
3345 131
3346 110
3347 120
3348 120
3349 94
3350 124
3351 117
3352 118
3353 115
3354 115
3355 123
3356 108
3357 133
3358 128
3359 138
3360 118
3361 130
3362 129
3363 102
3364 130
3365 102
3366 117
3367 125
3368 107
3369 145
3370 142
3371 129
3372 121
3373 103
3374 114
3375 120
3376 147
3377 109
3378 107
3379 121
3380 126
3381 137
3382 114
3383 106
3384 115
3385 109
3386 143
3387 115
3388 133
3389 119
3390 115
3391 108
3392 123
3393 131
3394 117
3395 111
3396 109
3397 121
3398 114
3399 126
3400 125
3401 106
3402 103
3403 119
3404 121
3405 113
3406 114
3407 112
3408 130
3409 119
3410 107
3411 118
3412 111
3413 109
3414 131
3415 125
3416 112
3417 124
3418 118
3419 114
3420 121
3421 138
3422 130
3423 115
3424 118
3425 132
3426 112
3427 121
3428 119
3429 106
3430 138
3431 118
3432 120
3433 120
3434 106
3435 123
3436 120
3437 98
3438 123
3439 111
3440 119
3441 126
3442 120
3443 115
3444 117
3445 111
3446 124
3447 108
3448 118
3449 109
3450 147
3451 111
3452 131
3453 134
3454 125
3455 125
3456 115
3457 110
3458 126
3459 123
3460 130
3461 125
3462 138
3463 130
3464 110
3465 99
3466 135
3467 100
3468 107
3469 121
3470 105
3471 115
3472 102
3473 121
3474 107
3475 118
3476 117
3477 102
3478 119
3479 136
3480 110
3481 94
3482 111
3483 100
3484 114
3485 128
3486 126
3487 116
3488 113
3489 117
3490 106
3491 124
3492 113
3493 119
3494 130
3495 105
3496 126
3497 144
3498 124
3499 119
3500 130
3501 106
3502 125
3503 110
3504 145
3505 110
3506 124
3507 108
3508 108
3509 103
3510 119
3511 122
3512 124
3513 102
3514 101
3515 108
3516 135
3517 125
3518 120
3519 125
3520 120
3521 121
3522 111
3523 118
3524 116
3525 110
3526 101
3527 138
3528 108
3529 113
3530 138
3531 115
3532 136
3533 110
3534 109
3535 132
3536 145
3537 128
3538 109
3539 116
3540 99
3541 117
3542 110
3543 115
3544 114
3545 129
3546 127
3547 115
3548 116
3549 115
3550 100
3551 106
3552 115
3553 114
3554 100
3555 113
3556 120
3557 141
3558 117
3559 115
3560 128
3561 113
3562 118
3563 119
3564 110
3565 114
3566 126
3567 126
3568 113
3569 118
3570 96
3571 137
3572 108
3573 112
3574 116
3575 113
3576 111
3577 118
3578 99
3579 119
3580 114
3581 115
3582 104
3583 86
3584 115
3585 121
3586 118
3587 118
3588 109
3589 98
3590 110
3591 95
3592 111
3593 120
3594 114
3595 132
3596 115
3597 116
3598 89
3599 111
3600 112
3601 106
3602 101
3603 109
3604 106
3605 117
3606 105
3607 116
3608 100
3609 119
3610 112
3611 99
3612 122
3613 92
3614 125
3615 88
3616 116
3617 116
3618 100
3619 104
3620 108
3621 118
3622 125
3623 119
3624 97
3625 114
3626 123
3627 104
3628 122
3629 99
3630 113
3631 100
3632 102
3633 101
3634 112
3635 118
3636 105
3637 109
3638 118
3639 124
3640 99
3641 111
3642 121
3643 90
3644 124
3645 102
3646 100
3647 108
3648 115
3649 110
3650 120
3651 106
3652 116
3653 105
3654 101
3655 125
3656 98
3657 106
3658 93
3659 115
3660 100
3661 112
3662 103
3663 106
3664 103
3665 105
3666 107
3667 101
3668 115
3669 108
3670 83
3671 100
3672 101
3673 111
3674 114
3675 111
3676 105
3677 118
3678 109
3679 106
3680 109
3681 91
3682 103
3683 119
3684 116
3685 111
3686 115
3687 91
3688 98
3689 120
3690 105
3691 105
3692 107
3693 120
3694 119
3695 100
3696 102
3697 111
3698 98
3699 94
3700 92
3701 102
3702 106
3703 109
3704 103
3705 117
3706 93
3707 103
3708 94
3709 102
3710 116
3711 86
3712 99
3713 106
3714 96
3715 97
3716 85
3717 90
3718 107
3719 112
3720 95
3721 116
3722 111
3723 113
3724 100
3725 100
3726 120
3727 89
3728 106
3729 81
3730 93
3731 115
3732 107
3733 96
3734 89
3735 97
3736 95
3737 90
3738 89
3739 124
3740 94
3741 107
3742 101
3743 116
3744 102
3745 91
3746 106
3747 89
3748 101
3749 92
3750 101
3751 99
3752 95
3753 111
3754 116
3755 96
3756 90
3757 84
3758 93
3759 100
3760 90
3761 114
3762 98
3763 75
3764 105
3765 102
3766 120
3767 109
3768 105
3769 96
3770 98
3771 104
3772 92
3773 100
3774 98
3775 100
3776 80
3777 100
3778 90
3779 78
3780 100
3781 88
3782 89
3783 102
3784 109
3785 116
3786 98
3787 93
3788 82
3789 91
3790 108
3791 95
3792 101
3793 100
3794 85
3795 85
3796 113
3797 91
3798 92
3799 94
3800 89
3801 103
3802 91
3803 100
3804 96
3805 94
3806 84
3807 82
3808 107
3809 95
3810 93
3811 88
3812 93
3813 92
3814 104
3815 104
3816 102
3817 91
3818 84
3819 113
3820 90
3821 109
3822 86
3823 84
3824 98
3825 94
3826 91
3827 99
3828 96
3829 89
3830 91
3831 72
3832 82
3833 91
3834 95
3835 95
3836 92
3837 91
3838 94
3839 89
3840 98
3841 84
3842 101
3843 90
3844 97
3845 81
3846 81
3847 106
3848 89
3849 115
3850 107
3851 90
3852 92
3853 85
3854 87
3855 104
3856 82
3857 89
3858 91
3859 97
3860 68
3861 100
3862 93
3863 107
3864 86
3865 95
3866 99
3867 83
3868 88
3869 88
3870 85
3871 85
3872 85
3873 65
3874 84
3875 96
3876 93
3877 81
3878 92
3879 85
3880 86
3881 98
3882 91
3883 82
3884 97
3885 93
3886 89
3887 92
3888 76
3889 77
3890 87
3891 94
3892 82
3893 82
3894 94
3895 93
3896 91
3897 74
3898 85
3899 87
3900 78
3901 92
3902 95
3903 67
3904 84
3905 81
3906 87
3907 85
3908 79
3909 91
3910 95
3911 68
3912 80
3913 71
3914 78
3915 102
3916 98
3917 116
3918 92
3919 90
3920 79
3921 86
3922 102
3923 85
3924 74
3925 93
3926 107
3927 82
3928 96
3929 92
3930 74
3931 82
3932 100
3933 80
3934 98
3935 91
3936 80
3937 86
3938 94
3939 89
3940 77
3941 88
3942 76
3943 89
3944 80
3945 81
3946 87
3947 86
3948 81
3949 81
3950 95
3951 89
3952 73
3953 104
3954 87
3955 89
3956 88
3957 80
3958 82
3959 81
3960 97
3961 76
3962 86
3963 86
3964 86
3965 80
3966 93
3967 77
3968 84
3969 82
3970 87
3971 86
3972 85
3973 110
3974 78
3975 74
3976 94
3977 84
3978 98
3979 98
3980 86
3981 87
3982 94
3983 80
3984 96
3985 82
3986 103
3987 91
3988 92
3989 72
3990 91
3991 78
3992 91
3993 95
3994 96
3995 83
3996 66
3997 97
3998 101
3999 88
4000 95
4001 80
4002 94
4003 87
4004 72
4005 96
4006 95
4007 80
4008 91
4009 86
4010 74
4011 75
4012 98
4013 72
4014 94
4015 87
4016 83
4017 86
4018 90
4019 75
4020 84
4021 98
4022 81
4023 86
4024 89
4025 66
4026 86
4027 92
4028 77
4029 95
4030 90
4031 89
4032 86
4033 83
4034 83
4035 96
4036 91
4037 79
4038 102
4039 87
4040 84
4041 98
4042 93
4043 99
4044 94
4045 86
4046 88
4047 73
4048 82
4049 91
4050 78
4051 96
4052 92
4053 89
4054 95
4055 70
4056 101
4057 88
4058 88
4059 94
4060 76
4061 84
4062 85
4063 92
4064 82
4065 78
4066 77
4067 102
4068 79
4069 70
4070 66
4071 85
4072 58
4073 95
4074 73
4075 92
4076 62
4077 98
4078 61
4079 79
4080 75
4081 97
4082 81
4083 74
4084 87
4085 90
4086 73
4087 87
4088 85
4089 75
4090 74
4091 81
4092 72
4093 77
4094 75
4095 76
4096 61
4097 79
4098 84
4099 63
4100 79
4101 95
4102 96
4103 94
4104 78
4105 88
4106 93
4107 84
4108 88
4109 76
4110 92
4111 89
4112 75
4113 80
4114 84
4115 71
4116 69
4117 86
4118 93
4119 72
4120 84
4121 73
4122 76
4123 87
4124 73
4125 95
4126 85
4127 81
4128 97
4129 82
4130 86
4131 99
4132 83
4133 74
4134 72
4135 77
4136 72
4137 87
4138 108
4139 101
4140 80
4141 91
4142 79
4143 75
4144 87
4145 75
4146 90
4147 70
4148 83
4149 83
4150 81
4151 78
4152 85
4153 81
4154 81
4155 94
4156 79
4157 82
4158 88
4159 74
4160 92
4161 69
4162 76
4163 98
4164 77
4165 82
4166 89
4167 82
4168 74
4169 77
4170 84
4171 82
4172 64
4173 79
4174 96
4175 78
4176 88
4177 80
4178 76
4179 65
4180 86
4181 64
4182 90
4183 83
4184 84
4185 67
4186 76
4187 83
4188 68
4189 69
4190 92
4191 71
4192 79
4193 91
4194 98
4195 75
4196 74
4197 74
4198 68
4199 61
4200 71
4201 77
4202 79
4203 72
4204 53
4205 92
4206 70
4207 71
4208 65
4209 88
4210 77
4211 78
4212 85
4213 78
4214 76
4215 70
4216 69
4217 77
4218 64
4219 72
4220 81
4221 97
4222 81
4223 82
4224 91
4225 100
4226 93
4227 82
4228 71
4229 78
4230 81
4231 77
4232 84
4233 76
4234 88
4235 84
4236 76
4237 64
4238 61
4239 81
4240 78
4241 93
4242 66
4243 57
4244 93
4245 86
4246 85
4247 66
4248 68
4249 73
4250 72
4251 86
4252 82
4253 78
4254 74
4255 76
4256 67
4257 81
4258 87
4259 75
4260 92
4261 61
4262 76
4263 81
4264 75
4265 83
4266 84
4267 75
4268 80
4269 67
4270 76
4271 70
4272 69
4273 73
4274 78
4275 87
4276 69
4277 86
4278 80
4279 83
4280 78
4281 73
4282 70
4283 64
4284 80
4285 86
4286 91
4287 79
4288 77
4289 82
4290 78
4291 101
4292 81
4293 73
4294 73
4295 72
4296 71
4297 80
4298 66
4299 79
4300 69
4301 84
4302 78
4303 84
4304 87
4305 82
4306 80
4307 82
4308 72
4309 92
4310 74
4311 90
4312 88
4313 96
4314 89
4315 92
4316 71
4317 82
4318 79
4319 86
4320 77
4321 67
4322 73
4323 90
4324 77
4325 72
4326 78
4327 83
4328 69
4329 71
4330 83
4331 93
4332 82
4333 75
4334 76
4335 80
4336 91
4337 75
4338 51
4339 58
4340 54
4341 83
4342 69
4343 66
4344 70
4345 58
4346 67
4347 82
4348 83
4349 74
4350 82
4351 85
4352 64
4353 63
4354 97
4355 67
4356 78
4357 68
4358 84
4359 73
4360 83
4361 68
4362 70
4363 77
4364 78
4365 102
4366 80
4367 69
4368 88
4369 73
4370 85
4371 88
4372 66
4373 73
4374 65
4375 73
4376 85
4377 90
4378 86
4379 88
4380 82
4381 69
4382 75
4383 76
4384 75
4385 74
4386 62
4387 73
4388 80
4389 82
4390 73
4391 78
4392 78
4393 72
4394 70
4395 65
4396 83
4397 89
4398 80
4399 78
4400 88
4401 83
4402 84
4403 76
4404 83
4405 88
4406 68
4407 72
4408 85
4409 91
4410 78
4411 77
4412 65
4413 73
4414 77
4415 73
4416 81
4417 75
4418 78
4419 79
4420 85
4421 61
4422 74
4423 75
4424 73
4425 78
4426 82
4427 83
4428 67
4429 69
4430 72
4431 61
4432 76
4433 80
4434 64
4435 71
4436 78
4437 84
4438 76
4439 93
4440 88
4441 75
4442 61
4443 70
4444 81
4445 65
4446 69
4447 82
4448 83
4449 84
4450 82
4451 64
4452 63
4453 60
4454 70
4455 79
4456 83
4457 85
4458 84
4459 60
4460 60
4461 77
4462 83
4463 87
4464 85
4465 74
4466 76
4467 65
4468 87
4469 74
4470 90
4471 71
4472 75
4473 80
4474 75
4475 79
4476 75
4477 71
4478 76
4479 79
4480 67
4481 84
4482 77
4483 103
4484 70
4485 80
4486 73
4487 74
4488 83
4489 80
4490 73
4491 79
4492 72
4493 71
4494 81
4495 78
4496 75
4497 98
4498 70
4499 95
4500 75
4501 74
4502 73
4503 69
4504 72
4505 98
4506 77
4507 66
4508 80
4509 68
4510 99
4511 62
4512 72
4513 64
4514 86
4515 81
4516 69
4517 57
4518 73
4519 86
4520 77
4521 86
4522 89
4523 62
4524 83
4525 77
4526 74
4527 91
4528 63
4529 71
4530 63
4531 83
4532 76
4533 77
4534 92
4535 95
4536 74
4537 79
4538 89
4539 81
4540 67
4541 83
4542 80
4543 90
4544 91
4545 80
4546 79
4547 70
4548 80
4549 87
4550 79
4551 94
4552 80
4553 74
4554 77
4555 97
4556 84
4557 72
4558 81
4559 70
4560 85
4561 75
4562 82
4563 65
4564 87
4565 80
4566 66
4567 72
4568 79
4569 62
4570 86
4571 92
4572 75
4573 71
4574 81
4575 81
4576 78
4577 80
4578 67
4579 62
4580 79
4581 74
4582 80
4583 70
4584 89
4585 72
4586 77
4587 66
4588 84
4589 81
4590 75
4591 74
4592 70
4593 92
4594 90
4595 86
4596 82
4597 89
4598 74
4599 91
4600 79
4601 92
4602 81
4603 67
4604 75
4605 84
4606 82
4607 91
4608 81
4609 77
4610 97
4611 73
4612 81
4613 110
4614 80
4615 67
4616 71
4617 67
4618 76
4619 78
4620 75
4621 84
4622 78
4623 84
4624 85
4625 93
4626 75
4627 97
4628 85
4629 91
4630 69
4631 80
4632 84
4633 77
4634 74
4635 73
4636 71
4637 89
4638 60
4639 73
4640 75
4641 87
4642 84
4643 108
4644 79
4645 81
4646 79
4647 71
4648 66
4649 68
4650 76
4651 93
4652 86
4653 97
4654 101
4655 99
4656 77
4657 84
4658 63
4659 78
4660 93
4661 69
4662 72
4663 78
4664 82
4665 78
4666 93
4667 78
4668 83
4669 73
4670 82
4671 86
4672 88
4673 97
4674 77
4675 81
4676 89
4677 69
4678 71
4679 85
4680 87
4681 81
4682 82
4683 90
4684 68
4685 73
4686 75
4687 67
4688 92
4689 82
4690 75
4691 65
4692 76
4693 75
4694 78
4695 73
4696 98
4697 103
4698 74
4699 93
4700 78
4701 88
4702 79
4703 80
4704 69
4705 76
4706 77
4707 71
4708 84
4709 88
4710 81
4711 101
4712 91
4713 69
4714 86
4715 116
4716 87
4717 88
4718 80
4719 87
4720 72
4721 98
4722 74
4723 79
4724 81
4725 83
4726 103
4727 82
4728 86
4729 87
4730 78
4731 97
4732 93
4733 76
4734 85
4735 91
4736 82
4737 62
4738 84
4739 94
4740 83
4741 79
4742 81
4743 84
4744 98
4745 83
4746 98
4747 115
4748 86
4749 74
4750 92
4751 79
4752 79
4753 75
4754 89
4755 81
4756 91
4757 73
4758 85
4759 83
4760 79
4761 81
4762 85
4763 88
4764 75
4765 68
4766 97
4767 84
4768 89
4769 97
4770 75
4771 78
4772 79
4773 90
4774 81
4775 88
4776 84
4777 88
4778 80
4779 89
4780 95
4781 84
4782 82
4783 67
4784 93
4785 93
4786 97
4787 99
4788 96
4789 84
4790 90
4791 86
4792 102
4793 102
4794 86
4795 88
4796 93
4797 71
4798 80
4799 89
4800 80
4801 95
4802 102
4803 71
4804 91
4805 102
4806 92
4807 83
4808 95
4809 87
4810 96
4811 89
4812 97
4813 96
4814 89
4815 90
4816 71
4817 88
4818 95
4819 116
4820 112
4821 94
4822 99
4823 82
4824 119
4825 99
4826 80
4827 107
4828 96
4829 100
4830 94
4831 80
4832 89
4833 106
4834 94
4835 89
4836 82
4837 101
4838 90
4839 102
4840 97
4841 98
4842 102
4843 97
4844 92
4845 97
4846 88
4847 94
4848 91
4849 91
4850 90
4851 78
4852 71
4853 86
4854 104
4855 86
4856 108
4857 103
4858 85
4859 88
4860 99
4861 103
4862 97
4863 88
4864 104
4865 114
4866 83
4867 106
4868 102
4869 104
4870 97
4871 85
4872 104
4873 95
4874 102
4875 94
4876 92
4877 101
4878 108
4879 109
4880 118
4881 110
4882 96
4883 111
4884 96
4885 111
4886 98
4887 104
4888 112
4889 77
4890 101
4891 111
4892 99
4893 103
4894 95
4895 98
4896 106
4897 108
4898 112
4899 90
4900 118
4901 109
4902 97
4903 108
4904 103
4905 108
4906 105
4907 106
4908 101
4909 114
4910 117
4911 89
4912 106
4913 102
4914 99
4915 100
4916 110
4917 108
4918 112
4919 109
4920 113
4921 101
4922 115
4923 114
4924 104
4925 109
4926 113
4927 112
4928 105
4929 89
4930 112
4931 116
4932 100
4933 108
4934 119
4935 111
4936 96
4937 117
4938 99
4939 114
4940 115
4941 108
4942 111
4943 106
4944 97
4945 129
4946 100
4947 118
4948 104
4949 126
4950 102
4951 124
4952 128
4953 107
4954 100
4955 106
4956 107
4957 99
4958 105
4959 128
4960 110
4961 128
4962 121
4963 109
4964 115
4965 108
4966 112
4967 122
4968 130
4969 105
4970 118
4971 124
4972 121
4973 108
4974 100
4975 113
4976 97
4977 130
4978 110
4979 108
4980 116
4981 127
4982 116
4983 135
4984 130
4985 129
4986 114
4987 120
4988 110
4989 112
4990 130
4991 112
4992 118
4993 121
4994 122
4995 114
4996 102
4997 114
4998 114
4999 117
5000 117
5001 133
5002 108
5003 109
5004 117
5005 108
5006 99
5007 113
5008 115
5009 111
5010 123
5011 115
5012 117
5013 129
5014 121
5015 120
5016 120
5017 140
5018 115
5019 116
5020 132
5021 117
5022 144
5023 117
5024 139
5025 98
5026 117
5027 113
5028 134
5029 118
5030 120
5031 125
5032 105
5033 117
5034 115
5035 130
5036 127
5037 114
5038 129
5039 123
5040 122
5041 120
5042 133
5043 125
5044 132
5045 96
5046 115
5047 127
5048 130
5049 129
5050 127
5051 111
5052 109
5053 118
5054 126
5055 131
5056 125
5057 137
5058 142
5059 127
5060 130
5061 127
5062 111
5063 111
5064 131
5065 116
5066 117
5067 130
5068 125
5069 134
5070 147
5071 114
5072 121
5073 121
5074 126
5075 131
5076 130
5077 146
5078 121
5079 132
5080 145
5081 119
5082 142
5083 137
5084 142
5085 105
5086 118
5087 119
5088 126
5089 149
5090 134
5091 121
5092 139
5093 113
5094 134
5095 133
5096 134
5097 129
5098 120
5099 128
5100 143
5101 149
5102 129
5103 118
5104 131
5105 136
5106 127
5107 141
5108 113
5109 129
5110 121
5111 112
5112 121
5113 132
5114 107
5115 127
5116 112
5117 128
5118 140
5119 113
5120 127
5121 137
5122 131
5123 140
5124 147
5125 113
5126 131
5127 120
5128 148
5129 135
5130 123
5131 133
5132 124
5133 151
5134 120
5135 129
5136 140
5137 147
5138 146
5139 135
5140 139
5141 127
5142 137
5143 146
5144 145
5145 128
5146 129
5147 126
5148 138
5149 141
5150 136
5151 122
5152 134
5153 151
5154 129
5155 133
5156 146
5157 143
5158 144
5159 138
5160 129
5161 131
5162 139
5163 140
5164 139
5165 130
5166 134
5167 127
5168 151
5169 142
5170 136
5171 129
5172 142
5173 128
5174 117
5175 138
5176 125
5177 119
5178 137
5179 126
5180 160
5181 126
5182 151
5183 115
5184 154
5185 130
5186 153
5187 120
5188 143
5189 168
5190 131
5191 132
5192 134
5193 121
5194 144
5195 136
5196 144
5197 133
5198 143
5199 151
5200 151
5201 152
5202 152
5203 165
5204 147
5205 146
5206 142
5207 146
5208 152
5209 154
5210 146
5211 161
5212 138
5213 152
5214 139
5215 153
5216 147
5217 128
5218 153
5219 150
5220 133
5221 154
5222 146
5223 142
5224 131
5225 161
5226 150
5227 143
5228 161
5229 130
5230 134
5231 146
5232 162
5233 138
5234 125
5235 170
5236 152
5237 134
5238 147
5239 148
5240 167
5241 141
5242 149
5243 140
5244 162
5245 138
5246 152
5247 151
5248 145
5249 146
5250 163
5251 129
5252 149
5253 142
5254 153
5255 167
5256 146
5257 142
5258 158
5259 141
5260 130
5261 163
5262 160
5263 162
5264 145
5265 146
5266 136
5267 136
5268 165
5269 123
5270 165
5271 157
5272 155
5273 165
5274 157
5275 145
5276 135
5277 151
5278 178
5279 138
5280 173
5281 138
5282 159
5283 133
5284 155
5285 149
5286 146
5287 160
5288 145
5289 143
5290 157
5291 143
5292 148
5293 172
5294 162
5295 160
5296 186
5297 192
5298 178
5299 157
5300 177
5301 182
5302 154
5303 176
5304 173
5305 175
5306 163
5307 179
5308 159
5309 166
5310 159
5311 158
5312 157
5313 173
5314 175
5315 175
5316 161
5317 160
5318 166
5319 166
5320 158
5321 170
5322 153
5323 189
5324 182
5325 170
5326 171
5327 184
5328 166
5329 141
5330 191
5331 162
5332 191
5333 171
5334 169
5335 167
5336 191
5337 192
5338 166
5339 164
5340 186
5341 182
5342 170
5343 153
5344 184
5345 148
5346 166
5347 174
5348 183
5349 175
5350 178
5351 168
5352 184
5353 166
5354 151
5355 192
5356 178
5357 191
5358 179
5359 146
5360 186
5361 195
5362 171
5363 176
5364 198
5365 162
5366 180
5367 174
5368 180
5369 171
5370 176
5371 171
5372 191
5373 185
5374 183
5375 179
5376 177
5377 175
5378 187
5379 187
5380 188
5381 188
5382 192
5383 183
5384 164
5385 195
5386 173
5387 193
5388 196
5389 182
5390 210
5391 191
5392 196
5393 180
5394 174
5395 190
5396 203
5397 194
5398 184
5399 198
5400 180
5401 174
5402 205
5403 182
5404 181
5405 173
5406 187
5407 179
5408 173
5409 192
5410 193
5411 200
5412 193
5413 181
5414 173
5415 187
5416 187
5417 185
5418 193
5419 174
5420 180
5421 175
5422 158
5423 188
5424 218
5425 187
5426 187
5427 206
5428 178
5429 178
5430 203
5431 178
5432 163
5433 194
5434 165
5435 163
5436 188
5437 163
5438 209
5439 174
5440 182
5441 167
5442 183
5443 179
5444 197
5445 181
5446 170
5447 166
5448 183
5449 185
5450 185
5451 174
5452 196
5453 181
5454 206
5455 169
5456 216
5457 180
5458 165
5459 204
5460 169
5461 189
5462 149
5463 195
5464 209
5465 175
5466 179
5467 189
5468 193
5469 184
5470 181
5471 192
5472 175
5473 165
5474 207
5475 182
5476 163
5477 186
5478 188
5479 208
5480 204
5481 189
5482 192
5483 194
5484 185
5485 183
5486 176
5487 195
5488 182
5489 198
5490 191
5491 173
5492 176
5493 178
5494 205
5495 192
5496 177
5497 172
5498 183
5499 199
5500 178
5501 189
5502 177
5503 194
5504 212
5505 191
5506 194
5507 176
5508 199
5509 187
5510 194
5511 196
5512 162
5513 173
5514 183
5515 200
5516 177
5517 204
5518 174
5519 216
5520 194
5521 175
5522 182
5523 192
5524 208
5525 177
5526 185
5527 193
5528 199
5529 167
5530 210
5531 186
5532 185
5533 184
5534 201
5535 211
5536 208
5537 183
5538 223
5539 184
5540 181
5541 177
5542 182
5543 185
5544 189
5545 193
5546 190
5547 190
5548 184
5549 185
5550 188
5551 213
5552 195
5553 212
5554 194
5555 197
5556 224
5557 199
5558 195
5559 195
5560 179
5561 192
5562 194
5563 213
5564 182
5565 183
5566 202
5567 189
5568 193
5569 183
5570 191
5571 201
5572 199
5573 189
5574 197
5575 202
5576 189
5577 180
5578 200
5579 165
5580 179
5581 212
5582 186
5583 195
5584 214
5585 189
5586 167
5587 171
5588 188
5589 178
5590 188
5591 176
5592 175
5593 179
5594 191
5595 230
5596 172
5597 196
5598 178
5599 197
5600 197
5601 224
5602 201
5603 164
5604 189
5605 207
5606 187
5607 198
5608 180
5609 188
5610 196
5611 198
5612 178
5613 213
5614 199
5615 186
5616 217
5617 210
5618 196
5619 187
5620 214
5621 199
5622 196
5623 187
5624 197
5625 168
5626 187
5627 182
5628 183
5629 206
5630 178
5631 189
5632 190
5633 209
5634 202
5635 201
5636 192
5637 201
5638 175
5639 199
5640 201
5641 194
5642 175
5643 181
5644 203
5645 196
5646 188
5647 210
5648 185
5649 182
5650 215
5651 181
5652 178
5653 181
5654 186
5655 195
5656 219
5657 186
5658 174
5659 186
5660 193
5661 167
5662 180
5663 210
5664 197
5665 176
5666 196
5667 197
5668 181
5669 193
5670 199
5671 201
5672 212
5673 190
5674 193
5675 199
5676 204
5677 193
5678 170
5679 202
5680 186
5681 210
5682 180
5683 188
5684 195
5685 163
5686 177
5687 216
5688 170
5689 176
5690 172
5691 193
5692 193
5693 184
5694 165
5695 179
5696 189
5697 180
5698 189
5699 170
5700 197
5701 177
5702 201
5703 175
5704 167
5705 151
5706 198
5707 183
5708 201
5709 201
5710 168
5711 164
5712 183
5713 183
5714 176
5715 186
5716 173
5717 178
5718 210
5719 159
5720 203
5721 168
5722 184
5723 196
5724 173
5725 170
5726 175
5727 169
5728 184
5729 165
5730 181
5731 204
5732 188
5733 162
5734 193
5735 173
5736 182
5737 203
5738 176
5739 165
5740 218
5741 180
5742 171
5743 166
5744 183
5745 189
5746 177
5747 207
5748 169
5749 188
5750 180
5751 174
5752 192
5753 164
5754 181
5755 182
5756 188
5757 160
5758 210
5759 176
5760 180
5761 179
5762 188
5763 189
5764 159
5765 183
5766 189
5767 196
5768 199
5769 203
5770 160
5771 184
5772 180
5773 200
5774 195
5775 207
5776 179
5777 159
5778 195
5779 194
5780 168
5781 151
5782 153
5783 164
5784 173
5785 188
5786 177
5787 173
5788 196
5789 173
5790 171
5791 190
5792 187
5793 191
5794 167
5795 190
5796 189
5797 202
5798 171
5799 146
5800 159
5801 201
5802 174
5803 184
5804 188
5805 180
5806 180
5807 170
5808 180
5809 164
5810 169
5811 197
5812 198
5813 189
5814 184
5815 202
5816 175
5817 175
5818 188
5819 171
5820 197
5821 163
5822 183
5823 175
5824 198
5825 168
5826 175
5827 182
5828 185
5829 169
5830 168
5831 201
5832 201
5833 177
5834 180
5835 178
5836 192
5837 162
5838 168
5839 174
5840 172
5841 167
5842 179
5843 177
5844 165
5845 179
5846 167
5847 182
5848 172
5849 201
5850 186
5851 173
5852 196
5853 171
5854 170
5855 180
5856 166
5857 172
5858 198
5859 185
5860 157
5861 169
5862 162
5863 164
5864 158
5865 157
5866 170
5867 170
5868 154
5869 155
5870 176
5871 188
5872 189
5873 154
5874 147
5875 181
5876 165
5877 180
5878 192
5879 170
5880 150
5881 163
5882 156
5883 167
5884 176
5885 162
5886 156
5887 165
5888 155
5889 157
5890 154
5891 177
5892 146
5893 178
5894 159
5895 172
5896 142
5897 182
5898 168
5899 167
5900 184
5901 168
5902 171
5903 171
5904 167
5905 172
5906 153
5907 173
5908 156
5909 160
5910 141
5911 158
5912 160
5913 153
5914 141
5915 158
5916 174
5917 163
5918 141
5919 155
5920 169
5921 162
5922 188
5923 179
5924 164
5925 146
5926 166
5927 180
5928 158
5929 148
5930 177
5931 141
5932 145
5933 142
5934 150
5935 151
5936 154
5937 169
5938 152
5939 164
5940 160
5941 139
5942 161
5943 151
5944 174
5945 145
5946 149
5947 137
5948 178
5949 167
5950 146
5951 152
5952 138
5953 153
5954 159
5955 148
5956 167
5957 157
5958 154
5959 127
5960 170
5961 155
5962 159
5963 146
5964 158
5965 146
5966 132
5967 181
5968 138
5969 150
5970 165
5971 147
5972 137
5973 148
5974 147
5975 133
5976 166
5977 140
5978 135
5979 148
5980 158
5981 130
5982 130
5983 151
5984 168
5985 144
5986 132
5987 152
5988 133
5989 139
5990 148
5991 154
5992 164
5993 139
5994 130
5995 163
5996 140
5997 122
5998 149
5999 139
6000 150
6001 144
6002 127
6003 129
6004 156
6005 156
6006 156
6007 170
6008 150
6009 161
6010 139
6011 165
6012 153
6013 158
6014 152
6015 147
6016 138
6017 145
6018 150
6019 130
6020 129
6021 164
6022 115
6023 155
6024 157
6025 147
6026 157
6027 138
6028 140
6029 138
6030 151
6031 120
6032 151
6033 157
6034 128
6035 146
6036 143
6037 145
6038 151
6039 128
6040 136
6041 167
6042 142
6043 154
6044 155
6045 122
6046 152
6047 141
6048 152
6049 118
6050 130
6051 127
6052 149
6053 136
6054 138
6055 128
6056 127
6057 130
6058 134
6059 143
6060 161
6061 151
6062 122
6063 117
6064 124
6065 139
6066 122
6067 124
6068 130
6069 120
6070 138
6071 104
6072 107
6073 139
6074 130
6075 137
6076 121
6077 138
6078 156
6079 152
6080 134
6081 125
6082 120
6083 130
6084 164
6085 130
6086 135
6087 110
6088 122
6089 162
6090 126
6091 134
6092 124
6093 127
6094 142
6095 129
6096 130
6097 107
6098 138
6099 124
6100 131
6101 122
6102 114
6103 122
6104 143
6105 141
6106 130
6107 128
6108 126
6109 105
6110 128
6111 127
6112 128
6113 131
6114 131
6115 136
6116 124
6117 123
6118 143
6119 124
6120 127
6121 121
6122 126
6123 117
6124 130
6125 122
6126 126
6127 121
6128 138
6129 134
6130 107
6131 116
6132 107
6133 109
6134 111
6135 120
6136 126
6137 110
6138 139
6139 115
6140 109
6141 122
6142 116
6143 110
6144 120
6145 120
6146 126
6147 117
6148 119
6149 124
6150 124
6151 124
6152 113
6153 127
6154 112
6155 119
6156 110
6157 123
6158 122
6159 106
6160 97
6161 132
6162 105
6163 120
6164 126
6165 130
6166 117
6167 95
6168 106
6169 111
6170 114
6171 104
6172 116
6173 114
6174 108
6175 113
6176 102
6177 126
6178 100
6179 120
6180 117
6181 116
6182 118
6183 110
6184 123
6185 115
6186 115
6187 85
6188 96
6189 108
6190 94
6191 105
6192 103
6193 101
6194 123
6195 116
6196 105
6197 124
6198 95
6199 134
6200 103
6201 117
6202 114
6203 111
6204 101
6205 110
6206 123
6207 101
6208 105
6209 107
6210 100
6211 112
6212 115
6213 88
6214 91
6215 93
6216 107
6217 100
6218 109
6219 107
6220 100
6221 103
6222 104
6223 100
6224 111
6225 109
6226 109
6227 113
6228 107
6229 90
6230 85
6231 92
6232 88
6233 108
6234 90
6235 86
6236 111
6237 94
6238 99
6239 106
6240 99
6241 103
6242 91
6243 97
6244 109
6245 92
6246 103
6247 102
6248 96
6249 101
6250 95
6251 96
6252 86
6253 101
6254 91
6255 95
6256 97
6257 119
6258 95
6259 100
6260 104
6261 107
6262 90
6263 90
6264 95
6265 105
6266 95
6267 91
6268 93
6269 106
6270 92
6271 93
6272 110
6273 96
6274 98
6275 110
6276 96
6277 82
6278 80
6279 99
6280 96
6281 97
6282 83
6283 98
6284 101
6285 99
6286 90
6287 90
6288 90
6289 101
6290 78
6291 92
6292 87
6293 81
6294 115
6295 78
6296 94
6297 98
6298 93
6299 83
6300 100
6301 80
6302 99
6303 84
6304 90
6305 85
6306 87
6307 93
6308 91
6309 70
6310 94
6311 80
6312 94
6313 98
6314 89
6315 96
6316 72
6317 89
6318 111
6319 90
6320 87
6321 86
6322 81
6323 82
6324 87
6325 96
6326 106
6327 70
6328 90
6329 83
6330 83
6331 79
6332 84
6333 76
6334 92
6335 103
6336 85
6337 94
6338 71
6339 75
6340 78
6341 66
6342 80
6343 81
6344 75
6345 99
6346 85
6347 79
6348 90
6349 82
6350 81
6351 92
6352 91
6353 84
6354 94
6355 88
6356 88
6357 76
6358 82
6359 85
6360 73
6361 73
6362 67
6363 81
6364 66
6365 80
6366 80
6367 76
6368 75
6369 78
6370 88
6371 86
6372 74
6373 63
6374 80
6375 86
6376 92
6377 77
6378 69
6379 97
6380 64
6381 66
6382 69
6383 62
6384 72
6385 64
6386 84
6387 51
6388 70
6389 67
6390 75
6391 55
6392 64
6393 72
6394 81
6395 61
6396 78
6397 69
6398 80
6399 62
6400 67
6401 81
6402 68
6403 64
6404 64
6405 66
6406 76
6407 86
6408 66
6409 64
6410 77
6411 67
6412 70
6413 64
6414 70
6415 74
6416 72
6417 66
6418 59
6419 69
6420 56
6421 71
6422 61
6423 76
6424 71
6425 63
6426 73
6427 62
6428 65
6429 61
6430 62
6431 63
6432 66
6433 63
6434 57
6435 65
6436 60
6437 52
6438 64
6439 60
6440 73
6441 58
6442 62
6443 59
6444 65
6445 59
6446 62
6447 57
6448 66
6449 72
6450 68
6451 63
6452 73
6453 53
6454 51
6455 62
6456 67
6457 62
6458 44
6459 71
6460 64
6461 64
6462 54
6463 55
6464 79
6465 43
6466 69
6467 71
6468 66
6469 55
6470 59
6471 58
6472 56
6473 58
6474 56
6475 51
6476 58
6477 57
6478 59
6479 59
6480 44
6481 50
6482 64
6483 63
6484 63
6485 62
6486 51
6487 52
6488 63
6489 49
6490 65
6491 56
6492 43
6493 54
6494 67
6495 59
6496 51
6497 51
6498 54
6499 47
6500 51
6501 55
6502 61
6503 71
6504 52
6505 53
6506 45
6507 46
6508 48
6509 48
6510 44
6511 50
6512 53
6513 60
6514 48
6515 57
6516 46
6517 53
6518 58
6519 55
6520 55
6521 53
6522 59
6523 51
6524 45
6525 58
6526 52
6527 60
6528 51
6529 44
6530 37
6531 43
6532 46
6533 51
6534 39
6535 56
6536 51
6537 47
6538 56
6539 51
6540 47
6541 54
6542 48
6543 55
6544 54
6545 81
6546 45
6547 47
6548 47
6549 46
6550 50
6551 53
6552 57
6553 58
6554 58
6555 64
6556 51
6557 41
6558 55
6559 42
6560 52
6561 53
6562 48
6563 40
6564 49
6565 55
6566 47
6567 47
6568 59
6569 47
6570 51
6571 49
6572 58
6573 53
6574 47
6575 48
6576 42
6577 48
6578 39
6579 49
6580 46
6581 53
6582 56
6583 33
6584 40
6585 47
6586 41
6587 42
6588 54
6589 54
6590 50
6591 39
6592 47
6593 50
6594 47
6595 52
6596 45
6597 40
6598 52
6599 48
6600 52
6601 55
6602 47
6603 43
6604 45
6605 48
6606 48
6607 50
6608 53
6609 53
6610 35
6611 43
6612 44
6613 42
6614 43
6615 53
6616 54
6617 46
6618 47
6619 34
6620 50
6621 49
6622 51
6623 57
6624 46
6625 37
6626 53
6627 51
6628 42
6629 42
6630 62
6631 51
6632 47
6633 45
6634 48
6635 42
6636 39
6637 48
6638 57
6639 36
6640 60
6641 30
6642 33
6643 51
6644 44
6645 44
6646 48
6647 47
6648 53
6649 44
6650 46
6651 42
6652 37
6653 35
6654 46
6655 50
6656 38
6657 44
6658 38
6659 41
6660 35
6661 45
6662 35
6663 40
6664 46
6665 37
6666 37
6667 37
6668 29
6669 40
6670 37
6671 39
6672 39
6673 46
6674 40
6675 46
6676 30
6677 39
6678 41
6679 51
6680 36
6681 36
6682 38
6683 38
6684 31
6685 42
6686 42
6687 40
6688 35
6689 33
6690 50
6691 30
6692 43
6693 31
6694 35
6695 29
6696 40
6697 37
6698 42
6699 37
6700 26
6701 41
6702 30
6703 33
6704 42
6705 34
6706 39
6707 40
6708 34
6709 32
6710 38
6711 33
6712 36
6713 36
6714 32
6715 34
6716 37
6717 41
6718 32
6719 49
6720 33
6721 42
6722 33
6723 33
6724 35
6725 28
6726 34
6727 31
6728 33
6729 39
6730 25
6731 39
6732 34
6733 33
6734 42
6735 30
6736 27
6737 27
6738 33
6739 36
6740 29
6741 34
6742 30
6743 24
6744 34
6745 29
6746 26
6747 27
6748 35
6749 32
6750 39
6751 39
6752 26
6753 38
6754 24
6755 24
6756 36
6757 35
6758 25
6759 25
6760 26
6761 32
6762 21
6763 30
6764 35
6765 22
6766 35
6767 32
6768 43
6769 32
6770 38
6771 30
6772 38
6773 32
6774 39
6775 28
6776 39
6777 22
6778 27
6779 32
6780 40
6781 28
6782 33
6783 31
6784 31
6785 29
6786 22
6787 36
6788 31
6789 24
6790 31
6791 31
6792 28
6793 27
6794 27
6795 27
6796 27
6797 27
6798 26
6799 35
6800 37
6801 31
6802 37
6803 30
6804 42
6805 27
6806 39
6807 23
6808 27
6809 26
6810 28
6811 27
6812 28
6813 23
6814 28
6815 13
6816 23
6817 31
6818 20
6819 29
6820 27
6821 20
6822 25
6823 35
6824 31
6825 33
6826 26
6827 27
6828 26
6829 26
6830 23
6831 25
6832 33
6833 29
6834 28
6835 27
6836 28
6837 35
6838 40
6839 30
6840 31
6841 25
6842 30
6843 27
6844 27
6845 22
6846 30
6847 25
6848 19
6849 31
6850 29
6851 24
6852 19
6853 29
6854 39
6855 31
6856 15
6857 27
6858 28
6859 31
6860 31
6861 32
6862 26
6863 28
6864 33
6865 23
6866 31
6867 30
6868 26
6869 22
6870 29
6871 32
6872 35
6873 20
6874 34
6875 27
6876 28
6877 27
6878 24
6879 12
6880 33
6881 28
6882 13
6883 32
6884 25
6885 24
6886 25
6887 30
6888 26
6889 32
6890 35
6891 25
6892 26
6893 27
6894 26
6895 23
6896 29
6897 32
6898 29
6899 22
6900 23
6901 21
6902 25
6903 24
6904 22
6905 22
6906 27
6907 24
6908 27
6909 22
6910 21
6911 29
6912 26
6913 22
6914 20
6915 32
6916 26
6917 31
6918 25
6919 23
6920 23
6921 39
6922 24
6923 23
6924 20
6925 30
6926 30
6927 21
6928 20
6929 21
6930 18
6931 28
6932 28
6933 26
6934 29
6935 26
6936 22
6937 17
6938 18
6939 30
6940 31
6941 14
6942 28
6943 18
6944 15
6945 25
6946 30
6947 32
6948 30
6949 18
6950 17
6951 27
6952 23
6953 15
6954 27
6955 23
6956 25
6957 24
6958 37
6959 23
6960 29
6961 22
6962 30
6963 24
6964 26
6965 30
6966 30
6967 25
6968 27
6969 25
6970 25
6971 19
6972 20
6973 23
6974 21
6975 32
6976 23
6977 30
6978 25
6979 28
6980 19
6981 28
6982 29
6983 29
6984 22
6985 23
6986 25
6987 27
6988 26
6989 25
6990 30
6991 24
6992 23
6993 29
6994 31
6995 22
6996 21
6997 34
6998 28
6999 27
7000 25
7001 25
7002 24
7003 23
7004 32
7005 21
7006 33
7007 29
7008 31
7009 28
7010 19
7011 17
7012 29
7013 26
7014 20
7015 25
7016 24
7017 28
7018 22
7019 27
7020 24
7021 19
7022 26
7023 25
7024 37
7025 30
7026 24
7027 18
7028 33
7029 26
7030 22
7031 26
7032 26
7033 32
7034 28
7035 26
7036 29
7037 24
7038 20
7039 23
7040 22
7041 33
7042 20
7043 38
7044 36
7045 26
7046 32
7047 16
7048 26
7049 19
7050 23
7051 27
7052 29
7053 20
7054 22
7055 21
7056 23
7057 18
7058 24
7059 32
7060 25
7061 29
7062 29
7063 21
7064 30
7065 27
7066 17
7067 24
7068 23
7069 25
7070 24
7071 12
7072 18
7073 19
7074 20
7075 26
7076 18
7077 24
7078 26
7079 26
7080 26
7081 19
7082 22
7083 23
7084 15
7085 23
7086 22
7087 13
7088 22
7089 24
7090 18
7091 16
7092 26
7093 30
7094 21
7095 16
7096 25
7097 20
7098 23
7099 20
7100 24
7101 29
7102 23
7103 20
7104 19
7105 17
7106 22
7107 15
7108 29
7109 19
7110 21
7111 23
7112 19
7113 25
7114 25
7115 15
7116 24
7117 35
7118 29
7119 14
7120 21
7121 22
7122 29
7123 28
7124 18
7125 24
7126 22
7127 17
7128 22
7129 20
7130 27
7131 21
7132 25
7133 27
7134 22
7135 21
7136 20
7137 29
7138 22
7139 25
7140 25
7141 26
7142 18
7143 25
7144 42
7145 15
7146 24
7147 29
7148 27
7149 20
7150 20
7151 13
7152 9
7153 26
7154 19
7155 29
7156 21
7157 23
7158 26
7159 17
7160 23
7161 19
7162 27
7163 21
7164 25
7165 23
7166 17
7167 24
7168 20
7169 26
7170 25
7171 15
7172 26
7173 24
7174 19
7175 17
7176 22
7177 20
7178 21
7179 18
7180 21
7181 15
7182 12
7183 27
7184 26
7185 22
7186 26
7187 18
7188 19
7189 26
7190 13
7191 28
7192 28
7193 21
7194 24
7195 22
7196 24
7197 19
7198 18
7199 23
7200 18
7201 21
7202 13
7203 27
7204 23
7205 14
7206 31
7207 30
7208 25
7209 18
7210 22
7211 27
7212 12
7213 19
7214 11
7215 18
7216 25
7217 24
7218 19
7219 14
7220 18
7221 23
7222 18
7223 26
7224 16
7225 13
7226 18
7227 27
7228 18
7229 19
7230 22
7231 15
7232 23
7233 14
7234 21
7235 24
7236 12
7237 14
7238 16
7239 23
7240 16
7241 23
7242 10
7243 17
7244 23
7245 17
7246 19
7247 14
7248 19
7249 16
7250 17
7251 14
7252 14
7253 21
7254 18
7255 16
7256 23
7257 23
7258 17
7259 20
7260 36
7261 20
7262 13
7263 14
7264 17
7265 19
7266 21
7267 17
7268 16
7269 22
7270 16
7271 16
7272 20
7273 18
7274 15
7275 12
7276 21
7277 23
7278 11
7279 28
7280 15
7281 21
7282 20
7283 12
7284 16
7285 19
7286 15
7287 17
7288 14
7289 26
7290 15
7291 15
7292 20
7293 22
7294 14
7295 20
7296 23
7297 17
7298 20
7299 25
7300 18
7301 14
7302 15
7303 19
7304 12
7305 19
7306 17
7307 19
7308 16
7309 20
7310 15
7311 18
7312 26
7313 17
7314 31
7315 21
7316 21
7317 15
7318 21
7319 17
7320 16
7321 16
7322 15
7323 16
7324 12
7325 13
7326 15
7327 16
7328 16
7329 11
7330 16
7331 15
7332 17
7333 14
7334 10
7335 24
7336 22
7337 14
7338 15
7339 19
7340 11
7341 21
7342 24
7343 28
7344 17
7345 22
7346 19
7347 18
7348 19
7349 14
7350 18
7351 25
7352 15
7353 20
7354 15
7355 18
7356 18
7357 15
7358 15
7359 22
7360 12
7361 19
7362 19
7363 20
7364 27
7365 15
7366 12
7367 15
7368 19
7369 10
7370 10
7371 16
7372 17
7373 20
7374 16
7375 18
7376 13
7377 18
7378 16
7379 20
7380 15
7381 19
7382 17
7383 12
7384 20
7385 15
7386 22
7387 11
7388 10
7389 19
7390 18
7391 18
7392 11
7393 17
7394 12
7395 9
7396 19
7397 20
7398 16
7399 18
7400 18
7401 25
7402 25
7403 18
7404 16
7405 19
7406 22
7407 18
7408 21
7409 15
7410 22
7411 14
7412 14
7413 20
7414 14
7415 24
7416 17
7417 14
7418 15
7419 11
7420 18
7421 21
7422 14
7423 13
7424 12
7425 16
7426 18
7427 16
7428 13
7429 15
7430 17
7431 16
7432 15
7433 16
7434 16
7435 17
7436 17
7437 14
7438 19
7439 34
7440 12
7441 14
7442 16
7443 21
7444 20
7445 15
7446 16
7447 29
7448 19
7449 18
7450 13
7451 17
7452 13
7453 12
7454 22
7455 19
7456 15
7457 18
7458 25
7459 15
7460 17
7461 16
7462 17
7463 16
7464 21
7465 16
7466 19
7467 11
7468 16
7469 18
7470 16
7471 18
7472 13
7473 17
7474 14
7475 9
7476 15
7477 19
7478 14
7479 20
7480 15
7481 22
7482 16
7483 10
7484 19
7485 22
7486 12
7487 23
7488 10
7489 21
7490 24
7491 15
7492 23
7493 15
7494 13
7495 12
7496 18
7497 24
7498 14
7499 11
7500 18
7501 15
7502 16
7503 18
7504 20
7505 17
7506 17
7507 15
7508 18
7509 19
7510 14
7511 9
7512 10
7513 18
7514 20
7515 29
7516 17
7517 13
7518 16
7519 23
7520 14
7521 18
7522 10
7523 19
7524 17
7525 9
7526 23
7527 15
7528 18
7529 11
7530 11
7531 13
7532 16
7533 15
7534 17
7535 14
7536 23
7537 10
7538 15
7539 10
7540 12
7541 13
7542 13
7543 12
7544 14
7545 24
7546 9
7547 15
7548 23
7549 21
7550 18
7551 15
7552 15
7553 12
7554 12
7555 19
7556 7
7557 16
7558 12
7559 25
7560 18
7561 11
7562 15
7563 12
7564 15
7565 13
7566 24
7567 16
7568 21
7569 13
7570 18
7571 21
7572 19
7573 12
7574 20
7575 10
7576 25
7577 14
7578 16
7579 18
7580 14
7581 18
7582 17
7583 26
7584 15
7585 19
7586 10
7587 19
7588 15
7589 14
7590 21
7591 16
7592 14
7593 21
7594 16
7595 11
7596 15
7597 16
7598 13
7599 23
7600 13
7601 15
7602 14
7603 17
7604 20
7605 19
7606 8
7607 16
7608 18
7609 11
7610 11
7611 18
7612 19
7613 15
7614 13
7615 18
7616 7
7617 14
7618 17
7619 19
7620 15
7621 15
7622 18
7623 8
7624 8
7625 12
7626 12
7627 18
7628 14
7629 16
7630 18
7631 13
7632 16
7633 16
7634 17
7635 15
7636 17
7637 15
7638 18
7639 19
7640 8
7641 23
7642 23
7643 14
7644 18
7645 18
7646 12
7647 14
7648 18
7649 23
7650 13
7651 15
7652 14
7653 19
7654 17
7655 17
7656 21
7657 14
7658 18
7659 12
7660 10
7661 12
7662 20
7663 14
7664 22
7665 17
7666 13
7667 16
7668 20
7669 17
7670 14
7671 23
7672 18
7673 22
7674 14
7675 20
7676 15
7677 17
7678 19
7679 21
7680 21
7681 7
7682 14
7683 18
7684 18
7685 12
7686 21
7687 16
7688 8
7689 15
7690 17
7691 22
7692 23
7693 12
7694 16
7695 21
7696 13
7697 15
7698 15
7699 22
7700 17
7701 17
7702 20
7703 24
7704 11
7705 8
7706 23
7707 11
7708 11
7709 21
7710 17
7711 17
7712 17
7713 20
7714 17
7715 21
7716 10
7717 20
7718 18
7719 8
7720 20
7721 19
7722 17
7723 17
7724 14
7725 14
7726 24
7727 13
7728 13
7729 15
7730 11
7731 22
7732 9
7733 14
7734 23
7735 17
7736 16
7737 17
7738 21
7739 17
7740 27
7741 21
7742 31
7743 21
7744 17
7745 17
7746 18
7747 24
7748 14
7749 20
7750 16
7751 12
7752 17
7753 16
7754 15
7755 14
7756 12
7757 20
7758 14
7759 14
7760 13
7761 17
7762 18
7763 21
7764 11
7765 19
7766 15
7767 11
7768 13
7769 23
7770 15
7771 13
7772 18
7773 12
7774 16
7775 13
7776 15
7777 15
7778 9
7779 15
7780 17
7781 12
7782 15
7783 17
7784 16
7785 14
7786 16
7787 14
7788 13
7789 14
7790 14
7791 23
7792 13
7793 20
7794 16
7795 17
7796 17
7797 12
7798 16
7799 17
7800 16
7801 22
7802 10
7803 12
7804 16
7805 19
7806 17
7807 16
7808 16
7809 18
7810 11
7811 21
7812 20
7813 15
7814 19
7815 28
7816 19
7817 11
7818 12
7819 17
7820 18
7821 17
7822 16
7823 19
7824 17
7825 11
7826 6
7827 14
7828 17
7829 19
7830 15
7831 14
7832 18
7833 17
7834 19
7835 20
7836 21
7837 17
7838 16
7839 12
7840 26
7841 17
7842 14
7843 20
7844 17
7845 18
7846 18
7847 13
7848 32
7849 16
7850 20
7851 23
7852 22
7853 8
7854 12
7855 8
7856 8
7857 13
7858 20
7859 18
7860 28
7861 29
7862 19
7863 14
7864 12
7865 15
7866 22
7867 17
7868 14
7869 20
7870 19
7871 17
7872 20
7873 21
7874 11
7875 18
7876 19
7877 20
7878 18
7879 20
7880 10
7881 15
7882 10
7883 16
7884 14
7885 14
7886 9
7887 12
7888 22
7889 18
7890 25
7891 22
7892 18
7893 15
7894 17
7895 22
7896 19
7897 16
7898 20
7899 13
7900 14
7901 14
7902 17
7903 19
7904 19
7905 21
7906 17
7907 22
7908 20
7909 17
7910 17
7911 13
7912 15
7913 19
7914 25
7915 15
7916 20
7917 16
7918 16
7919 15
7920 17
7921 15
7922 16
7923 15
7924 13
7925 19
7926 23
7927 15
7928 20
7929 23
7930 19
7931 9
7932 22
7933 14
7934 24
7935 12
7936 18
7937 15
7938 20
7939 12
7940 14
7941 12
7942 11
7943 16
7944 15
7945 22
7946 20
7947 27
7948 16
7949 17
7950 13
7951 16
7952 14
7953 15
7954 21
7955 9
7956 22
7957 10
7958 23
7959 16
7960 15
7961 25
7962 24
7963 19
7964 18
7965 12
7966 18
7967 26
7968 15
7969 13
7970 21
7971 23
7972 13
7973 21
7974 13
7975 13
7976 23
7977 16
7978 22
7979 18
7980 16
7981 25
7982 16
7983 16
7984 13
7985 12
7986 16
7987 20
7988 17
7989 14
7990 18
7991 18
7992 13
7993 17
7994 15
7995 26
7996 20
7997 17
7998 16
7999 12
8000 18
8001 12
8002 20
8003 12
8004 13
8005 11
8006 14
8007 20
8008 15
8009 19
8010 27
8011 19
8012 12
8013 15
8014 16
8015 17
8016 21
8017 20
8018 18
8019 13
8020 23
8021 10
8022 20
8023 14
8024 15
8025 16
8026 19
8027 16
8028 17
8029 20
8030 24
8031 24
8032 13
8033 18
8034 14
8035 19
8036 14
8037 13
8038 18
8039 13
8040 18
8041 22
8042 17
8043 17
8044 17
8045 17
8046 26
8047 19
8048 27
8049 11
8050 18
8051 19
8052 17
8053 16
8054 22
8055 22
8056 20
8057 16
8058 23
8059 25
8060 18
8061 14
8062 18
8063 18
8064 22
8065 19
8066 12
8067 24
8068 20
8069 18
8070 16
8071 20
8072 20
8073 18
8074 18
8075 14
8076 22
8077 24
8078 18
8079 16
8080 10
8081 15
8082 21
8083 16
8084 18
8085 18
8086 18
8087 19
8088 25
8089 21
8090 16
8091 17
8092 25
8093 17
8094 13
8095 21
8096 12
8097 19
8098 22
8099 31
8100 13
8101 18
8102 9
8103 18
8104 14
8105 22
8106 17
8107 20
8108 14
8109 24
8110 16
8111 15
8112 14
8113 15
8114 29
8115 15
8116 15
8117 14
8118 23
8119 13
8120 14
8121 18
8122 22
8123 19
8124 17
8125 17
8126 15
8127 13
8128 24
8129 12
8130 15
8131 18
8132 19
8133 15
8134 10
8135 14
8136 13
8137 15
8138 23
8139 16
8140 21
8141 19
8142 26
8143 16
8144 21
8145 21
8146 23
8147 15
8148 15
8149 12
8150 24
8151 19
8152 18
8153 23
8154 19
8155 28
8156 20
8157 27
8158 22
8159 13
8160 21
8161 27
8162 20
8163 17
8164 14
8165 24
8166 13
8167 19
8168 19
8169 19
8170 25
8171 18
8172 26
8173 21
8174 22
8175 21
8176 14
8177 19
8178 22
8179 13
8180 17
8181 19
8182 16
8183 16
8184 18
8185 30
8186 22
8187 17
8188 14
8189 21
8190 12
8191 17
8192 23
8193 24
8194 22
8195 30
8196 17
8197 11
8198 18
8199 13
8200 23
8201 18
8202 20
8203 16
8204 21
8205 14
8206 16
8207 25
8208 16
8209 13
8210 15
8211 16
8212 17
8213 16
8214 22
8215 22
8216 24
8217 21
8218 30
8219 23
8220 8
8221 16
8222 18
8223 23
8224 23
8225 18
8226 16
8227 18
8228 24
8229 18
8230 18
8231 12
8232 14
8233 19
8234 25
8235 19
8236 24
8237 20
8238 18
8239 27
8240 15
8241 19
8242 24
8243 19
8244 15
8245 26
8246 17
8247 14
8248 16
8249 22
8250 16
8251 23
8252 25
8253 24
8254 15
8255 28
8256 12
8257 14
8258 17
8259 18
8260 12
8261 23
8262 22
8263 16
8264 23
8265 26
8266 21
8267 18
8268 21
8269 11
8270 27
8271 17
8272 17
8273 17
8274 28
8275 16
8276 20
8277 14
8278 21
8279 16
8280 18
8281 16
8282 22
8283 25
8284 16
8285 22
8286 26
8287 21
8288 13
8289 20
8290 21
8291 20
8292 17
8293 24
8294 19
8295 13
8296 19
8297 16
8298 17
8299 16
8300 21
8301 17
8302 18
8303 11
8304 19
8305 23
8306 20
8307 13
8308 23
8309 19
8310 16
8311 15
8312 14
8313 20
8314 19
8315 24
8316 22
8317 14
8318 18
8319 19
8320 21
8321 14
8322 23
8323 27
8324 17
8325 22
8326 24
8327 14
8328 19
8329 20
8330 26
8331 18
8332 23
8333 25
8334 19
8335 14
8336 30
8337 18
8338 20
8339 26
8340 26
8341 26
8342 20
8343 17
8344 23
8345 17
8346 20
8347 20
8348 16
8349 20
8350 18
8351 20
8352 17
8353 26
8354 25
8355 24
8356 23
8357 18
8358 14
8359 16
8360 23
8361 21
8362 14
8363 20
8364 19
8365 16
8366 26
8367 22
8368 16
8369 17
8370 17
8371 27
8372 15
8373 22
8374 23
8375 29
8376 26
8377 21
8378 13
8379 16
8380 18
8381 18
8382 18
8383 24
8384 13
8385 27
8386 31
8387 19
8388 17
8389 27
8390 16
8391 17
8392 15
8393 24
8394 17
8395 23
8396 21
8397 19
8398 24
8399 19
8400 22
8401 26
8402 22
8403 22
8404 21
8405 19
8406 24
8407 27
8408 18
8409 29
8410 12
8411 30
8412 20
8413 18
8414 23
8415 25
8416 18
8417 26
8418 14
8419 26
8420 14
8421 28
8422 18
8423 29
8424 16
8425 16
8426 17
8427 21
8428 27
8429 16
8430 26
8431 25
8432 28
8433 27
8434 25
8435 22
8436 21
8437 17
8438 21
8439 32
8440 18
8441 18
8442 17
8443 23
8444 21
8445 19
8446 22
8447 25
8448 22
8449 24
8450 28
8451 25
8452 20
8453 18
8454 22
8455 16
8456 16
8457 29
8458 22
8459 25
8460 18
8461 27
8462 26
8463 14
8464 24
8465 19
8466 27
8467 23
8468 26
8469 29
8470 26
8471 16
8472 20
8473 27
8474 22
8475 16
8476 20
8477 27
8478 16
8479 18
8480 22
8481 16
8482 18
8483 19
8484 27
8485 19
8486 20
8487 21
8488 21
8489 31
8490 16
8491 18
8492 21
8493 21
8494 23
8495 18
8496 28
8497 30
8498 19
8499 22
8500 27
8501 26
8502 26
8503 25
8504 26
8505 32
8506 19
8507 20
8508 20
8509 23
8510 20
8511 26
8512 18
8513 20
8514 28
8515 18
8516 35
8517 20
8518 12
8519 23
8520 15
8521 18
8522 23
8523 16
8524 20
8525 23
8526 28
8527 23
8528 29
8529 26
8530 20
8531 23
8532 26
8533 20
8534 24
8535 26
8536 17
8537 32
8538 19
8539 20
8540 24
8541 25
8542 22
8543 30
8544 25
8545 25
8546 25
8547 22
8548 19
8549 21
8550 24
8551 20
8552 29
8553 21
8554 38
8555 30
8556 16
8557 25
8558 14
8559 16
8560 16
8561 16
8562 19
8563 20
8564 18
8565 20
8566 27
8567 29
8568 20
8569 20
8570 19
8571 14
8572 17
8573 27
8574 20
8575 17
8576 20
8577 27
8578 17
8579 19
8580 18
8581 20
8582 18
8583 22
8584 14
8585 30
8586 21
8587 15
8588 21
8589 21
8590 18
8591 16
8592 28
8593 18
8594 19
8595 27
8596 18
8597 19
8598 25
8599 15
8600 21
8601 28
8602 21
8603 15
8604 25
8605 20
8606 15
8607 17
8608 20
8609 23
8610 22
8611 17
8612 19
8613 33
8614 19
8615 17
8616 18
8617 27
8618 28
8619 25
8620 15
8621 16
8622 23
8623 23
8624 26
8625 29
8626 16
8627 12
8628 27
8629 24
8630 24
8631 29
8632 15
8633 15
8634 30
8635 21
8636 25
8637 17
8638 23
8639 20
8640 25
8641 20
8642 29
8643 15
8644 22
8645 19
8646 13
8647 17
8648 25
8649 27
8650 25
8651 23
8652 20
8653 20
8654 20
8655 11
8656 29
8657 25
8658 26
8659 28
8660 18
8661 21
8662 27
8663 19
8664 25
8665 16
8666 19
8667 22
8668 20
8669 23
8670 26
8671 23
8672 27
8673 20
8674 22
8675 23
8676 29
8677 22
8678 24
8679 23
8680 18
8681 24
8682 20
8683 27
8684 22
8685 23
8686 25
8687 23
8688 15
8689 16
8690 26
8691 23
8692 26
8693 17
8694 23
8695 24
8696 18
8697 25
8698 19
8699 12
8700 23
8701 24
8702 23
8703 33
8704 23
8705 26
8706 31
8707 23
8708 29
8709 26
8710 18
8711 17
8712 26
8713 16
8714 20
8715 24
8716 26
8717 20
8718 23
8719 28
8720 20
8721 30
8722 21
8723 20
8724 13
8725 23
8726 28
8727 19
8728 18
8729 28
8730 35
8731 13
8732 17
8733 25
8734 27
8735 25
8736 24
8737 12
8738 20
8739 30
8740 26
8741 22
8742 18
8743 34
8744 22
8745 22
8746 19
8747 27
8748 27
8749 22
8750 21
8751 24
8752 21
8753 28
8754 21
8755 19
8756 22
8757 26
8758 27
8759 22
8760 13
8761 22
8762 21
8763 27
8764 18
8765 25
8766 26
8767 23
8768 22
8769 18
8770 24
8771 20
8772 16
8773 23
8774 19
8775 17
8776 22
8777 19
8778 19
8779 16
8780 18
8781 34
8782 23
8783 23
8784 17
8785 20
8786 20
8787 28
8788 26
8789 21
8790 20
8791 26
8792 27
8793 19
8794 20
8795 18
8796 23
8797 21
8798 22
8799 22
8800 24
8801 22
8802 21
8803 20
8804 18
8805 25
8806 25
8807 24
8808 23
8809 20
8810 20
8811 27
8812 17
8813 14
8814 24
8815 12
8816 15
8817 22
8818 23
8819 24
8820 30
8821 28
8822 16
8823 29
8824 19
8825 22
8826 14
8827 18
8828 19
8829 22
8830 14
8831 22
8832 20
8833 30
8834 24
8835 26
8836 16
8837 18
8838 22
8839 20
8840 18
8841 21
8842 28
8843 12
8844 20
8845 14
8846 21
8847 24
8848 25
8849 26
8850 19
8851 20
8852 22
8853 23
8854 27
8855 25
8856 17
8857 20
8858 20
8859 18
8860 23
8861 27
8862 13
8863 22
8864 17
8865 28
8866 21
8867 20
8868 14
8869 19
8870 19
8871 33
8872 15
8873 22
8874 23
8875 23
8876 25
8877 20
8878 27
8879 21
8880 27
8881 18
8882 18
8883 15
8884 22
8885 26
8886 15
8887 23
8888 17
8889 21
8890 19
8891 24
8892 21
8893 23
8894 23
8895 16
8896 22
8897 14
8898 31
8899 25
8900 17
8901 13
8902 19
8903 20
8904 23
8905 30
8906 27
8907 19
8908 23
8909 22
8910 19
8911 13
8912 19
8913 23
8914 31
8915 17
8916 23
8917 14
8918 21
8919 22
8920 16
8921 17
8922 19
8923 20
8924 24
8925 21
8926 19
8927 16
8928 19
8929 17
8930 23
8931 29
8932 17
8933 26
8934 25
8935 19
8936 15
8937 17
8938 27
8939 15
8940 19
8941 22
8942 14
8943 14
8944 20
8945 26
8946 19
8947 23
8948 20
8949 17
8950 25
8951 18
8952 18
8953 20
8954 22
8955 24
8956 27
8957 25
8958 28
8959 20
8960 19
8961 19
8962 23
8963 10
8964 18
8965 27
8966 17
8967 26
8968 22
8969 15
8970 16
8971 24
8972 13
8973 23
8974 25
8975 21
8976 25
8977 28
8978 27
8979 17
8980 22
8981 26
8982 19
8983 15
8984 18
8985 17
8986 17
8987 20
8988 16
8989 22
8990 22
8991 24
8992 14
8993 17
8994 21
8995 20
8996 26
8997 31
8998 15
8999 11
9000 25
9001 20
9002 29
9003 22
9004 29
9005 25
9006 22
9007 26
9008 26
9009 23
9010 21
9011 17
9012 28
9013 22
9014 21
9015 19
9016 27
9017 19
9018 19
9019 16
9020 14
9021 20
9022 25
9023 20
9024 21
9025 24
9026 19
9027 20
9028 23
9029 23
9030 19
9031 19
9032 20
9033 18
9034 25
9035 34
9036 23
9037 20
9038 23
9039 23
9040 15
9041 20
9042 20
9043 16
9044 17
9045 21
9046 27
9047 15
9048 17
9049 20
9050 21
9051 23
9052 18
9053 21
9054 20
9055 20
9056 26
9057 26
9058 22
9059 27
9060 15
9061 30
9062 13
9063 20
9064 21
9065 16
9066 14
9067 23
9068 21
9069 23
9070 21
9071 23
9072 14
9073 25
9074 21
9075 24
9076 25
9077 14
9078 16
9079 26
9080 16
9081 23
9082 18
9083 19
9084 20
9085 28
9086 23
9087 20
9088 18
9089 20
9090 19
9091 12
9092 23
9093 18
9094 18
9095 17
9096 28
9097 27
9098 11
9099 18
9100 22
9101 24
9102 17
9103 24
9104 27
9105 21
9106 26
9107 20
9108 25
9109 19
9110 24
9111 19
9112 24
9113 20
9114 17
9115 13
9116 20
9117 17
9118 19
9119 20
9120 18
9121 16
9122 14
9123 18
9124 13
9125 6
9126 25
9127 13
9128 26
9129 22
9130 25
9131 16
9132 20
9133 28
9134 20
9135 20
9136 22
9137 24
9138 19
9139 14
9140 19
9141 17
9142 17
9143 24
9144 29
9145 20
9146 24
9147 13
9148 18
9149 22
9150 18
9151 17
9152 18
9153 14
9154 21
9155 13
9156 20
9157 17
9158 20
9159 22
9160 14
9161 17
9162 24
9163 20
9164 22
9165 26
9166 24
9167 16
9168 25
9169 27
9170 20
9171 16
9172 15
9173 21
9174 24
9175 23
9176 23
9177 21
9178 25
9179 26
9180 25
9181 22
9182 18
9183 32
9184 19
9185 18
9186 14
9187 21
9188 15
9189 15
9190 17
9191 27
9192 15
9193 19
9194 19
9195 17
9196 26
9197 15
9198 20
9199 19
9200 24
9201 24
9202 24
9203 18
9204 23
9205 21
9206 23
9207 18
9208 14
9209 23
9210 15
9211 27
9212 25
9213 21
9214 16
9215 15
9216 16
9217 27
9218 18
9219 20
9220 24
9221 20
9222 21
9223 28
9224 19
9225 24
9226 17
9227 16
9228 17
9229 27
9230 21
9231 22
9232 22
9233 17
9234 11
9235 19
9236 14
9237 20
9238 13
9239 28
9240 25
9241 20
9242 17
9243 14
9244 15
9245 22
9246 24
9247 21
9248 14
9249 15
9250 14
9251 18
9252 21
9253 19
9254 23
9255 22
9256 20
9257 23
9258 20
9259 18
9260 19
9261 17
9262 26
9263 12
9264 18
9265 22
9266 23
9267 15
9268 23
9269 16
9270 17
9271 17
9272 15
9273 23
9274 17
9275 22
9276 19
9277 30
9278 23
9279 23
9280 23
9281 17
9282 16
9283 19
9284 19
9285 22
9286 24
9287 17
9288 22
9289 20
9290 20
9291 14
9292 24
9293 21
9294 14
9295 23
9296 23
9297 13
9298 15
9299 23
9300 24
9301 19
9302 20
9303 20
9304 23
9305 19
9306 25
9307 14
9308 32
9309 19
9310 17
9311 25
9312 26
9313 25
9314 21
9315 23
9316 28
9317 20
9318 20
9319 18
9320 17
9321 21
9322 24
9323 17
9324 23
9325 19
9326 24
9327 17
9328 18
9329 12
9330 25
9331 17
9332 24
9333 18
9334 18
9335 19
9336 24
9337 18
9338 27
9339 16
9340 25
9341 28
9342 22
9343 19
9344 17
9345 15
9346 22
9347 23
9348 26
9349 12
9350 16
9351 18
9352 26
9353 22
9354 8
9355 18
9356 20
9357 25
9358 27
9359 33
9360 17
9361 16
9362 20
9363 19
9364 15
9365 23
9366 20
9367 19
9368 17
9369 16
9370 14
9371 17
9372 21
9373 13
9374 17
9375 26
9376 18
9377 17
9378 22
9379 23
9380 17
9381 21
9382 15
9383 26
9384 16
9385 21
9386 15
9387 23
9388 28
9389 30
9390 25
9391 23
9392 14
9393 22
9394 20
9395 19
9396 21
9397 14
9398 24
9399 11
9400 13
9401 19
9402 22
9403 17
9404 22
9405 22
9406 18
9407 9
9408 22
9409 22
9410 19
9411 20
9412 22
9413 22
9414 18
9415 18
9416 17
9417 27
9418 23
9419 17
9420 21
9421 21
9422 23
9423 23
9424 25
9425 18
9426 22
9427 19
9428 22
9429 21
9430 19
9431 17
9432 24
9433 22
9434 17
9435 18
9436 22
9437 22
9438 28
9439 16
9440 19
9441 21
9442 19
9443 24
9444 26
9445 16
9446 19
9447 17
9448 21
9449 14
9450 19
9451 17
9452 22
9453 25
9454 15
9455 21
9456 9
9457 22
9458 14
9459 18
9460 19
9461 16
9462 14
9463 11
9464 14
9465 15
9466 12
9467 19
9468 22
9469 16
9470 24
9471 19
9472 16
9473 13
9474 17
9475 20
9476 18
9477 17
9478 25
9479 21
9480 17
9481 25
9482 21
9483 27
9484 17
9485 18
9486 19
9487 20
9488 20
9489 22
9490 16
9491 16
9492 28
9493 24
9494 17
9495 16
9496 21
9497 18
9498 21
9499 22
9500 16
9501 18
9502 17
9503 13
9504 22
9505 18
9506 14
9507 29
9508 24
9509 19
9510 24
9511 21
9512 18
9513 15
9514 28
9515 17
9516 16
9517 24
9518 23
9519 22
9520 20
9521 16
9522 21
9523 15
9524 19
9525 21
9526 22
9527 31
9528 28
9529 19
9530 24
9531 17
9532 25
9533 19
9534 13
9535 18
9536 24
9537 30
9538 15
9539 26
9540 28
9541 9
9542 15
9543 21
9544 26
9545 12
9546 16
9547 24
9548 23
9549 22
9550 19
9551 11
9552 20
9553 24
9554 24
9555 18
9556 19
9557 17
9558 20
9559 28
9560 13
9561 18
9562 22
9563 23
9564 17
9565 19
9566 25
9567 22
9568 19
9569 24
9570 20
9571 12
9572 25
9573 16
9574 13
9575 19
9576 15
9577 18
9578 17
9579 25
9580 21
9581 18
9582 22
9583 17
9584 13
9585 22
9586 12
9587 21
9588 16
9589 29
9590 21
9591 14
9592 22
9593 15
9594 22
9595 17
9596 16
9597 16
9598 23
9599 24
9600 20
9601 17
9602 28
9603 14
9604 23
9605 23
9606 15
9607 19
9608 15
9609 25
9610 10
9611 18
9612 15
9613 22
9614 19
9615 21
9616 25
9617 14
9618 20
9619 24
9620 13
9621 17
9622 24
9623 28
9624 19
9625 16
9626 18
9627 19
9628 13
9629 21
9630 25
9631 13
9632 18
9633 23
9634 15
9635 27
9636 20
9637 18
9638 20
9639 22
9640 22
9641 22
9642 25
9643 19
9644 15
9645 18
9646 24
9647 20
9648 18
9649 16
9650 22
9651 11
9652 20
9653 17
9654 22
9655 26
9656 24
9657 29
9658 28
9659 17
9660 17
9661 18
9662 17
9663 15
9664 20
9665 19
9666 17
9667 16
9668 25
9669 20
9670 17
9671 21
9672 19
9673 21
9674 19
9675 24
9676 15
9677 15
9678 22
9679 22
9680 20
9681 16
9682 16
9683 14
9684 15
9685 34
9686 20
9687 19
9688 30
9689 13
9690 19
9691 22
9692 20
9693 19
9694 19
9695 15
9696 25
9697 22
9698 20
9699 22
9700 16
9701 25
9702 18
9703 21
9704 23
9705 22
9706 13
9707 14
9708 20
9709 21
9710 25
9711 21
9712 20
9713 17
9714 15
9715 15
9716 29
9717 14
9718 19
9719 18
9720 19
9721 19
9722 15
9723 30
9724 15
9725 18
9726 21
9727 20
9728 14
9729 16
9730 21
9731 20
9732 23
9733 17
9734 18
9735 20
9736 15
9737 17
9738 15
9739 25
9740 21
9741 22
9742 16
9743 20
9744 20
9745 17
9746 27
9747 19
9748 15
9749 23
9750 19
9751 17
9752 21
9753 17
9754 20
9755 22
9756 26
9757 19
9758 15
9759 16
9760 15
9761 20
9762 22
9763 16
9764 22
9765 16
9766 11
9767 18
9768 25
9769 13
9770 12
9771 17
9772 29
9773 19
9774 20
9775 15
9776 23
9777 17
9778 22
9779 16
9780 9
9781 20
9782 32
9783 24
9784 14
9785 16
9786 18
9787 18
9788 24
9789 24
9790 22
9791 16
9792 20
9793 17
9794 20
9795 21
9796 24
9797 14
9798 25
9799 16
9800 21
9801 27
9802 20
9803 26
9804 17
9805 17
9806 19
9807 17
9808 30
9809 20
9810 22
9811 25
9812 19
9813 19
9814 21
9815 12
9816 27
9817 18
9818 16
9819 18
9820 21
9821 16
9822 21
9823 27
9824 18
9825 21
9826 16
9827 26
9828 20
9829 11
9830 22
9831 16
9832 28
9833 26
9834 19
9835 20
9836 17
9837 25
9838 20
9839 16
9840 20
9841 19
9842 26
9843 22
9844 30
9845 20
9846 21
9847 20
9848 20
9849 17
9850 19
9851 16
9852 27
9853 18
9854 17
9855 19
9856 25
9857 20
9858 28
9859 16
9860 19
9861 20
9862 25
9863 23
9864 24
9865 10
9866 17
9867 24
9868 27
9869 25
9870 12
9871 15
9872 17
9873 17
9874 18
9875 23
9876 20
9877 17
9878 11
9879 28
9880 25
9881 19
9882 26
9883 12
9884 21
9885 20
9886 19
9887 17
9888 15
9889 18
9890 21
9891 15
9892 20
9893 34
9894 24
9895 19
9896 20
9897 23
9898 16
9899 22
9900 26
9901 23
9902 16
9903 14
9904 20
9905 17
9906 17
9907 13
9908 16
9909 22
9910 16
9911 19
9912 21
9913 18
9914 21
9915 19
9916 20
9917 24
9918 14
9919 20
9920 21
9921 29
9922 24
9923 15
9924 16
9925 22
9926 23
9927 19
9928 20
9929 14
9930 18
9931 19
9932 16
9933 26
9934 19
9935 22
9936 19
9937 18
9938 26
9939 20
9940 18
9941 25
9942 19
9943 20
9944 13
9945 20
9946 19
9947 16
9948 20
9949 23
9950 17
9951 19
9952 25
9953 31
9954 13
9955 22
9956 25
9957 20
9958 27
9959 18
9960 15
9961 20
9962 22
9963 29
9964 18
9965 12
9966 13
9967 19
9968 17
9969 16
9970 16
9971 14
9972 21
9973 19
9974 24
9975 15
9976 14
9977 17
9978 23
9979 15
9980 18
9981 17
9982 16
9983 10
9984 15
9985 15
9986 18
9987 20
9988 24
9989 17
9990 28
9991 21
9992 19
9993 17
9994 13
9995 20
9996 22
9997 16
9998 12
9999 19
10000 20
10001 88031
