2 302646491
3 77419584
4 43327139
5 37143522
6 39538829
7 45029273
8 50876901
9 55253692
10 57328625
11 57312127
12 55949475
13 54388610
14 53369106
15 53423375
16 54638150
17 56585930
18 58703449
19 60258983
20 60822837
21 59981875
22 57671264
23 53991689
24 49185576
25 43680488
26 37868284
27 32108801
28 26684316
29 21817483
30 17608020
31 14092772
32 11259972
33 9018962
34 7321137
35 6045062
36 5111024
37 4433732
38 3946037
39 3590363
40 3327124
41 3131419
42 2963849
43 2818352
44 2680608
45 2553416
46 2430794
47 2294566
48 2162146
49 2035635
50 1910701
51 1785016
52 1668183
53 1558876
54 1456070
55 1366223
56 1282417
57 1204667
58 1134469
59 1075942
60 1021997
61 972874
62 926842
63 889368
64 854063
65 820830
66 790773
67 762157
68 734140
69 709438
70 683115
71 658468
72 634034
73 610637
74 588519
75 567507
76 546308
77 528347
78 510167
79 493410
80 475769
81 460216
82 445192
83 430389
84 418559
85 405984
86 393392
87 382010
88 369393
89 358690
90 348194
91 338897
92 329196
93 320762
94 311234
95 302810
96 295867
97 288536
98 280572
99 273178
100 265506
101 258966
102 252192
103 246602
104 239415
105 234793
106 228152
107 222426
108 217001
109 211572
110 207268
111 201558
112 197484
113 193764
114 189665
115 185619
116 180823
117 177037
118 173505
119 170264
120 166759
121 163585
122 160671
123 156715
124 154021
125 149915
126 147401
127 144513
128 141546
129 138511
130 135989
131 134087
132 130917
133 128449
134 126713
135 124308
136 122039
137 120332
138 117998
139 115388
140 112864
141 111022
142 109207
143 106819
144 105944
145 104200
146 102406
147 100633
148 98292
149 96870
150 95731
151 94078
152 92744
153 90865
154 89816
155 88401
156 86544
157 84703
158 83500
159 82179
160 80896
161 79331
162 78892
163 77440
164 76505
165 75335
166 74506
167 73043
168 72310
169 70438
170 69788
171 68378
172 68421
173 66687
174 66393
175 65177
176 64015
177 63316
178 62358
179 61538
180 60646
181 59939
182 59773
183 58353
184 57803
185 56980
186 56269
187 55812
188 54795
189 54171
190 53727
191 52932
192 52171
193 51340
194 50433
195 50441
196 48967
197 49122
198 48240
199 48048
200 47389
201 47009
202 46388
203 45668
204 44927
205 44683
206 43804
207 43472
208 42879
209 42168
210 41700
211 41493
212 40783
213 40468
214 40134
215 39619
216 39254
217 38498
218 38551
219 37728
220 37823
221 37198
222 36580
223 36417
224 36019
225 35786
226 35145
227 35002
228 34356
229 34327
230 33968
231 33265
232 33128
233 32783
234 32748
235 31928
236 31977
237 31256
238 31075
239 30245
240 30345
241 29952
242 30185
243 29523
244 29352
245 28874
246 28938
247 28209
248 28052
249 28258
250 27493
251 27386
252 27121
253 26331
254 26584
255 26534
256 25896
257 25838
258 25792
259 25488
260 25221
261 25074
262 24791
263 24788
264 24369
265 24324
266 23834
267 23693
268 23315
269 23141
270 22823
271 22936
272 22682
273 22635
274 22406
275 21898
276 21734
277 21706
278 21394
279 21450
280 21090
281 21017
282 20885
283 20917
284 20760
285 20521
286 20752
287 20286
288 20046
289 20029
290 19339
291 19379
292 19361
293 19543
294 19192
295 18976
296 18692
297 18800
298 18541
299 18489
300 18367
301 18201
302 18085
303 17791
304 17919
305 17548
306 17481
307 17470
308 17289
309 17287
310 17111
311 16906
312 16890
313 16717
314 16590
315 16640
316 16560
317 16352
318 16003
319 15801
320 15834
321 15871
322 15706
323 15297
324 15578
325 15343
326 15320
327 15245
328 15031
329 15185
330 15105
331 14725
332 14986
333 14486
334 14533
335 14488
336 14460
337 14334
338 14133
339 14235
340 14083
341 13940
342 13614
343 13652
344 13629
345 13528
346 13462
347 13390
348 13308
349 13172
350 13249
351 13022
352 13132
353 12756
354 12727
355 12736
356 12721
357 12475
358 12429
359 12456
360 12222
361 12216
362 12242
363 12022
364 12131
365 12000
366 12106
367 12069
368 11908
369 11556
370 11672
371 11532
372 11378
373 11403
374 11385
375 11399
376 11317
377 11069
378 11160
379 11089
380 10971
381 10988
382 11026
383 11040
384 10766
385 10458
386 10685
387 10570
388 10517
389 10446
390 10268
391 10619
392 10116
393 10254
394 10185
395 10014
396 10008
397 10043
398 10057
399 9708
400 9886
401 9546
402 9885
403 9654
404 9676
405 9492
406 9498
407 9540
408 9343
409 9403
410 9349
411 9413
412 9231
413 9220
414 9246
415 8988
416 9077
417 8952
418 9041
419 9036
420 8773
421 8847
422 8807
423 8646
424 8543
425 8727
426 8453
427 8433
428 8473
429 8321
430 8295
431 8367
432 8160
433 8312
434 8363
435 8188
436 8137
437 8132
438 8202
439 8154
440 8155
441 8026
442 7946
443 8101
444 7981
445 7837
446 7763
447 7856
448 7824
449 7707
450 7665
451 7634
452 7487
453 7607
454 7439
455 7375
456 7575
457 7366
458 7403
459 7298
460 7321
461 7379
462 7310
463 7255
464 7279
465 6968
466 7200
467 7236
468 7110
469 7052
470 7085
471 6923
472 7114
473 7092
474 6873
475 6997
476 6804
477 6810
478 6832
479 6652
480 6728
481 6674
482 6852
483 6693
484 6655
485 6808
486 6790
487 6854
488 6768
489 6675
490 6609
491 6800
492 6580
493 6683
494 6663
495 6715
496 6616
497 6644
498 6614
499 6568
500 6451
501 6714
502 6437
503 6535
504 6516
505 6685
506 6559
507 6615
508 6608
509 6533
510 6527
511 6613
512 6400
513 6506
514 6612
515 6450
516 6421
517 6463
518 6336
519 6591
520 6350
521 6485
522 6429
523 6444
524 6329
525 6403
526 6501
527 6535
528 6445
529 6421
530 6296
531 6368
532 6430
533 6387
534 6279
535 6362
536 6473
537 6300
538 6312
539 6343
540 6454
541 6342
542 6397
543 6323
544 6259
545 6364
546 6305
547 6360
548 6321
549 6294
550 6499
551 6358
552 6249
553 6355
554 6142
555 6326
556 6277
557 6283
558 6361
559 6338
560 6183
561 6366
562 6246
563 6380
564 6334
565 6290
566 6385
567 6543
568 6430
569 6509
570 6461
571 6382
572 6434
573 6438
574 6293
575 6336
576 6460
577 6425
578 6357
579 6558
580 6278
581 6563
582 6452
583 6406
584 6570
585 6608
586 6456
587 6497
588 6435
589 6553
590 6595
591 6385
592 6513
593 6488
594 6477
595 6504
596 6684
597 6480
598 6565
599 6521
600 6638
601 6439
602 6436
603 6429
604 6502
605 6627
606 6559
607 6598
608 6412
609 6453
610 6474
611 6540
612 6557
613 6553
614 6457
615 6345
616 6459
617 6412
618 6568
619 6454
620 6569
621 6622
622 6390
623 6344
624 6479
625 6362
626 6296
627 6437
628 6384
629 6379
630 6254
631 6268
632 6236
633 6308
634 6253
635 6172
636 6206
637 6354
638 6211
639 6107
640 6187
641 6058
642 6081
643 6314
644 6056
645 6044
646 6092
647 6122
648 5920
649 6056
650 6036
651 6048
652 6034
653 6009
654 6103
655 6100
656 5812
657 5901
658 5909
659 6086
660 5939
661 5927
662 5910
663 5949
664 5713
665 5920
666 5854
667 5854
668 5862
669 5769
670 5752
671 5659
672 5848
673 5766
674 5684
675 5633
676 5674
677 5677
678 5703
679 5659
680 5588
681 5667
682 5522
683 5554
684 5589
685 5616
686 5462
687 5449
688 5471
689 5399
690 5320
691 5376
692 5400
693 5250
694 5203
695 5259
696 5181
697 5319
698 5315
699 5199
700 5018
701 5141
702 5062
703 5109
704 5123
705 5091
706 5088
707 5002
708 5027
709 5037
710 5123
711 4939
712 4936
713 4881
714 4974
715 4963
716 4795
717 4802
718 4895
719 4895
720 4776
721 4705
722 4742
723 4695
724 4724
725 4658
726 4593
727 4645
728 4597
729 4637
730 4611
731 4614
732 4654
733 4359
734 4425
735 4375
736 4421
737 4370
738 4424
739 4343
740 4331
741 4332
742 4232
743 4263
744 4222
745 4122
746 4274
747 4061
748 4124
749 4050
750 4097
751 4124
752 4003
753 4037
754 3950
755 4094
756 4014
757 3972
758 3940
759 3897
760 3808
761 3896
762 3736
763 3718
764 3758
765 3772
766 3733
767 3768
768 3727
769 3647
770 3592
771 3554
772 3638
773 3572
774 3499
775 3672
776 3606
777 3490
778 3567
779 3541
780 3412
781 3373
782 3534
783 3361
784 3435
785 3290
786 3292
787 3286
788 3307
789 3367
790 3224
791 3263
792 3137
793 3189
794 3330
795 3227
796 3091
797 3121
798 3028
799 3056
800 3092
801 3045
802 2977
803 2931
804 3046
805 2992
806 2907
807 2895
808 2903
809 2945
810 2937
811 2785
812 2839
813 2868
814 2933
815 2750
816 2801
817 2858
818 2811
819 2833
820 2721
821 2754
822 2770
823 2809
824 2765
825 2685
826 2731
827 2775
828 2694
829 2720
830 2747
831 2663
832 2811
833 2680
834 2634
835 2661
836 2661
837 2644
838 2661
839 2551
840 2622
841 2605
842 2588
843 2530
844 2553
845 2553
846 2611
847 2433
848 2606
849 2420
850 2399
851 2435
852 2490
853 2482
854 2550
855 2393
856 2423
857 2469
858 2451
859 2446
860 2390
861 2452
862 2322
863 2436
864 2392
865 2389
866 2322
867 2437
868 2340
869 2262
870 2323
871 2334
872 2305
873 2338
874 2258
875 2247
876 2332
877 2190
878 2209
879 2243
880 2172
881 2169
882 2303
883 2259
884 2221
885 2176
886 2252
887 2194
888 2062
889 2195
890 2148
891 2192
892 2140
893 2218
894 2192
895 2111
896 2212
897 2142
898 2149
899 2102
900 2055
901 2102
902 2062
903 2083
904 2049
905 2041
906 2041
907 2090
908 2073
909 2068
910 1946
911 2011
912 1974
913 1995
914 1971
915 1967
916 1982
917 2070
918 1969
919 1934
920 1918
921 1977
922 1907
923 1959
924 1999
925 2008
926 2113
927 1921
928 1876
929 1916
930 1941
931 1965
932 1901
933 1926
934 1932
935 1836
936 1882
937 1860
938 1931
939 1814
940 1811
941 1869
942 1868
943 1885
944 1798
945 1814
946 1852
947 1802
948 1814
949 1875
950 1783
951 1781
952 1816
953 1833
954 1800
955 1739
956 1728
957 1792
958 1793
959 1768
960 1784
961 1751
962 1814
963 1805
964 1769
965 1755
966 1668
967 1737
968 1770
969 1765
970 1765
971 1797
972 1802
973 1718
974 1740
975 1717
976 1734
977 1752
978 1693
979 1761
980 1693
981 1625
982 1640
983 1706
984 1631
985 1675
986 1663
987 1677
988 1628
989 1656
990 1666
991 1681
992 1644
993 1620
994 1652
995 1595
996 1687
997 1609
998 1613
999 1592
1000 1500
1001 1653
1002 1616
1003 1586
1004 1522
1005 1596
1006 1584
1007 1650
1008 1637
1009 1619
1010 1538
1011 1533
1012 1706
1013 1584
1014 1615
1015 1545
1016 1663
1017 1515
1018 1529
1019 1601
1020 1625
1021 1629
1022 1614
1023 1537
1024 1563
1025 1548
1026 1582
1027 1662
1028 1598
1029 1547
1030 1560
1031 1607
1032 1548
1033 1553
1034 1575
1035 1456
1036 1536
1037 1591
1038 1494
1039 1530
1040 1526
1041 1479
1042 1446
1043 1541
1044 1524
1045 1538
1046 1513
1047 1481
1048 1569
1049 1476
1050 1532
1051 1498
1052 1452
1053 1486
1054 1461
1055 1504
1056 1483
1057 1510
1058 1470
1059 1514
1060 1517
1061 1488
1062 1446
1063 1437
1064 1489
1065 1397
1066 1440
1067 1441
1068 1493
1069 1455
1070 1429
1071 1419
1072 1391
1073 1343
1074 1489
1075 1444
1076 1432
1077 1408
1078 1395
1079 1486
1080 1422
1081 1404
1082 1392
1083 1446
1084 1322
1085 1388
1086 1370
1087 1439
1088 1362
1089 1318
1090 1388
1091 1314
1092 1333
1093 1384
1094 1414
1095 1345
1096 1317
1097 1305
1098 1311
1099 1291
1100 1320
1101 1281
1102 1333
1103 1321
1104 1274
1105 1290
1106 1273
1107 1254
1108 1285
1109 1268
1110 1295
1111 1303
1112 1327
1113 1270
1114 1253
1115 1285
1116 1355
1117 1260
1118 1292
1119 1291
1120 1248
1121 1190
1122 1217
1123 1302
1124 1282
1125 1228
1126 1253
1127 1296
1128 1235
1129 1300
1130 1221
1131 1245
1132 1155
1133 1256
1134 1202
1135 1217
1136 1209
1137 1263
1138 1255
1139 1254
1140 1238
1141 1157
1142 1207
1143 1201
1144 1218
1145 1155
1146 1134
1147 1200
1148 1213
1149 1260
1150 1209
1151 1155
1152 1137
1153 1163
1154 1198
1155 1103
1156 1152
1157 1166
1158 1190
1159 1153
1160 1125
1161 1083
1162 1122
1163 1122
1164 1132
1165 1117
1166 1179
1167 1165
1168 1165
1169 1160
1170 1094
1171 1147
1172 1131
1173 1057
1174 1146
1175 1039
1176 1065
1177 1088
1178 1041
1179 1119
1180 1089
1181 1096
1182 1066
1183 1105
1184 1115
1185 1089
1186 1027
1187 1076
1188 1070
1189 1062
1190 1151
1191 1060
1192 1121
1193 1039
1194 1034
1195 1037
1196 1066
1197 1057
1198 1026
1199 1099
1200 1071
1201 1040
1202 1078
1203 1036
1204 1063
1205 1009
1206 1066
1207 952
1208 1077
1209 1072
1210 1023
1211 1068
1212 1041
1213 1063
1214 995
1215 1030
1216 1044
1217 1039
1218 1009
1219 1018
1220 1037
1221 1049
1222 1019
1223 1001
1224 998
1225 1044
1226 1025
1227 1021
1228 1054
1229 1028
1230 1025
1231 978
1232 985
1233 959
1234 912
1235 981
1236 1072
1237 964
1238 993
1239 986
1240 953
1241 996
1242 934
1243 994
1244 932
1245 897
1246 936
1247 938
1248 959
1249 944
1250 982
1251 990
1252 974
1253 934
1254 899
1255 968
1256 922
1257 919
1258 906
1259 874
1260 958
1261 901
1262 929
1263 942
1264 897
1265 896
1266 889
1267 900
1268 881
1269 894
1270 904
1271 965
1272 905
1273 954
1274 892
1275 924
1276 897
1277 881
1278 845
1279 911
1280 864
1281 942
1282 907
1283 971
1284 894
1285 806
1286 889
1287 896
1288 843
1289 938
1290 853
1291 863
1292 922
1293 860
1294 882
1295 894
1296 914
1297 808
1298 809
1299 843
1300 868
1301 838
1302 861
1303 793
1304 863
1305 908
1306 822
1307 838
1308 881
1309 842
1310 843
1311 882
1312 849
1313 871
1314 859
1315 836
1316 837
1317 873
1318 819
1319 841
1320 849
1321 846
1322 780
1323 817
1324 791
1325 855
1326 838
1327 831
1328 832
1329 820
1330 798
1331 859
1332 847
1333 815
1334 843
1335 837
1336 830
1337 817
1338 831
1339 895
1340 761
1341 803
1342 832
1343 829
1344 825
1345 825
1346 781
1347 787
1348 754
1349 761
1350 821
1351 810
1352 825
1353 823
1354 780
1355 810
1356 781
1357 789
1358 849
1359 714
1360 766
1361 792
1362 761
1363 797
1364 770
1365 770
1366 750
1367 785
1368 782
1369 728
1370 732
1371 732
1372 748
1373 778
1374 745
1375 723
1376 746
1377 734
1378 714
1379 758
1380 681
1381 759
1382 750
1383 680
1384 740
1385 706
1386 708
1387 763
1388 704
1389 716
1390 721
1391 712
1392 757
1393 671
1394 738
1395 709
1396 648
1397 744
1398 741
1399 714
1400 712
1401 727
1402 680
1403 681
1404 677
1405 717
1406 671
1407 717
1408 698
1409 686
1410 693
1411 734
1412 649
1413 709
1414 680
1415 699
1416 690
1417 659
1418 680
1419 668
1420 734
1421 697
1422 691
1423 692
1424 715
1425 714
1426 628
1427 685
1428 719
1429 684
1430 631
1431 698
1432 625
1433 668
1434 636
1435 641
1436 659
1437 659
1438 689
1439 694
1440 675
1441 650
1442 665
1443 604
1444 653
1445 700
1446 652
1447 672
1448 671
1449 679
1450 677
1451 643
1452 594
1453 666
1454 607
1455 624
1456 653
1457 689
1458 675
1459 689
1460 646
1461 633
1462 651
1463 644
1464 623
1465 652
1466 646
1467 644
1468 643
1469 654
1470 648
1471 604
1472 655
1473 635
1474 674
1475 636
1476 619
1477 646
1478 590
1479 619
1480 653
1481 646
1482 675
1483 630
1484 618
1485 649
1486 628
1487 668
1488 609
1489 692
1490 675
1491 601
1492 643
1493 690
1494 647
1495 668
1496 608
1497 587
1498 662
1499 636
1500 636
1501 613
1502 653
1503 600
1504 586
1505 635
1506 643
1507 658
1508 654
1509 609
1510 577
1511 620
1512 576
1513 672
1514 598
1515 580
1516 615
1517 642
1518 601
1519 588
1520 584
1521 660
1522 594
1523 621
1524 603
1525 597
1526 571
1527 588
1528 637
1529 644
1530 573
1531 533
1532 586
1533 602
1534 579
1535 586
1536 581
1537 631
1538 622
1539 586
1540 569
1541 582
1542 590
1543 602
1544 558
1545 615
1546 585
1547 564
1548 576
1549 595
1550 593
1551 566
1552 582
1553 542
1554 589
1555 560
1556 567
1557 577
1558 582
1559 608
1560 536
1561 544
1562 542
1563 581
1564 568
1565 612
1566 540
1567 576
1568 529
1569 555
1570 610
1571 536
1572 555
1573 601
1574 557
1575 552
1576 539
1577 545
1578 548
1579 506
1580 555
1581 542
1582 584
1583 559
1584 532
1585 527
1586 547
1587 545
1588 521
1589 522
1590 558
1591 560
1592 545
1593 569
1594 517
1595 548
1596 552
1597 511
1598 496
1599 515
1600 541
1601 507
1602 526
1603 479
1604 513
1605 540
1606 520
1607 523
1608 529
1609 545
1610 545
1611 562
1612 511
1613 517
1614 520
1615 536
1616 512
1617 516
1618 518
1619 548
1620 537
1621 558
1622 540
1623 524
1624 511
1625 517
1626 502
1627 520
1628 506
1629 544
1630 503
1631 510
1632 488
1633 497
1634 489
1635 478
1636 507
1637 539
1638 502
1639 516
1640 512
1641 498
1642 486
1643 518
1644 489
1645 538
1646 535
1647 504
1648 479
1649 491
1650 501
1651 491
1652 508
1653 489
1654 444
1655 486
1656 500
1657 529
1658 484
1659 504
1660 492
1661 493
1662 504
1663 538
1664 476
1665 468
1666 457
1667 493
1668 506
1669 487
1670 494
1671 511
1672 482
1673 500
1674 489
1675 497
1676 486
1677 490
1678 518
1679 503
1680 462
1681 483
1682 480
1683 485
1684 481
1685 497
1686 460
1687 491
1688 490
1689 491
1690 475
1691 491
1692 490
1693 491
1694 494
1695 478
1696 493
1697 452
1698 472
1699 509
1700 438
1701 451
1702 464
1703 468
1704 465
1705 507
1706 448
1707 470
1708 446
1709 477
1710 437
1711 452
1712 470
1713 465
1714 456
1715 455
1716 459
1717 491
1718 459
1719 445
1720 452
1721 486
1722 453
1723 437
1724 458
1725 475
1726 446
1727 473
1728 486
1729 485
1730 453
1731 485
1732 469
1733 449
1734 438
1735 467
1736 467
1737 499
1738 476
1739 435
1740 404
1741 445
1742 431
1743 447
1744 411
1745 447
1746 441
1747 431
1748 469
1749 419
1750 435
1751 454
1752 449
1753 430
1754 431
1755 492
1756 422
1757 477
1758 461
1759 401
1760 459
1761 425
1762 460
1763 456
1764 440
1765 429
1766 431
1767 442
1768 453
1769 464
1770 424
1771 432
1772 460
1773 418
1774 434
1775 450
1776 430
1777 454
1778 441
1779 423
1780 432
1781 447
1782 467
1783 456
1784 449
1785 442
1786 456
1787 412
1788 428
1789 408
1790 431
1791 429
1792 428
1793 429
1794 408
1795 410
1796 431
1797 407
1798 423
1799 418
1800 423
1801 404
1802 416
1803 417
1804 462
1805 424
1806 445
1807 422
1808 432
1809 425
1810 412
1811 438
1812 460
1813 416
1814 422
1815 411
1816 401
1817 461
1818 435
1819 419
1820 437
1821 413
1822 432
1823 418
1824 378
1825 443
1826 411
1827 387
1828 449
1829 383
1830 399
1831 428
1832 421
1833 418
1834 421
1835 380
1836 364
1837 424
1838 393
1839 418
1840 436
1841 408
1842 421
1843 411
1844 390
1845 368
1846 398
1847 402
1848 379
1849 399
1850 375
1851 401
1852 379
1853 387
1854 386
1855 400
1856 370
1857 449
1858 434
1859 370
1860 406
1861 350
1862 383
1863 364
1864 419
1865 361
1866 356
1867 372
1868 370
1869 392
1870 357
1871 378
1872 374
1873 374
1874 421
1875 362
1876 369
1877 381
1878 382
1879 374
1880 377
1881 365
1882 392
1883 349
1884 375
1885 383
1886 383
1887 372
1888 401
1889 368
1890 369
1891 360
1892 391
1893 407
1894 358
1895 411
1896 377
1897 382
1898 368
1899 394
1900 361
1901 380
1902 358
1903 361
1904 415
1905 352
1906 377
1907 386
1908 395
1909 382
1910 368
1911 349
1912 343
1913 389
1914 365
1915 363
1916 387
1917 353
1918 330
1919 354
1920 380
1921 342
1922 363
1923 397
1924 358
1925 382
1926 341
1927 361
1928 410
1929 374
1930 360
1931 341
1932 380
1933 373
1934 367
1935 349
1936 341
1937 309
1938 343
1939 341
1940 352
1941 370
1942 336
1943 361
1944 360
1945 370
1946 352
1947 382
1948 352
1949 345
1950 350
1951 340
1952 339
1953 336
1954 353
1955 345
1956 387
1957 383
1958 329
1959 364
1960 326
1961 367
1962 373
1963 381
1964 374
1965 361
1966 361
1967 368
1968 355
1969 364
1970 353
1971 340
1972 357
1973 350
1974 349
1975 368
1976 347
1977 327
1978 337
1979 349
1980 377
1981 344
1982 346
1983 355
1984 357
1985 322
1986 365
1987 332
1988 321
1989 298
1990 346
1991 363
1992 332
1993 339
1994 340
1995 334
1996 334
1997 344
1998 354
1999 334
2000 361
2001 314
2002 350
2003 348
2004 322
2005 328
2006 340
2007 340
2008 318
2009 345
2010 333
2011 336
2012 332
2013 316
2014 335
2015 324
2016 356
2017 300
2018 334
2019 349
2020 329
2021 333
2022 375
2023 351
2024 313
2025 331
2026 351
2027 306
2028 325
2029 318
2030 304
2031 339
2032 309
2033 321
2034 326
2035 325
2036 315
2037 328
2038 315
2039 298
2040 320
2041 295
2042 306
2043 320
2044 331
2045 322
2046 291
2047 325
2048 324
2049 305
2050 307
2051 338
2052 323
2053 301
2054 312
2055 304
2056 339
2057 353
2058 309
2059 305
2060 301
2061 328
2062 313
2063 321
2064 327
2065 317
2066 326
2067 286
2068 330
2069 307
2070 304
2071 311
2072 326
2073 334
2074 328
2075 327
2076 336
2077 310
2078 312
2079 303
2080 316
2081 308
2082 298
2083 349
2084 337
2085 313
2086 310
2087 285
2088 282
2089 321
2090 288
2091 370
2092 303
2093 325
2094 298
2095 273
2096 294
2097 291
2098 298
2099 310
2100 308
2101 290
2102 293
2103 310
2104 326
2105 345
2106 300
2107 319
2108 319
2109 278
2110 329
2111 285
2112 303
2113 293
2114 293
2115 318
2116 299
2117 320
2118 284
2119 316
2120 322
2121 323
2122 272
2123 319
2124 281
2125 300
2126 307
2127 273
2128 304
2129 298
2130 283
2131 319
2132 305
2133 313
2134 309
2135 311
2136 280
2137 306
2138 311
2139 288
2140 310
2141 301
2142 306
2143 317
2144 294
2145 297
2146 281
2147 297
2148 319
2149 304
2150 254
2151 277
2152 311
2153 261
2154 286
2155 312
2156 311
2157 270
2158 288
2159 285
2160 284
2161 285
2162 305
2163 286
2164 286
2165 248
2166 299
2167 285
2168 279
2169 308
2170 291
2171 289
2172 298
2173 299
2174 287
2175 283
2176 297
2177 311
2178 311
2179 298
2180 294
2181 268
2182 296
2183 273
2184 281
2185 283
2186 282
2187 282
2188 289
2189 275
2190 272
2191 318
2192 263
2193 307
2194 312
2195 272
2196 287
2197 302
2198 286
2199 312
2200 282
2201 279
2202 269
2203 282
2204 265
2205 271
2206 256
2207 265
2208 287
2209 253
2210 270
2211 278
2212 282
2213 285
2214 280
2215 271
2216 248
2217 286
2218 260
2219 284
2220 297
2221 268
2222 270
2223 258
2224 278
2225 255
2226 270
2227 257
2228 283
2229 286
2230 296
2231 258
2232 279
2233 276
2234 265
2235 279
2236 286
2237 268
2238 256
2239 293
2240 229
2241 274
2242 263
2243 276
2244 251
2245 292
2246 263
2247 272
2248 265
2249 257
2250 285
2251 291
2252 252
2253 266
2254 260
2255 273
2256 249
2257 257
2258 238
2259 277
2260 281
2261 263
2262 261
2263 266
2264 240
2265 290
2266 268
2267 254
2268 253
2269 249
2270 270
2271 257
2272 247
2273 260
2274 241
2275 248
2276 267
2277 227
2278 253
2279 251
2280 275
2281 274
2282 248
2283 252
2284 254
2285 235
2286 237
2287 268
2288 282
2289 268
2290 249
2291 254
2292 249
2293 253
2294 265
2295 230
2296 250
2297 280
2298 257
2299 253
2300 278
2301 250
2302 228
2303 234
2304 252
2305 249
2306 258
2307 247
2308 268
2309 244
2310 229
2311 250
2312 257
2313 244
2314 236
2315 245
2316 274
2317 259
2318 230
2319 244
2320 257
2321 264
2322 257
2323 238
2324 248
2325 233
2326 251
2327 255
2328 243
2329 228
2330 220
2331 209
2332 241
2333 239
2334 218
2335 243
2336 264
2337 242
2338 254
2339 241
2340 247
2341 238
2342 248
2343 234
2344 239
2345 234
2346 261
2347 270
2348 255
2349 257
2350 232
2351 265
2352 258
2353 230
2354 266
2355 227
2356 230
2357 235
2358 242
2359 250
2360 245
2361 215
2362 229
2363 225
2364 221
2365 226
2366 202
2367 252
2368 234
2369 245
2370 229
2371 239
2372 228
2373 209
2374 266
2375 242
2376 256
2377 258
2378 239
2379 264
2380 241
2381 226
2382 232
2383 248
2384 213
2385 227
2386 250
2387 219
2388 248
2389 243
2390 249
2391 229
2392 235
2393 274
2394 224
2395 228
2396 251
2397 235
2398 222
2399 228
2400 218
2401 230
2402 229
2403 226
2404 228
2405 260
2406 227
2407 228
2408 239
2409 264
2410 231
2411 247
2412 240
2413 236
2414 208
2415 241
2416 232
2417 213
2418 241
2419 242
2420 250
2421 257
2422 228
2423 247
2424 221
2425 240
2426 208
2427 227
2428 244
2429 236
2430 221
2431 195
2432 264
2433 219
2434 251
2435 223
2436 224
2437 233
2438 240
2439 223
2440 234
2441 210
2442 216
2443 226
2444 208
2445 240
2446 219
2447 230
2448 249
2449 209
2450 245
2451 220
2452 232
2453 214
2454 217
2455 211
2456 204
2457 231
2458 211
2459 222
2460 242
2461 202
2462 202
2463 215
2464 237
2465 247
2466 227
2467 210
2468 228
2469 231
2470 238
2471 212
2472 206
2473 216
2474 214
2475 222
2476 228
2477 249
2478 211
2479 204
2480 213
2481 224
2482 199
2483 181
2484 240
2485 215
2486 207
2487 225
2488 192
2489 186
2490 207
2491 264
2492 222
2493 214
2494 227
2495 213
2496 200
2497 221
2498 198
2499 186
2500 222
2501 226
2502 237
2503 204
2504 228
2505 239
2506 226
2507 216
2508 242
2509 211
2510 222
2511 200
2512 223
2513 206
2514 237
2515 216
2516 213
2517 214
2518 247
2519 199
2520 206
2521 239
2522 213
2523 227
2524 207
2525 252
2526 220
2527 220
2528 197
2529 211
2530 198
2531 220
2532 233
2533 203
2534 217
2535 202
2536 217
2537 237
2538 213
2539 215
2540 194
2541 206
2542 193
2543 211
2544 206
2545 225
2546 210
2547 186
2548 227
2549 207
2550 227
2551 198
2552 239
2553 230
2554 198
2555 211
2556 210
2557 219
2558 204
2559 224
2560 204
2561 216
2562 201
2563 210
2564 222
2565 222
2566 207
2567 198
2568 200
2569 203
2570 246
2571 205
2572 200
2573 187
2574 204
2575 219
2576 219
2577 214
2578 199
2579 207
2580 200
2581 190
2582 233
2583 215
2584 211
2585 200
2586 213
2587 203
2588 206
2589 189
2590 213
2591 239
2592 202
2593 206
2594 223
2595 213
2596 217
2597 194
2598 216
2599 211
2600 203
2601 237
2602 213
2603 226
2604 216
2605 172
2606 195
2607 199
2608 247
2609 193
2610 225
2611 210
2612 215
2613 220
2614 204
2615 190
2616 204
2617 202
2618 198
2619 212
2620 204
2621 223
2622 206
2623 190
2624 206
2625 212
2626 214
2627 232
2628 212
2629 212
2630 188
2631 203
2632 211
2633 188
2634 215
2635 200
2636 183
2637 188
2638 204
2639 222
2640 194
2641 193
2642 217
2643 197
2644 203
2645 208
2646 182
2647 204
2648 199
2649 197
2650 204
2651 153
2652 209
2653 208
2654 189
2655 207
2656 187
2657 208
2658 198
2659 194
2660 215
2661 183
2662 203
2663 188
2664 175
2665 192
2666 209
2667 189
2668 188
2669 174
2670 198
2671 180
2672 198
2673 174
2674 190
2675 202
2676 229
2677 220
2678 184
2679 194
2680 181
2681 197
2682 201
2683 196
2684 177
2685 159
2686 191
2687 193
2688 222
2689 182
2690 188
2691 189
2692 172
2693 186
2694 171
2695 216
2696 183
2697 193
2698 204
2699 172
2700 198
2701 182
2702 185
2703 180
2704 169
2705 190
2706 199
2707 163
2708 190
2709 183
2710 180
2711 200
2712 193
2713 184
2714 176
2715 160
2716 169
2717 220
2718 188
2719 189
2720 196
2721 182
2722 202
2723 170
2724 201
2725 168
2726 192
2727 177
2728 200
2729 210
2730 160
2731 170
2732 171
2733 154
2734 175
2735 193
2736 189
2737 165
2738 213
2739 184
2740 170
2741 180
2742 200
2743 178
2744 184
2745 173
2746 191
2747 193
2748 190
2749 167
2750 167
2751 186
2752 186
2753 196
2754 182
2755 168
2756 179
2757 173
2758 175
2759 193
2760 166
2761 175
2762 153
2763 189
2764 166
2765 204
2766 178
2767 187
2768 168
2769 176
2770 183
2771 179
2772 166
2773 201
2774 209
2775 184
2776 188
2777 183
2778 146
2779 191
2780 167
2781 164
2782 181
2783 167
2784 164
2785 181
2786 165
2787 184
2788 195
2789 184
2790 187
2791 173
2792 189
2793 179
2794 166
2795 167
2796 169
2797 181
2798 150
2799 168
2800 175
2801 188
2802 184
2803 174
2804 168
2805 160
2806 172
2807 173
2808 199
2809 194
2810 175
2811 211
2812 174
2813 194
2814 156
2815 179
2816 159
2817 181
2818 167
2819 166
2820 192
2821 160
2822 190
2823 188
2824 162
2825 159
2826 156
2827 183
2828 155
2829 169
2830 166
2831 186
2832 178
2833 163
2834 180
2835 185
2836 183
2837 182
2838 193
2839 172
2840 175
2841 166
2842 177
2843 186
2844 172
2845 201
2846 196
2847 180
2848 181
2849 195
2850 168
2851 173
2852 174
2853 171
2854 151
2855 202
2856 169
2857 155
2858 190
2859 162
2860 170
2861 181
2862 158
2863 190
2864 184
2865 179
2866 154
2867 180
2868 173
2869 171
2870 180
2871 163
2872 178
2873 166
2874 154
2875 167
2876 147
2877 189
2878 183
2879 157
2880 159
2881 168
2882 150
2883 165
2884 164
2885 160
2886 164
2887 179
2888 157
2889 139
2890 174
2891 182
2892 182
2893 185
2894 175
2895 158
2896 150
2897 162
2898 154
2899 187
2900 155
2901 178
2902 187
2903 170
2904 141
2905 186
2906 168
2907 167
2908 165
2909 160
2910 165
2911 143
2912 174
2913 162
2914 148
2915 152
2916 185
2917 150
2918 159
2919 170
2920 172
2921 180
2922 171
2923 165
2924 172
2925 169
2926 160
2927 161
2928 154
2929 166
2930 183
2931 139
2932 151
2933 156
2934 160
2935 148
2936 157
2937 179
2938 173
2939 161
2940 162
2941 164
2942 168
2943 125
2944 148
2945 172
2946 144
2947 162
2948 165
2949 191
2950 152
2951 160
2952 169
2953 168
2954 173
2955 156
2956 146
2957 165
2958 166
2959 178
2960 182
2961 172
2962 180
2963 187
2964 149
2965 179
2966 170
2967 170
2968 181
2969 142
2970 171
2971 166
2972 165
2973 182
2974 181
2975 164
2976 164
2977 162
2978 145
2979 162
2980 177
2981 170
2982 162
2983 158
2984 147
2985 171
2986 159
2987 158
2988 166
2989 163
2990 182
2991 172
2992 157
2993 180
2994 150
2995 150
2996 199
2997 163
2998 166
2999 166
3000 172
3001 183
3002 141
3003 174
3004 162
3005 150
3006 162
3007 161
3008 177
3009 176
3010 164
3011 164
3012 170
3013 165
3014 180
3015 162
3016 155
3017 169
3018 176
3019 180
3020 156
3021 147
3022 165
3023 169
3024 183
3025 174
3026 145
3027 150
3028 169
3029 168
3030 174
3031 169
3032 176
3033 133
3034 166
3035 154
3036 142
3037 166
3038 177
3039 151
3040 165
3041 145
3042 162
3043 171
3044 190
3045 155
3046 154
3047 147
3048 162
3049 149
3050 152
3051 160
3052 155
3053 150
3054 178
3055 148
3056 155
3057 170
3058 170
3059 153
3060 164
3061 148
3062 170
3063 176
3064 132
3065 155
3066 142
3067 161
3068 153
3069 166
3070 164
3071 163
3072 169
3073 152
3074 184
3075 163
3076 154
3077 138
3078 158
3079 166
3080 148
3081 165
3082 163
3083 171
3084 156
3085 174
3086 146
3087 140
3088 138
3089 167
3090 147
3091 167
3092 140
3093 165
3094 146
3095 149
3096 149
3097 171
3098 170
3099 142
3100 168
3101 171
3102 158
3103 149
3104 150
3105 148
3106 164
3107 175
3108 142
3109 143
3110 142
3111 170
3112 149
3113 156
3114 166
3115 167
3116 174
3117 179
3118 161
3119 141
3120 154
3121 148
3122 139
3123 148
3124 141
3125 145
3126 133
3127 152
3128 149
3129 146
3130 159
3131 153
3132 147
3133 162
3134 164
3135 138
3136 142
3137 151
3138 170
3139 140
3140 163
3141 139
3142 141
3143 150
3144 136
3145 139
3146 147
3147 154
3148 157
3149 137
3150 150
3151 150
3152 147
3153 139
3154 159
3155 150
3156 156
3157 127
3158 155
3159 154
3160 144
3161 141
3162 159
3163 164
3164 148
3165 127
3166 154
3167 149
3168 156
3169 133
3170 141
3171 137
3172 157
3173 169
3174 141
3175 149
3176 155
3177 158
3178 165
3179 165
3180 136
3181 149
3182 149
3183 150
3184 153
3185 134
3186 162
3187 144
3188 151
3189 148
3190 146
3191 152
3192 139
3193 141
3194 147
3195 135
3196 145
3197 167
3198 133
3199 142
3200 156
3201 124
3202 161
3203 150
3204 161
3205 142
3206 161
3207 154
3208 149
3209 160
3210 157
3211 141
3212 141
3213 152
3214 149
3215 129
3216 157
3217 137
3218 165
3219 156
3220 148
3221 145
3222 161
3223 122
3224 133
3225 135
3226 143
3227 149
3228 165
3229 140
3230 162
3231 159
3232 140
3233 141
3234 142
3235 129
3236 142
3237 147
3238 144
3239 162
3240 162
3241 144
3242 136
3243 130
3244 133
3245 126
3246 145
3247 133
3248 126
3249 131
3250 165
3251 129
3252 145
3253 136
3254 159
3255 136
3256 164
3257 142
3258 123
3259 147
3260 134
3261 139
3262 132
3263 141
3264 160
3265 136
3266 128
3267 126
3268 142
3269 130
3270 150
3271 132
3272 145
3273 129
3274 160
3275 125
3276 119
3277 135
3278 130
3279 134
3280 140
3281 139
3282 139
3283 140
3284 153
3285 129
3286 120
3287 140
3288 134
3289 126
3290 154
3291 134
3292 140
3293 134
3294 133
3295 157
3296 133
3297 147
3298 133
3299 134
3300 121
3301 131
3302 139
3303 117
3304 111
3305 141
3306 125
3307 118
3308 153
3309 142
3310 129
3311 124
3312 140
3313 134
3314 127
3315 121
3316 122
3317 104
3318 112
3319 142
3320 141
3321 124
3322 142
3323 118
3324 133
3325 132
3326 118
3327 138
3328 117
3329 153
3330 144
3331 138
3332 140
3333 120
3334 140
3335 151
3336 135
3337 138
3338 144
3339 133
3340 97
3341 123
3342 142
3343 121
3344 118
3345 123
3346 126
3347 132
3348 113
3349 113
3350 126
3351 131
3352 116
3353 130
3354 115
3355 122
3356 123
3357 107
3358 113
3359 119
3360 138
3361 129
3362 117
3363 139
3364 112
3365 122
3366 100
3367 133
3368 108
3369 136
3370 127
3371 116
3372 119
3373 117
3374 118
3375 105
3376 129
3377 110
3378 121
3379 141
3380 142
3381 112
3382 135
3383 145
3384 129
3385 129
3386 110
3387 120
3388 140
3389 137
3390 116
3391 117
3392 119
3393 124
3394 137
3395 107
3396 133
3397 135
3398 123
3399 127
3400 141
3401 121
3402 126
3403 124
3404 126
3405 120
3406 131
3407 133
3408 113
3409 116
3410 111
3411 125
3412 133
3413 135
3414 135
3415 132
3416 121
3417 115
3418 105
3419 118
3420 137
3421 140
3422 111
3423 134
3424 117
3425 118
3426 123
3427 125
3428 99
3429 120
3430 138
3431 125
3432 140
3433 126
3434 105
3435 100
3436 122
3437 129
3438 123
3439 123
3440 121
3441 124
3442 110
3443 115
3444 128
3445 138
3446 124
3447 128
3448 124
3449 131
3450 108
3451 140
3452 129
3453 126
3454 115
3455 139
3456 124
3457 145
3458 112
3459 129
3460 105
3461 117
3462 105
3463 123
3464 108
3465 119
3466 129
3467 114
3468 119
3469 126
3470 110
3471 115
3472 122
3473 123
3474 144
3475 121
3476 135
3477 123
3478 128
3479 107
3480 100
3481 108
3482 110
3483 110
3484 111
3485 124
3486 111
3487 128
3488 119
3489 122
3490 140
3491 109
3492 126
3493 107
3494 129
3495 125
3496 132
3497 124
3498 129
3499 131
3500 117
3501 114
3502 144
3503 109
3504 114
3505 108
3506 138
3507 135
3508 117
3509 126
3510 123
3511 136
3512 102
3513 106
3514 133
3515 122
3516 114
3517 120
3518 130
3519 117
3520 110
3521 118
3522 114
3523 114
3524 127
3525 106
3526 98
3527 125
3528 130
3529 118
3530 111
3531 115
3532 120
3533 104
3534 107
3535 110
3536 103
3537 116
3538 121
3539 134
3540 119
3541 132
3542 136
3543 125
3544 105
3545 127
3546 113
3547 103
3548 114
3549 121
3550 117
3551 125
3552 122
3553 106
3554 111
3555 105
3556 92
3557 117
3558 109
3559 106
3560 138
3561 116
3562 106
3563 93
3564 110
3565 106
3566 97
3567 107
3568 95
3569 122
3570 100
3571 109
3572 116
3573 108
3574 88
3575 98
3576 95
3577 96
3578 126
3579 103
3580 101
3581 104
3582 112
3583 97
3584 104
3585 113
3586 109
3587 119
3588 95
3589 126
3590 90
3591 101
3592 101
3593 112
3594 102
3595 96
3596 107
3597 100
3598 105
3599 105
3600 103
3601 101
3602 107
3603 92
3604 105
3605 111
3606 88
3607 96
3608 113
3609 93
3610 115
3611 101
3612 93
3613 91
3614 90
3615 99
3616 107
3617 120
3618 106
3619 111
3620 110
3621 113
3622 109
3623 104
3624 91
3625 112
3626 95
3627 104
3628 98
3629 112
3630 124
3631 100
3632 98
3633 96
3634 89
3635 105
3636 121
3637 98
3638 107
3639 115
3640 124
3641 112
3642 107
3643 93
3644 97
3645 101
3646 110
3647 101
3648 111
3649 104
3650 86
3651 118
3652 96
3653 110
3654 116
3655 105
3656 107
3657 112
3658 93
3659 85
3660 98
3661 115
3662 109
3663 88
3664 109
3665 111
3666 103
3667 113
3668 115
3669 100
3670 104
3671 99
3672 92
3673 98
3674 94
3675 95
3676 101
3677 87
3678 106
3679 93
3680 93
3681 106
3682 92
3683 98
3684 116
3685 104
3686 85
3687 111
3688 108
3689 118
3690 107
3691 94
3692 90
3693 101
3694 108
3695 82
3696 92
3697 115
3698 97
3699 105
3700 90
3701 103
3702 113
3703 111
3704 98
3705 116
3706 110
3707 100
3708 94
3709 96
3710 92
3711 107
3712 121
3713 101
3714 119
3715 98
3716 96
3717 99
3718 98
3719 101
3720 92
3721 99
3722 106
3723 100
3724 102
3725 112
3726 104
3727 101
3728 91
3729 98
3730 107
3731 94
3732 103
3733 106
3734 101
3735 103
3736 114
3737 96
3738 102
3739 100
3740 106
3741 106
3742 102
3743 116
3744 103
3745 102
3746 91
3747 95
3748 118
3749 104
3750 82
3751 104
3752 89
3753 77
3754 119
3755 92
3756 87
3757 102
3758 102
3759 104
3760 93
3761 97
3762 102
3763 89
3764 90
3765 96
3766 92
3767 105
3768 86
3769 89
3770 98
3771 106
3772 91
3773 97
3774 78
3775 94
3776 100
3777 100
3778 87
3779 94
3780 116
3781 102
3782 107
3783 106
3784 103
3785 94
3786 97
3787 96
3788 100
3789 90
3790 93
3791 122
3792 93
3793 101
3794 102
3795 98
3796 84
3797 83
3798 110
3799 99
3800 94
3801 83
3802 77
3803 105
3804 85
3805 101
3806 97
3807 106
3808 92
3809 80
3810 100
3811 92
3812 84
3813 95
3814 107
3815 87
3816 110
3817 88
3818 91
3819 85
3820 86
3821 97
3822 90
3823 76
3824 119
3825 78
3826 93
3827 103
3828 93
3829 91
3830 98
3831 74
3832 80
3833 92
3834 96
3835 87
3836 86
3837 102
3838 100
3839 95
3840 99
3841 100
3842 96
3843 87
3844 65
3845 90
3846 101
3847 78
3848 79
3849 92
3850 86
3851 80
3852 85
3853 97
3854 92
3855 93
3856 91
3857 103
3858 88
3859 84
3860 96
3861 104
3862 89
3863 87
3864 76
3865 94
3866 66
3867 96
3868 99
3869 75
3870 85
3871 86
3872 92
3873 87
3874 76
3875 87
3876 97
3877 86
3878 107
3879 106
3880 116
3881 84
3882 85
3883 82
3884 93
3885 88
3886 99
3887 100
3888 103
3889 90
3890 88
3891 100
3892 85
3893 106
3894 90
3895 104
3896 95
3897 86
3898 93
3899 109
3900 90
3901 102
3902 91
3903 80
3904 88
3905 94
3906 96
3907 78
3908 89
3909 81
3910 81
3911 97
3912 89
3913 75
3914 90
3915 83
3916 87
3917 77
3918 74
3919 89
3920 78
3921 94
3922 84
3923 82
3924 110
3925 83
3926 103
3927 97
3928 83
3929 79
3930 78
3931 94
3932 88
3933 81
3934 98
3935 88
3936 98
3937 112
3938 106
3939 93
3940 104
3941 86
3942 83
3943 87
3944 88
3945 90
3946 83
3947 81
3948 98
3949 98
3950 88
3951 91
3952 75
3953 100
3954 94
3955 95
3956 90
3957 100
3958 97
3959 97
3960 86
3961 89
3962 105
3963 74
3964 79
3965 94
3966 84
3967 88
3968 90
3969 87
3970 73
3971 85
3972 89
3973 78
3974 77
3975 92
3976 70
3977 85
3978 70
3979 93
3980 80
3981 81
3982 77
3983 76
3984 80
3985 82
3986 86
3987 84
3988 86
3989 89
3990 97
3991 88
3992 81
3993 82
3994 89
3995 95
3996 84
3997 72
3998 80
3999 85
4000 86
4001 98
4002 90
4003 86
4004 80
4005 77
4006 76
4007 87
4008 88
4009 63
4010 88
4011 62
4012 89
4013 82
4014 93
4015 86
4016 76
4017 86
4018 80
4019 94
4020 84
4021 92
4022 85
4023 81
4024 90
4025 84
4026 92
4027 77
4028 95
4029 89
4030 119
4031 100
4032 70
4033 103
4034 72
4035 97
4036 80
4037 85
4038 94
4039 78
4040 84
4041 78
4042 98
4043 90
4044 98
4045 92
4046 91
4047 86
4048 87
4049 93
4050 81
4051 72
4052 99
4053 76
4054 79
4055 77
4056 69
4057 86
4058 76
4059 78
4060 90
4061 84
4062 88
4063 92
4064 102
4065 85
4066 98
4067 81
4068 88
4069 86
4070 83
4071 84
4072 71
4073 88
4074 97
4075 86
4076 82
4077 91
4078 86
4079 85
4080 91
4081 79
4082 77
4083 78
4084 74
4085 78
4086 89
4087 83
4088 94
4089 97
4090 79
4091 84
4092 84
4093 87
4094 90
4095 84
4096 97
4097 89
4098 84
4099 86
4100 79
4101 81
4102 74
4103 95
4104 86
4105 68
4106 88
4107 75
4108 75
4109 84
4110 85
4111 75
4112 71
4113 66
4114 83
4115 80
4116 66
4117 77
4118 88
4119 85
4120 88
4121 76
4122 86
4123 80
4124 64
4125 76
4126 75
4127 64
4128 81
4129 74
4130 91
4131 88
4132 80
4133 86
4134 97
4135 93
4136 89
4137 76
4138 88
4139 91
4140 94
4141 91
4142 82
4143 94
4144 79
4145 87
4146 68
4147 84
4148 76
4149 105
4150 84
4151 77
4152 87
4153 97
4154 93
4155 97
4156 92
4157 98
4158 98
4159 87
4160 93
4161 89
4162 67
4163 97
4164 104
4165 90
4166 90
4167 72
4168 88
4169 85
4170 90
4171 78
4172 102
4173 94
4174 83
4175 93
4176 78
4177 78
4178 83
4179 84
4180 88
4181 84
4182 87
4183 97
4184 81
4185 85
4186 103
4187 94
4188 83
4189 90
4190 71
4191 81
4192 69
4193 95
4194 90
4195 69
4196 86
4197 85
4198 98
4199 93
4200 105
4201 82
4202 92
4203 89
4204 86
4205 89
4206 81
4207 83
4208 87
4209 79
4210 76
4211 82
4212 75
4213 99
4214 85
4215 76
4216 88
4217 89
4218 84
4219 89
4220 99
4221 68
4222 67
4223 80
4224 86
4225 70
4226 84
4227 71
4228 78
4229 89
4230 73
4231 84
4232 87
4233 79
4234 95
4235 81
4236 110
4237 106
4238 97
4239 81
4240 93
4241 85
4242 75
4243 90
4244 94
4245 89
4246 77
4247 88
4248 79
4249 62
4250 86
4251 79
4252 93
4253 74
4254 84
4255 81
4256 77
4257 80
4258 92
4259 83
4260 75
4261 74
4262 81
4263 87
4264 85
4265 85
4266 90
4267 94
4268 85
4269 91
4270 86
4271 84
4272 78
4273 71
4274 77
4275 81
4276 90
4277 89
4278 84
4279 76
4280 99
4281 84
4282 91
4283 78
4284 96
4285 71
4286 85
4287 80
4288 87
4289 73
4290 88
4291 95
4292 86
4293 83
4294 89
4295 86
4296 90
4297 79
4298 91
4299 105
4300 95
4301 72
4302 72
4303 86
4304 70
4305 77
4306 87
4307 79
4308 100
4309 93
4310 98
4311 82
4312 71
4313 74
4314 78
4315 92
4316 103
4317 77
4318 91
4319 95
4320 73
4321 80
4322 68
4323 92
4324 68
4325 81
4326 75
4327 85
4328 92
4329 100
4330 90
4331 81
4332 70
4333 66
4334 73
4335 81
4336 92
4337 73
4338 83
4339 92
4340 68
4341 103
4342 107
4343 97
4344 99
4345 78
4346 86
4347 73
4348 78
4349 67
4350 84
4351 68
4352 81
4353 85
4354 85
4355 92
4356 98
4357 71
4358 88
4359 100
4360 69
4361 78
4362 88
4363 94
4364 75
4365 86
4366 87
4367 91
4368 70
4369 67
4370 73
4371 86
4372 76
4373 85
4374 80
4375 97
4376 76
4377 92
4378 79
4379 81
4380 72
4381 85
4382 86
4383 76
4384 56
4385 84
4386 75
4387 65
4388 72
4389 77
4390 82
4391 80
4392 93
4393 74
4394 77
4395 82
4396 73
4397 86
4398 82
4399 76
4400 74
4401 79
4402 73
4403 73
4404 84
4405 85
4406 82
4407 92
4408 59
4409 71
4410 77
4411 67
4412 93
4413 92
4414 82
4415 98
4416 84
4417 85
4418 75
4419 79
4420 93
4421 75
4422 80
4423 89
4424 90
4425 68
4426 75
4427 75
4428 86
4429 59
4430 84
4431 75
4432 79
4433 100
4434 78
4435 96
4436 87
4437 78
4438 84
4439 91
4440 77
4441 85
4442 85
4443 82
4444 87
4445 63
4446 76
4447 80
4448 59
4449 94
4450 84
4451 85
4452 81
4453 84
4454 82
4455 92
4456 89
4457 72
4458 64
4459 82
4460 84
4461 71
4462 93
4463 81
4464 96
4465 73
4466 72
4467 85
4468 89
4469 75
4470 87
4471 89
4472 77
4473 91
4474 81
4475 75
4476 85
4477 83
4478 85
4479 70
4480 74
4481 93
4482 79
4483 80
4484 84
4485 87
4486 80
4487 75
4488 82
4489 96
4490 84
4491 84
4492 81
4493 73
4494 83
4495 82
4496 76
4497 60
4498 92
4499 75
4500 75
4501 78
4502 78
4503 79
4504 81
4505 88
4506 92
4507 72
4508 77
4509 86
4510 86
4511 73
4512 72
4513 82
4514 74
4515 69
4516 82
4517 77
4518 73
4519 90
4520 72
4521 85
4522 75
4523 79
4524 81
4525 89
4526 71
4527 88
4528 78
4529 77
4530 74
4531 74
4532 78
4533 81
4534 87
4535 76
4536 103
4537 64
4538 70
4539 67
4540 85
4541 71
4542 74
4543 72
4544 83
4545 62
4546 77
4547 76
4548 80
4549 72
4550 80
4551 76
4552 93
4553 72
4554 64
4555 76
4556 75
4557 89
4558 69
4559 76
4560 88
4561 80
4562 70
4563 77
4564 80
4565 83
4566 70
4567 75
4568 84
4569 76
4570 79
4571 77
4572 74
4573 78
4574 70
4575 101
4576 70
4577 74
4578 90
4579 79
4580 81
4581 71
4582 75
4583 78
4584 67
4585 89
4586 82
4587 83
4588 77
4589 75
4590 79
4591 90
4592 87
4593 69
4594 84
4595 83
4596 83
4597 72
4598 68
4599 70
4600 67
4601 88
4602 69
4603 63
4604 94
4605 81
4606 76
4607 78
4608 81
4609 83
4610 105
4611 62
4612 72
4613 78
4614 60
4615 72
4616 81
4617 87
4618 99
4619 83
4620 66
4621 83
4622 78
4623 86
4624 81
4625 91
4626 83
4627 91
4628 64
4629 78
4630 75
4631 93
4632 78
4633 72
4634 65
4635 90
4636 82
4637 76
4638 70
4639 64
4640 88
4641 85
4642 84
4643 83
4644 86
4645 86
4646 85
4647 91
4648 86
4649 87
4650 83
4651 91
4652 89
4653 78
4654 73
4655 76
4656 74
4657 86
4658 83
4659 80
4660 70
4661 96
4662 94
4663 67
4664 86
4665 75
4666 79
4667 71
4668 109
4669 63
4670 89
4671 80
4672 64
4673 80
4674 71
4675 95
4676 83
4677 78
4678 84
4679 78
4680 102
4681 77
4682 88
4683 85
4684 80
4685 92
4686 96
4687 88
4688 78
4689 72
4690 103
4691 66
4692 83
4693 85
4694 97
4695 77
4696 99
4697 79
4698 96
4699 105
4700 92
4701 72
4702 94
4703 89
4704 82
4705 91
4706 85
4707 77
4708 78
4709 76
4710 88
4711 82
4712 89
4713 81
4714 101
4715 90
4716 87
4717 70
4718 69
4719 89
4720 86
4721 77
4722 108
4723 81
4724 73
4725 87
4726 89
4727 105
4728 69
4729 100
4730 84
4731 84
4732 83
4733 75
4734 84
4735 99
4736 90
4737 91
4738 90
4739 113
4740 95
4741 76
4742 88
4743 93
4744 74
4745 90
4746 95
4747 87
4748 80
4749 83
4750 110
4751 79
4752 90
4753 90
4754 102
4755 93
4756 103
4757 98
4758 99
4759 84
4760 90
4761 104
4762 78
4763 83
4764 94
4765 78
4766 90
4767 86
4768 90
4769 78
4770 89
4771 115
4772 76
4773 88
4774 97
4775 99
4776 93
4777 88
4778 99
4779 93
4780 114
4781 89
4782 88
4783 83
4784 98
4785 83
4786 110
4787 103
4788 99
4789 92
4790 81
4791 72
4792 106
4793 96
4794 76
4795 77
4796 96
4797 92
4798 91
4799 99
4800 99
4801 99
4802 99
4803 103
4804 94
4805 105
4806 99
4807 90
4808 87
4809 91
4810 75
4811 98
4812 89
4813 110
4814 98
4815 97
4816 90
4817 87
4818 112
4819 103
4820 109
4821 82
4822 78
4823 88
4824 115
4825 106
4826 101
4827 104
4828 98
4829 112
4830 102
4831 108
4832 95
4833 100
4834 99
4835 84
4836 93
4837 91
4838 69
4839 97
4840 108
4841 98
4842 119
4843 84
4844 86
4845 85
4846 103
4847 81
4848 79
4849 94
4850 95
4851 88
4852 91
4853 93
4854 90
4855 107
4856 90
4857 94
4858 90
4859 91
4860 95
4861 81
4862 106
4863 100
4864 82
4865 83
4866 78
4867 100
4868 85
4869 109
4870 80
4871 85
4872 100
4873 112
4874 106
4875 96
4876 94
4877 81
4878 97
4879 114
4880 91
4881 77
4882 91
4883 114
4884 92
4885 96
4886 110
4887 105
4888 107
4889 103
4890 93
4891 93
4892 85
4893 84
4894 91
4895 92
4896 100
4897 88
4898 84
4899 101
4900 96
4901 93
4902 96
4903 98
4904 108
4905 89
4906 87
4907 101
4908 89
4909 85
4910 102
4911 103
4912 134
4913 97
4914 84
4915 100
4916 100
4917 108
4918 94
4919 107
4920 110
4921 88
4922 90
4923 109
4924 97
4925 104
4926 97
4927 94
4928 98
4929 104
4930 82
4931 100
4932 85
4933 98
4934 99
4935 89
4936 96
4937 94
4938 100
4939 107
4940 113
4941 99
4942 91
4943 102
4944 101
4945 123
4946 106
4947 112
4948 113
4949 99
4950 116
4951 103
4952 93
4953 92
4954 109
4955 93
4956 107
4957 99
4958 114
4959 98
4960 118
4961 110
4962 105
4963 112
4964 116
4965 123
4966 104
4967 115
4968 100
4969 128
4970 104
4971 130
4972 112
4973 131
4974 113
4975 88
4976 101
4977 104
4978 114
4979 121
4980 111
4981 107
4982 104
4983 110
4984 111
4985 108
4986 99
4987 120
4988 105
4989 88
4990 115
4991 105
4992 120
4993 99
4994 112
4995 93
4996 118
4997 105
4998 104
4999 119
5000 102
5001 109
5002 102
5003 98
5004 125
5005 103
5006 90
5007 114
5008 121
5009 88
5010 109
5011 109
5012 97
5013 117
5014 107
5015 113
5016 123
5017 126
5018 124
5019 112
5020 124
5021 126
5022 92
5023 98
5024 117
5025 127
5026 118
5027 119
5028 114
5029 117
5030 113
5031 127
5032 103
5033 112
5034 114
5035 116
5036 127
5037 111
5038 117
5039 115
5040 110
5041 121
5042 127
5043 103
5044 135
5045 140
5046 106
5047 109
5048 111
5049 111
5050 106
5051 130
5052 110
5053 113
5054 126
5055 107
5056 114
5057 130
5058 123
5059 116
5060 125
5061 132
5062 117
5063 137
5064 116
5065 125
5066 145
5067 124
5068 134
5069 132
5070 103
5071 110
5072 111
5073 112
5074 114
5075 132
5076 135
5077 146
5078 134
5079 120
5080 120
5081 119
5082 150
5083 116
5084 129
5085 124
5086 122
5087 107
5088 130
5089 118
5090 105
5091 113
5092 110
5093 136
5094 118
5095 116
5096 122
5097 126
5098 113
5099 132
5100 113
5101 128
5102 132
5103 118
5104 114
5105 132
5106 136
5107 125
5108 132
5109 146
5110 120
5111 142
5112 100
5113 131
5114 111
5115 122
5116 136
5117 127
5118 109
5119 128
5120 129
5121 120
5122 97
5123 99
5124 119
5125 144
5126 115
5127 135
5128 132
5129 129
5130 114
5131 147
5132 135
5133 141
5134 132
5135 96
5136 126
5137 111
5138 131
5139 103
5140 137
5141 123
5142 126
5143 144
5144 123
5145 126
5146 140
5147 133
5148 121
5149 154
5150 135
5151 121
5152 131
5153 138
5154 130
5155 130
5156 117
5157 127
5158 118
5159 131
5160 140
5161 129
5162 132
5163 112
5164 142
5165 143
5166 122
5167 126
5168 132
5169 140
5170 145
5171 123
5172 137
5173 153
5174 141
5175 137
5176 114
5177 124
5178 136
5179 144
5180 140
5181 139
5182 130
5183 132
5184 157
5185 141
5186 125
5187 149
5188 129
5189 145
5190 123
5191 156
5192 121
5193 130
5194 132
5195 131
5196 112
5197 158
5198 151
5199 134
5200 145
5201 142
5202 160
5203 144
5204 140
5205 135
5206 143
5207 141
5208 136
5209 140
5210 135
5211 155
5212 129
5213 153
5214 133
5215 158
5216 149
5217 137
5218 156
5219 158
5220 163
5221 148
5222 148
5223 137
5224 164
5225 142
5226 168
5227 141
5228 152
5229 146
5230 146
5231 164
5232 148
5233 167
5234 118
5235 159
5236 154
5237 143
5238 162
5239 161
5240 165
5241 143
5242 180
5243 141
5244 173
5245 172
5246 132
5247 141
5248 139
5249 145
5250 171
5251 142
5252 152
5253 153
5254 145
5255 146
5256 179
5257 148
5258 141
5259 169
5260 130
5261 161
5262 167
5263 152
5264 156
5265 159
5266 159
5267 166
5268 141
5269 157
5270 174
5271 140
5272 152
5273 138
5274 173
5275 162
5276 155
5277 141
5278 161
5279 171
5280 137
5281 150
5282 152
5283 160
5284 152
5285 154
5286 161
5287 149
5288 183
5289 151
5290 144
5291 155
5292 174
5293 158
5294 178
5295 161
5296 158
5297 151
5298 184
5299 155
5300 151
5301 152
5302 163
5303 175
5304 140
5305 162
5306 148
5307 150
5308 146
5309 157
5310 166
5311 161
5312 161
5313 157
5314 162
5315 160
5316 168
5317 176
5318 142
5319 155
5320 172
5321 149
5322 154
5323 168
5324 157
5325 145
5326 157
5327 165
5328 159
5329 171
5330 144
5331 153
5332 161
5333 166
5334 172
5335 180
5336 192
5337 181
5338 160
5339 192
5340 149
5341 158
5342 174
5343 184
5344 167
5345 160
5346 172
5347 169
5348 172
5349 166
5350 155
5351 152
5352 156
5353 190
5354 178
5355 154
5356 187
5357 163
5358 177
5359 158
5360 163
5361 155
5362 170
5363 169
5364 170
5365 168
5366 160
5367 166
5368 171
5369 170
5370 170
5371 178
5372 173
5373 186
5374 181
5375 188
5376 177
5377 168
5378 162
5379 164
5380 157
5381 170
5382 178
5383 161
5384 174
5385 183
5386 174
5387 156
5388 169
5389 163
5390 155
5391 157
5392 169
5393 160
5394 148
5395 182
5396 176
5397 182
5398 170
5399 177
5400 173
5401 177
5402 198
5403 174
5404 163
5405 185
5406 158
5407 186
5408 161
5409 165
5410 182
5411 186
5412 192
5413 187
5414 163
5415 168
5416 172
5417 163
5418 182
5419 189
5420 201
5421 182
5422 208
5423 171
5424 190
5425 166
5426 179
5427 160
5428 168
5429 208
5430 157
5431 177
5432 171
5433 171
5434 185
5435 187
5436 207
5437 198
5438 178
5439 174
5440 177
5441 157
5442 183
5443 204
5444 203
5445 173
5446 212
5447 186
5448 172
5449 182
5450 190
5451 200
5452 190
5453 183
5454 191
5455 228
5456 230
5457 206
5458 175
5459 170
5460 186
5461 210
5462 169
5463 199
5464 182
5465 180
5466 189
5467 174
5468 192
5469 186
5470 197
5471 175
5472 182
5473 194
5474 187
5475 192
5476 204
5477 184
5478 196
5479 200
5480 200
5481 185
5482 173
5483 176
5484 221
5485 194
5486 179
5487 191
5488 184
5489 198
5490 202
5491 193
5492 199
5493 199
5494 192
5495 203
5496 200
5497 186
5498 175
5499 198
5500 206
5501 202
5502 207
5503 184
5504 197
5505 190
5506 210
5507 203
5508 203
5509 167
5510 210
5511 206
5512 176
5513 229
5514 217
5515 183
5516 175
5517 196
5518 222
5519 186
5520 194
5521 194
5522 228
5523 197
5524 204
5525 199
5526 193
5527 193
5528 198
5529 199
5530 176
5531 209
5532 190
5533 178
5534 190
5535 200
5536 188
5537 198
5538 195
5539 196
5540 216
5541 195
5542 201
5543 196
5544 201
5545 202
5546 178
5547 187
5548 192
5549 195
5550 217
5551 195
5552 196
5553 206
5554 213
5555 210
5556 209
5557 216
5558 198
5559 218
5560 209
5561 205
5562 194
5563 199
5564 197
5565 194
5566 203
5567 190
5568 187
5569 210
5570 208
5571 197
5572 212
5573 199
5574 189
5575 188
5576 219
5577 181
5578 212
5579 208
5580 198
5581 216
5582 195
5583 169
5584 207
5585 227
5586 221
5587 203
5588 188
5589 204
5590 212
5591 221
5592 177
5593 217
5594 163
5595 213
5596 203
5597 206
5598 175
5599 209
5600 209
5601 192
5602 217
5603 225
5604 219
5605 204
5606 204
5607 203
5608 190
5609 197
5610 211
5611 195
5612 197
5613 226
5614 209
5615 201
5616 214
5617 205
5618 211
5619 215
5620 190
5621 187
5622 199
5623 196
5624 223
5625 207
5626 203
5627 236
5628 215
5629 207
5630 192
5631 205
5632 211
5633 215
5634 226
5635 202
5636 189
5637 182
5638 197
5639 230
5640 194
5641 215
5642 197
5643 211
5644 186
5645 199
5646 205
5647 180
5648 197
5649 200
5650 210
5651 193
5652 202
5653 219
5654 231
5655 200
5656 212
5657 217
5658 192
5659 183
5660 195
5661 228
5662 199
5663 189
5664 215
5665 187
5666 219
5667 198
5668 199
5669 202
5670 203
5671 202
5672 225
5673 229
5674 226
5675 200
5676 231
5677 234
5678 224
5679 233
5680 224
5681 194
5682 219
5683 213
5684 222
5685 212
5686 231
5687 219
5688 225
5689 211
5690 227
5691 201
5692 211
5693 224
5694 216
5695 194
5696 214
5697 230
5698 191
5699 210
5700 205
5701 210
5702 231
5703 203
5704 208
5705 228
5706 214
5707 214
5708 240
5709 216
5710 223
5711 213
5712 226
5713 227
5714 225
5715 193
5716 194
5717 212
5718 200
5719 215
5720 212
5721 223
5722 208
5723 227
5724 221
5725 221
5726 189
5727 238
5728 216
5729 217
5730 212
5731 234
5732 201
5733 219
5734 187
5735 197
5736 215
5737 227
5738 213
5739 203
5740 217
5741 215
5742 195
5743 216
5744 217
5745 218
5746 211
5747 236
5748 230
5749 209
5750 223
5751 198
5752 201
5753 203
5754 204
5755 215
5756 228
5757 211
5758 228
5759 201
5760 226
5761 205
5762 212
5763 188
5764 200
5765 242
5766 200
5767 189
5768 212
5769 192
5770 233
5771 205
5772 202
5773 199
5774 236
5775 199
5776 202
5777 200
5778 220
5779 206
5780 215
5781 209
5782 221
5783 186
5784 220
5785 174
5786 207
5787 231
5788 211
5789 218
5790 193
5791 199
5792 209
5793 199
5794 206
5795 245
5796 181
5797 205
5798 204
5799 193
5800 193
5801 188
5802 193
5803 206
5804 184
5805 206
5806 236
5807 203
5808 221
5809 192
5810 215
5811 193
5812 193
5813 204
5814 202
5815 196
5816 160
5817 214
5818 200
5819 191
5820 205
5821 186
5822 194
5823 178
5824 179
5825 214
5826 189
5827 203
5828 181
5829 188
5830 188
5831 163
5832 204
5833 208
5834 208
5835 179
5836 198
5837 181
5838 163
5839 184
5840 193
5841 184
5842 190
5843 178
5844 180
5845 151
5846 193
5847 191
5848 182
5849 157
5850 211
5851 169
5852 184
5853 165
5854 199
5855 178
5856 174
5857 212
5858 193
5859 152
5860 187
5861 189
5862 166
5863 171
5864 186
5865 162
5866 215
5867 190
5868 213
5869 183
5870 182
5871 187
5872 193
5873 183
5874 204
5875 160
5876 173
5877 169
5878 211
5879 174
5880 178
5881 178
5882 204
5883 197
5884 184
5885 191
5886 179
5887 181
5888 165
5889 199
5890 178
5891 174
5892 190
5893 194
5894 177
5895 182
5896 161
5897 199
5898 175
5899 168
5900 174
5901 175
5902 171
5903 165
5904 182
5905 204
5906 182
5907 185
5908 187
5909 181
5910 158
5911 185
5912 172
5913 171
5914 172
5915 184
5916 181
5917 162
5918 166
5919 155
5920 174
5921 167
5922 198
5923 158
5924 161
5925 164
5926 158
5927 147
5928 193
5929 178
5930 168
5931 151
5932 184
5933 166
5934 199
5935 162
5936 160
5937 164
5938 186
5939 171
5940 160
5941 180
5942 192
5943 183
5944 152
5945 179
5946 144
5947 188
5948 184
5949 180
5950 172
5951 183
5952 157
5953 173
5954 193
5955 182
5956 175
5957 157
5958 167
5959 160
5960 180
5961 193
5962 162
5963 169
5964 153
5965 160
5966 163
5967 177
5968 178
5969 180
5970 171
5971 157
5972 151
5973 175
5974 161
5975 181
5976 167
5977 177
5978 158
5979 166
5980 173
5981 187
5982 166
5983 174
5984 180
5985 176
5986 166
5987 178
5988 154
5989 166
5990 150
5991 148
5992 150
5993 162
5994 184
5995 185
5996 157
5997 173
5998 176
5999 157
6000 150
6001 161
6002 178
6003 158
6004 165
6005 188
6006 158
6007 180
6008 147
6009 158
6010 146
6011 172
6012 184
6013 166
6014 160
6015 171
6016 149
6017 153
6018 152
6019 168
6020 167
6021 185
6022 184
6023 170
6024 162
6025 154
6026 145
6027 165
6028 157
6029 175
6030 137
6031 149
6032 157
6033 173
6034 150
6035 145
6036 149
6037 153
6038 160
6039 153
6040 136
6041 139
6042 164
6043 162
6044 149
6045 158
6046 177
6047 153
6048 141
6049 151
6050 172
6051 161
6052 182
6053 176
6054 186
6055 154
6056 158
6057 165
6058 151
6059 162
6060 150
6061 166
6062 173
6063 161
6064 167
6065 163
6066 175
6067 139
6068 169
6069 157
6070 171
6071 186
6072 171
6073 157
6074 151
6075 162
6076 145
6077 170
6078 161
6079 180
6080 155
6081 158
6082 171
6083 156
6084 147
6085 154
6086 151
6087 168
6088 167
6089 152
6090 143
6091 154
6092 152
6093 150
6094 148
6095 132
6096 159
6097 168
6098 124
6099 147
6100 139
6101 162
6102 151
6103 154
6104 148
6105 135
6106 133
6107 143
6108 150
6109 158
6110 145
6111 139
6112 180
6113 139
6114 141
6115 154
6116 140
6117 151
6118 144
6119 136
6120 148
6121 146
6122 162
6123 143
6124 133
6125 160
6126 135
6127 155
6128 137
6129 122
6130 141
6131 130
6132 142
6133 137
6134 148
6135 136
6136 128
6137 132
6138 128
6139 135
6140 130
6141 140
6142 141
6143 122
6144 154
6145 140
6146 123
6147 126
6148 125
6149 121
6150 125
6151 136
6152 129
6153 157
6154 131
6155 123
6156 108
6157 136
6158 140
6159 137
6160 131
6161 153
6162 127
6163 146
6164 122
6165 113
6166 157
6167 122
6168 125
6169 142
6170 134
6171 130
6172 140
6173 125
6174 125
6175 138
6176 126
6177 137
6178 116
6179 122
6180 109
6181 144
6182 152
6183 117
6184 125
6185 138
6186 121
6187 132
6188 122
6189 136
6190 115
6191 119
6192 111
6193 122
6194 116
6195 120
6196 120
6197 115
6198 126
6199 135
6200 126
6201 128
6202 125
6203 110
6204 123
6205 132
6206 95
6207 149
6208 120
6209 136
6210 106
6211 105
6212 107
6213 114
6214 147
6215 126
6216 122
6217 119
6218 113
6219 130
6220 113
6221 120
6222 101
6223 112
6224 107
6225 116
6226 108
6227 118
6228 98
6229 101
6230 95
6231 106
6232 117
6233 112
6234 102
6235 121
6236 100
6237 124
6238 108
6239 123
6240 101
6241 107
6242 91
6243 117
6244 119
6245 125
6246 122
6247 105
6248 133
6249 101
6250 98
6251 111
6252 117
6253 117
6254 110
6255 110
6256 87
6257 108
6258 102
6259 113
6260 107
6261 112
6262 114
6263 105
6264 130
6265 98
6266 108
6267 97
6268 124
6269 101
6270 99
6271 105
6272 125
6273 99
6274 107
6275 114
6276 110
6277 98
6278 123
6279 95
6280 121
6281 91
6282 110
6283 104
6284 93
6285 76
6286 80
6287 98
6288 107
6289 97
6290 98
6291 122
6292 91
6293 99
6294 95
6295 88
6296 108
6297 106
6298 103
6299 88
6300 106
6301 114
6302 116
6303 100
6304 84
6305 83
6306 92
6307 88
6308 99
6309 82
6310 85
6311 120
6312 79
6313 93
6314 98
6315 109
6316 94
6317 83
6318 100
6319 94
6320 100
6321 71
6322 91
6323 92
6324 103
6325 87
6326 89
6327 90
6328 99
6329 85
6330 83
6331 81
6332 91
6333 101
6334 97
6335 97
6336 84
6337 89
6338 73
6339 86
6340 101
6341 84
6342 89
6343 71
6344 93
6345 94
6346 95
6347 92
6348 97
6349 98
6350 104
6351 83
6352 71
6353 79
6354 81
6355 104
6356 86
6357 90
6358 74
6359 79
6360 99
6361 83
6362 100
6363 87
6364 84
6365 93
6366 84
6367 96
6368 86
6369 86
6370 81
6371 81
6372 83
6373 85
6374 60
6375 84
6376 88
6377 83
6378 83
6379 68
6380 91
6381 84
6382 90
6383 71
6384 81
6385 90
6386 73
6387 84
6388 84
6389 88
6390 80
6391 87
6392 83
6393 79
6394 71
6395 69
6396 82
6397 90
6398 82
6399 82
6400 61
6401 83
6402 78
6403 88
6404 65
6405 89
6406 86
6407 75
6408 71
6409 71
6410 61
6411 72
6412 81
6413 99
6414 72
6415 92
6416 71
6417 79
6418 73
6419 81
6420 90
6421 85
6422 73
6423 87
6424 77
6425 83
6426 75
6427 69
6428 71
6429 72
6430 67
6431 67
6432 78
6433 93
6434 58
6435 85
6436 77
6437 68
6438 70
6439 65
6440 66
6441 66
6442 68
6443 69
6444 75
6445 76
6446 70
6447 79
6448 65
6449 75
6450 66
6451 56
6452 85
6453 66
6454 73
6455 72
6456 84
6457 72
6458 85
6459 64
6460 84
6461 85
6462 83
6463 68
6464 79
6465 68
6466 53
6467 64
6468 77
6469 69
6470 72
6471 66
6472 62
6473 56
6474 72
6475 83
6476 66
6477 71
6478 87
6479 71
6480 73
6481 52
6482 66
6483 59
6484 74
6485 73
6486 69
6487 58
6488 62
6489 64
6490 64
6491 74
6492 65
6493 61
6494 66
6495 70
6496 57
6497 65
6498 58
6499 52
6500 61
6501 54
6502 63
6503 79
6504 68
6505 55
6506 59
6507 57
6508 57
6509 78
6510 68
6511 68
6512 56
6513 66
6514 71
6515 55
6516 57
6517 53
6518 52
6519 59
6520 58
6521 45
6522 65
6523 76
6524 81
6525 57
6526 72
6527 54
6528 69
6529 53
6530 49
6531 59
6532 55
6533 71
6534 59
6535 63
6536 56
6537 63
6538 48
6539 65
6540 67
6541 79
6542 62
6543 65
6544 68
6545 63
6546 58
6547 52
6548 59
6549 47
6550 57
6551 62
6552 62
6553 61
6554 64
6555 57
6556 56
6557 59
6558 65
6559 44
6560 58
6561 68
6562 54
6563 44
6564 61
6565 58
6566 59
6567 54
6568 62
6569 46
6570 49
6571 63
6572 61
6573 71
6574 64
6575 51
6576 64
6577 57
6578 57
6579 53
6580 54
6581 64
6582 69
6583 58
6584 50
6585 54
6586 56
6587 59
6588 64
6589 50
6590 50
6591 51
6592 46
6593 59
6594 50
6595 50
6596 51
6597 56
6598 52
6599 55
6600 64
6601 56
6602 47
6603 63
6604 46
6605 57
6606 45
6607 61
6608 55
6609 50
6610 46
6611 54
6612 55
6613 42
6614 53
6615 52
6616 52
6617 42
6618 44
6619 53
6620 58
6621 40
6622 47
6623 50
6624 45
6625 61
6626 62
6627 51
6628 50
6629 44
6630 44
6631 56
6632 46
6633 57
6634 51
6635 49
6636 50
6637 45
6638 58
6639 47
6640 39
6641 61
6642 39
6643 57
6644 48
6645 49
6646 42
6647 54
6648 42
6649 59
6650 48
6651 40
6652 46
6653 61
6654 52
6655 54
6656 42
6657 48
6658 49
6659 45
6660 38
6661 54
6662 44
6663 34
6664 42
6665 51
6666 48
6667 55
6668 48
6669 57
6670 52
6671 48
6672 47
6673 41
6674 37
6675 52
6676 58
6677 39
6678 43
6679 41
6680 43
6681 55
6682 62
6683 31
6684 49
6685 40
6686 52
6687 50
6688 40
6689 44
6690 49
6691 37
6692 38
6693 48
6694 45
6695 47
6696 34
6697 59
6698 38
6699 55
6700 38
6701 50
6702 46
6703 30
6704 56
6705 44
6706 30
6707 64
6708 46
6709 45
6710 41
6711 38
6712 54
6713 49
6714 48
6715 34
6716 46
6717 45
6718 47
6719 45
6720 34
6721 42
6722 40
6723 47
6724 37
6725 46
6726 41
6727 48
6728 30
6729 36
6730 46
6731 45
6732 46
6733 31
6734 51
6735 42
6736 39
6737 42
6738 46
6739 41
6740 36
6741 38
6742 40
6743 50
6744 47
6745 51
6746 44
6747 35
6748 38
6749 49
6750 49
6751 36
6752 31
6753 39
6754 36
6755 48
6756 41
6757 38
6758 37
6759 39
6760 42
6761 34
6762 34
6763 34
6764 49
6765 37
6766 39
6767 37
6768 34
6769 40
6770 50
6771 41
6772 42
6773 41
6774 33
6775 49
6776 44
6777 39
6778 27
6779 39
6780 41
6781 29
6782 41
6783 36
6784 41
6785 50
6786 42
6787 37
6788 38
6789 44
6790 38
6791 42
6792 42
6793 44
6794 32
6795 34
6796 28
6797 54
6798 34
6799 45
6800 41
6801 45
6802 36
6803 34
6804 34
6805 40
6806 37
6807 37
6808 45
6809 32
6810 41
6811 37
6812 34
6813 42
6814 34
6815 34
6816 46
6817 42
6818 30
6819 38
6820 36
6821 33
6822 44
6823 35
6824 34
6825 40
6826 37
6827 41
6828 27
6829 31
6830 41
6831 31
6832 27
6833 47
6834 29
6835 29
6836 41
6837 30
6838 33
6839 30
6840 28
6841 32
6842 35
6843 24
6844 30
6845 28
6846 35
6847 39
6848 40
6849 44
6850 30
6851 37
6852 27
6853 36
6854 44
6855 33
6856 40
6857 31
6858 43
6859 29
6860 35
6861 35
6862 44
6863 20
6864 35
6865 39
6866 31
6867 33
6868 30
6869 41
6870 38
6871 40
6872 31
6873 29
6874 25
6875 22
6876 38
6877 32
6878 45
6879 39
6880 32
6881 32
6882 29
6883 41
6884 32
6885 35
6886 31
6887 34
6888 29
6889 43
6890 39
6891 32
6892 38
6893 39
6894 44
6895 27
6896 27
6897 22
6898 40
6899 36
6900 43
6901 41
6902 29
6903 31
6904 24
6905 32
6906 30
6907 41
6908 35
6909 25
6910 29
6911 33
6912 38
6913 30
6914 26
6915 31
6916 28
6917 31
6918 27
6919 35
6920 25
6921 32
6922 19
6923 40
6924 31
6925 39
6926 27
6927 24
6928 26
6929 22
6930 27
6931 29
6932 26
6933 28
6934 26
6935 36
6936 24
6937 14
6938 39
6939 24
6940 27
6941 26
6942 25
6943 28
6944 36
6945 25
6946 30
6947 26
6948 33
6949 23
6950 25
6951 26
6952 22
6953 25
6954 19
6955 27
6956 34
6957 30
6958 25
6959 25
6960 32
6961 28
6962 29
6963 26
6964 28
6965 27
6966 22
6967 22
6968 24
6969 29
6970 27
6971 28
6972 27
6973 29
6974 24
6975 36
6976 33
6977 22
6978 31
6979 30
6980 27
6981 24
6982 28
6983 21
6984 32
6985 36
6986 26
6987 32
6988 38
6989 31
6990 31
6991 25
6992 28
6993 31
6994 23
6995 29
6996 25
6997 23
6998 35
6999 35
7000 29
7001 37
7002 30
7003 35
7004 19
7005 27
7006 37
7007 32
7008 23
7009 23
7010 40
7011 18
7012 37
7013 36
7014 28
7015 26
7016 21
7017 27
7018 28
7019 31
7020 39
7021 26
7022 26
7023 33
7024 33
7025 26
7026 24
7027 28
7028 31
7029 29
7030 24
7031 24
7032 18
7033 29
7034 25
7035 28
7036 22
7037 31
7038 29
7039 24
7040 31
7041 29
7042 27
7043 25
7044 32
7045 24
7046 23
7047 27
7048 24
7049 31
7050 32
7051 27
7052 35
7053 22
7054 17
7055 27
7056 24
7057 31
7058 22
7059 22
7060 14
7061 32
7062 26
7063 26
7064 27
7065 29
7066 21
7067 28
7068 20
7069 31
7070 27
7071 31
7072 24
7073 27
7074 30
7075 29
7076 18
7077 26
7078 22
7079 33
7080 25
7081 30
7082 26
7083 29
7084 30
7085 26
7086 26
7087 30
7088 15
7089 27
7090 28
7091 20
7092 25
7093 25
7094 26
7095 26
7096 30
7097 32
7098 33
7099 25
7100 22
7101 21
7102 22
7103 23
7104 27
7105 20
7106 27
7107 25
7108 30
7109 28
7110 19
7111 26
7112 21
7113 23
7114 22
7115 19
7116 17
7117 18
7118 28
7119 32
7120 15
7121 31
7122 21
7123 24
7124 26
7125 24
7126 29
7127 24
7128 28
7129 33
7130 20
7131 19
7132 24
7133 33
7134 23
7135 34
7136 21
7137 31
7138 27
7139 21
7140 18
7141 21
7142 26
7143 23
7144 18
7145 31
7146 32
7147 22
7148 29
7149 19
7150 28
7151 28
7152 24
7153 29
7154 32
7155 26
7156 19
7157 27
7158 21
7159 17
7160 21
7161 32
7162 23
7163 24
7164 23
7165 24
7166 19
7167 22
7168 26
7169 23
7170 24
7171 25
7172 16
7173 18
7174 23
7175 28
7176 33
7177 24
7178 26
7179 29
7180 27
7181 33
7182 17
7183 24
7184 19
7185 25
7186 17
7187 34
7188 28
7189 22
7190 37
7191 31
7192 18
7193 20
7194 21
7195 23
7196 23
7197 31
7198 25
7199 30
7200 24
7201 28
7202 27
7203 23
7204 35
7205 25
7206 20
7207 26
7208 28
7209 19
7210 25
7211 33
7212 25
7213 19
7214 30
7215 26
7216 22
7217 33
7218 23
7219 26
7220 21
7221 31
7222 32
7223 28
7224 24
7225 25
7226 25
7227 23
7228 37
7229 22
7230 27
7231 19
7232 27
7233 20
7234 28
7235 27
7236 24
7237 35
7238 27
7239 20
7240 29
7241 21
7242 27
7243 27
7244 18
7245 26
7246 19
7247 31
7248 19
7249 24
7250 17
7251 27
7252 30
7253 24
7254 21
7255 32
7256 34
7257 20
7258 25
7259 27
7260 24
7261 23
7262 21
7263 26
7264 27
7265 29
7266 32
7267 18
7268 15
7269 18
7270 28
7271 30
7272 22
7273 21
7274 24
7275 22
7276 17
7277 25
7278 19
7279 19
7280 21
7281 24
7282 25
7283 32
7284 25
7285 28
7286 22
7287 25
7288 12
7289 23
7290 23
7291 19
7292 22
7293 31
7294 33
7295 21
7296 28
7297 27
7298 22
7299 28
7300 22
7301 11
7302 16
7303 29
7304 24
7305 24
7306 14
7307 20
7308 22
7309 27
7310 31
7311 20
7312 30
7313 24
7314 17
7315 19
7316 22
7317 35
7318 28
7319 19
7320 14
7321 22
7322 27
7323 34
7324 17
7325 14
7326 12
7327 23
7328 23
7329 15
7330 23
7331 16
7332 28
7333 29
7334 17
7335 21
7336 20
7337 26
7338 21
7339 24
7340 22
7341 29
7342 21
7343 20
7344 25
7345 27
7346 20
7347 15
7348 21
7349 23
7350 30
7351 21
7352 25
7353 22
7354 20
7355 18
7356 22
7357 22
7358 23
7359 30
7360 28
7361 25
7362 25
7363 29
7364 25
7365 20
7366 23
7367 19
7368 18
7369 16
7370 22
7371 34
7372 26
7373 24
7374 26
7375 19
7376 29
7377 23
7378 20
7379 21
7380 20
7381 20
7382 15
7383 26
7384 22
7385 20
7386 22
7387 13
7388 21
7389 17
7390 22
7391 22
7392 23
7393 14
7394 25
7395 33
7396 19
7397 23
7398 22
7399 21
7400 22
7401 23
7402 21
7403 23
7404 24
7405 24
7406 24
7407 20
7408 33
7409 22
7410 16
7411 16
7412 19
7413 23
7414 21
7415 26
7416 18
7417 18
7418 26
7419 18
7420 21
7421 13
7422 25
7423 24
7424 14
7425 20
7426 20
7427 14
7428 20
7429 22
7430 27
7431 25
7432 22
7433 24
7434 17
7435 15
7436 22
7437 23
7438 16
7439 26
7440 24
7441 29
7442 23
7443 26
7444 28
7445 21
7446 20
7447 19
7448 22
7449 14
7450 18
7451 16
7452 18
7453 17
7454 18
7455 18
7456 21
7457 25
7458 14
7459 23
7460 15
7461 28
7462 29
7463 22
7464 32
7465 21
7466 18
7467 22
7468 25
7469 16
7470 25
7471 22
7472 25
7473 22
7474 22
7475 16
7476 19
7477 18
7478 18
7479 16
7480 19
7481 21
7482 24
7483 24
7484 19
7485 13
7486 24
7487 23
7488 13
7489 25
7490 18
7491 22
7492 10
7493 19
7494 15
7495 22
7496 19
7497 16
7498 20
7499 22
7500 23
7501 16
7502 23
7503 21
7504 13
7505 20
7506 16
7507 17
7508 24
7509 27
7510 12
7511 19
7512 17
7513 21
7514 23
7515 18
7516 18
7517 18
7518 28
7519 22
7520 33
7521 24
7522 19
7523 18
7524 17
7525 26
7526 15
7527 19
7528 22
7529 25
7530 20
7531 18
7532 20
7533 24
7534 20
7535 19
7536 17
7537 21
7538 17
7539 17
7540 22
7541 28
7542 18
7543 15
7544 18
7545 19
7546 16
7547 20
7548 18
7549 22
7550 19
7551 16
7552 22
7553 16
7554 24
7555 25
7556 16
7557 26
7558 18
7559 27
7560 24
7561 16
7562 19
7563 13
7564 20
7565 14
7566 18
7567 20
7568 19
7569 20
7570 19
7571 19
7572 23
7573 23
7574 19
7575 22
7576 19
7577 26
7578 22
7579 23
7580 12
7581 22
7582 16
7583 22
7584 23
7585 11
7586 22
7587 20
7588 19
7589 28
7590 22
7591 22
7592 19
7593 22
7594 20
7595 24
7596 23
7597 9
7598 17
7599 18
7600 16
7601 23
7602 20
7603 31
7604 17
7605 14
7606 17
7607 20
7608 16
7609 25
7610 14
7611 12
7612 24
7613 16
7614 16
7615 12
7616 20
7617 18
7618 22
7619 20
7620 20
7621 9
7622 17
7623 11
7624 15
7625 18
7626 17
7627 16
7628 26
7629 26
7630 17
7631 19
7632 22
7633 14
7634 24
7635 18
7636 16
7637 16
7638 18
7639 20
7640 18
7641 14
7642 23
7643 26
7644 24
7645 14
7646 25
7647 32
7648 17
7649 22
7650 24
7651 23
7652 17
7653 18
7654 18
7655 11
7656 16
7657 25
7658 16
7659 16
7660 27
7661 11
7662 20
7663 22
7664 24
7665 21
7666 21
7667 15
7668 26
7669 16
7670 18
7671 18
7672 21
7673 22
7674 28
7675 20
7676 21
7677 18
7678 28
7679 24
7680 12
7681 27
7682 16
7683 14
7684 25
7685 14
7686 13
7687 20
7688 24
7689 20
7690 22
7691 26
7692 20
7693 26
7694 16
7695 25
7696 20
7697 15
7698 16
7699 16
7700 17
7701 27
7702 17
7703 9
7704 16
7705 30
7706 14
7707 15
7708 22
7709 19
7710 28
7711 15
7712 18
7713 18
7714 24
7715 27
7716 20
7717 17
7718 21
7719 12
7720 13
7721 22
7722 17
7723 18
7724 17
7725 14
7726 27
7727 18
7728 13
7729 16
7730 19
7731 11
7732 15
7733 15
7734 16
7735 22
7736 13
7737 29
7738 16
7739 23
7740 18
7741 15
7742 28
7743 21
7744 15
7745 15
7746 20
7747 19
7748 19
7749 20
7750 24
7751 24
7752 18
7753 29
7754 19
7755 19
7756 19
7757 17
7758 23
7759 9
7760 20
7761 18
7762 16
7763 20
7764 15
7765 13
7766 24
7767 21
7768 20
7769 17
7770 15
7771 20
7772 26
7773 16
7774 21
7775 25
7776 19
7777 13
7778 15
7779 14
7780 18
7781 18
7782 19
7783 21
7784 14
7785 24
7786 20
7787 17
7788 24
7789 14
7790 22
7791 11
7792 17
7793 15
7794 20
7795 24
7796 22
7797 13
7798 20
7799 16
7800 14
7801 18
7802 16
7803 14
7804 24
7805 19
7806 21
7807 27
7808 20
7809 17
7810 22
7811 25
7812 20
7813 23
7814 12
7815 14
7816 27
7817 22
7818 18
7819 20
7820 25
7821 17
7822 13
7823 22
7824 13
7825 18
7826 15
7827 15
7828 17
7829 15
7830 23
7831 14
7832 14
7833 19
7834 22
7835 24
7836 23
7837 16
7838 23
7839 11
7840 16
7841 20
7842 16
7843 16
7844 14
7845 24
7846 16
7847 15
7848 15
7849 15
7850 15
7851 16
7852 14
7853 17
7854 19
7855 20
7856 23
7857 19
7858 23
7859 28
7860 13
7861 19
7862 19
7863 18
7864 19
7865 19
7866 20
7867 24
7868 22
7869 30
7870 13
7871 17
7872 15
7873 20
7874 21
7875 23
7876 24
7877 18
7878 23
7879 17
7880 24
7881 17
7882 20
7883 22
7884 15
7885 19
7886 19
7887 20
7888 13
7889 23
7890 8
7891 14
7892 18
7893 14
7894 15
7895 19
7896 16
7897 17
7898 23
7899 16
7900 13
7901 15
7902 7
7903 19
7904 16
7905 19
7906 32
7907 13
7908 15
7909 12
7910 20
7911 21
7912 17
7913 11
7914 11
7915 18
7916 15
7917 19
7918 16
7919 14
7920 23
7921 15
7922 19
7923 20
7924 24
7925 13
7926 10
7927 9
7928 15
7929 15
7930 16
7931 16
7932 15
7933 19
7934 15
7935 13
7936 14
7937 19
7938 19
7939 11
7940 19
7941 16
7942 9
7943 9
7944 20
7945 23
7946 13
7947 21
7948 12
7949 14
7950 16
7951 12
7952 20
7953 25
7954 19
7955 27
7956 19
7957 15
7958 23
7959 17
7960 20
7961 16
7962 10
7963 20
7964 25
7965 15
7966 16
7967 15
7968 11
7969 18
7970 19
7971 11
7972 17
7973 14
7974 24
7975 22
7976 17
7977 18
7978 16
7979 18
7980 17
7981 14
7982 16
7983 16
7984 18
7985 20
7986 14
7987 15
7988 17
7989 19
7990 15
7991 22
7992 18
7993 13
7994 14
7995 13
7996 23
7997 18
7998 12
7999 22
8000 11
8001 22
8002 16
8003 15
8004 26
8005 19
8006 13
8007 24
8008 19
8009 12
8010 12
8011 25
8012 22
8013 18
8014 19
8015 15
8016 23
8017 13
8018 18
8019 17
8020 15
8021 18
8022 11
8023 11
8024 14
8025 15
8026 12
8027 17
8028 14
8029 23
8030 15
8031 21
8032 8
8033 23
8034 12
8035 16
8036 16
8037 12
8038 18
8039 24
8040 18
8041 19
8042 23
8043 19
8044 18
8045 15
8046 20
8047 20
8048 15
8049 19
8050 23
8051 12
8052 16
8053 17
8054 21
8055 17
8056 18
8057 22
8058 21
8059 16
8060 21
8061 20
8062 19
8063 19
8064 21
8065 19
8066 19
8067 22
8068 23
8069 25
8070 8
8071 15
8072 19
8073 13
8074 20
8075 20
8076 11
8077 21
8078 10
8079 10
8080 20
8081 18
8082 9
8083 15
8084 13
8085 17
8086 18
8087 15
8088 22
8089 18
8090 17
8091 11
8092 13
8093 14
8094 26
8095 27
8096 17
8097 23
8098 21
8099 17
8100 19
8101 24
8102 20
8103 13
8104 21
8105 17
8106 10
8107 11
8108 16
8109 17
8110 20
8111 12
8112 19
8113 24
8114 15
8115 14
8116 20
8117 22
8118 9
8119 24
8120 19
8121 15
8122 21
8123 20
8124 15
8125 23
8126 19
8127 17
8128 14
8129 18
8130 24
8131 19
8132 20
8133 20
8134 18
8135 18
8136 20
8137 17
8138 10
8139 19
8140 11
8141 14
8142 19
8143 22
8144 12
8145 16
8146 18
8147 13
8148 15
8149 20
8150 12
8151 13
8152 14
8153 13
8154 14
8155 16
8156 21
8157 11
8158 11
8159 15
8160 23
8161 13
8162 17
8163 12
8164 17
8165 22
8166 21
8167 10
8168 20
8169 19
8170 17
8171 19
8172 23
8173 13
8174 19
8175 11
8176 11
8177 9
8178 15
8179 18
8180 11
8181 15
8182 21
8183 19
8184 9
8185 19
8186 20
8187 15
8188 16
8189 18
8190 23
8191 16
8192 15
8193 21
8194 18
8195 19
8196 26
8197 14
8198 14
8199 22
8200 17
8201 17
8202 19
8203 10
8204 15
8205 13
8206 13
8207 14
8208 22
8209 27
8210 17
8211 12
8212 16
8213 22
8214 16
8215 23
8216 19
8217 18
8218 17
8219 20
8220 9
8221 16
8222 22
8223 15
8224 10
8225 23
8226 18
8227 16
8228 10
8229 16
8230 11
8231 21
8232 14
8233 20
8234 15
8235 19
8236 20
8237 14
8238 15
8239 16
8240 18
8241 13
8242 11
8243 17
8244 12
8245 16
8246 20
8247 17
8248 15
8249 17
8250 18
8251 19
8252 13
8253 15
8254 15
8255 14
8256 20
8257 20
8258 12
8259 15
8260 11
8261 13
8262 17
8263 18
8264 15
8265 15
8266 16
8267 15
8268 18
8269 13
8270 21
8271 13
8272 21
8273 24
8274 18
8275 19
8276 17
8277 20
8278 16
8279 16
8280 13
8281 14
8282 16
8283 16
8284 14
8285 20
8286 19
8287 15
8288 14
8289 16
8290 11
8291 24
8292 13
8293 22
8294 15
8295 17
8296 18
8297 13
8298 13
8299 20
8300 19
8301 14
8302 15
8303 22
8304 20
8305 20
8306 14
8307 15
8308 17
8309 11
8310 15
8311 14
8312 18
8313 11
8314 19
8315 19
8316 12
8317 17
8318 16
8319 19
8320 20
8321 15
8322 13
8323 18
8324 17
8325 16
8326 13
8327 16
8328 17
8329 26
8330 23
8331 16
8332 22
8333 16
8334 16
8335 16
8336 15
8337 13
8338 20
8339 21
8340 17
8341 12
8342 16
8343 13
8344 17
8345 11
8346 9
8347 26
8348 15
8349 17
8350 12
8351 13
8352 18
8353 13
8354 14
8355 20
8356 12
8357 19
8358 18
8359 14
8360 14
8361 17
8362 20
8363 13
8364 12
8365 14
8366 24
8367 16
8368 16
8369 11
8370 15
8371 12
8372 15
8373 14
8374 19
8375 21
8376 18
8377 16
8378 15
8379 15
8380 15
8381 14
8382 15
8383 17
8384 14
8385 20
8386 26
8387 18
8388 9
8389 10
8390 11
8391 11
8392 11
8393 10
8394 23
8395 26
8396 19
8397 22
8398 11
8399 16
8400 15
8401 15
8402 13
8403 17
8404 12
8405 19
8406 14
8407 12
8408 19
8409 17
8410 22
8411 3
8412 19
8413 27
8414 22
8415 16
8416 16
8417 16
8418 12
8419 22
8420 16
8421 20
8422 21
8423 17
8424 12
8425 23
8426 19
8427 16
8428 13
8429 21
8430 17
8431 16
8432 22
8433 20
8434 8
8435 15
8436 19
8437 19
8438 16
8439 17
8440 23
8441 18
8442 17
8443 21
8444 12
8445 25
8446 11
8447 12
8448 13
8449 11
8450 16
8451 12
8452 15
8453 23
8454 14
8455 17
8456 13
8457 17
8458 16
8459 17
8460 23
8461 16
8462 20
8463 10
8464 25
8465 17
8466 21
8467 16
8468 20
8469 14
8470 18
8471 26
8472 23
8473 16
8474 20
8475 13
8476 24
8477 18
8478 11
8479 13
8480 13
8481 14
8482 20
8483 20
8484 13
8485 18
8486 21
8487 15
8488 17
8489 14
8490 21
8491 21
8492 27
8493 11
8494 17
8495 17
8496 20
8497 17
8498 12
8499 25
8500 21
8501 17
8502 22
8503 20
8504 13
8505 16
8506 15
8507 26
8508 12
8509 18
8510 19
8511 14
8512 18
8513 15
8514 23
8515 17
8516 15
8517 17
8518 15
8519 15
8520 14
8521 15
8522 12
8523 28
8524 14
8525 12
8526 15
8527 26
8528 26
8529 31
8530 19
8531 10
8532 11
8533 19
8534 19
8535 18
8536 21
8537 17
8538 15
8539 14
8540 19
8541 14
8542 16
8543 21
8544 16
8545 8
8546 11
8547 23
8548 14
8549 16
8550 11
8551 16
8552 21
8553 21
8554 19
8555 14
8556 20
8557 19
8558 17
8559 17
8560 12
8561 16
8562 14
8563 18
8564 10
8565 23
8566 18
8567 18
8568 16
8569 19
8570 11
8571 15
8572 17
8573 18
8574 19
8575 12
8576 10
8577 14
8578 18
8579 20
8580 16
8581 15
8582 11
8583 20
8584 15
8585 21
8586 15
8587 24
8588 17
8589 16
8590 23
8591 14
8592 21
8593 22
8594 32
8595 21
8596 18
8597 15
8598 12
8599 13
8600 17
8601 14
8602 11
8603 14
8604 13
8605 15
8606 19
8607 18
8608 17
8609 24
8610 14
8611 18
8612 15
8613 17
8614 20
8615 17
8616 22
8617 19
8618 18
8619 21
8620 15
8621 27
8622 26
8623 17
8624 20
8625 17
8626 8
8627 19
8628 19
8629 12
8630 17
8631 18
8632 13
8633 26
8634 15
8635 17
8636 9
8637 22
8638 14
8639 20
8640 12
8641 12
8642 10
8643 20
8644 27
8645 18
8646 15
8647 15
8648 13
8649 11
8650 20
8651 17
8652 8
8653 16
8654 18
8655 26
8656 17
8657 12
8658 12
8659 20
8660 14
8661 21
8662 20
8663 15
8664 14
8665 21
8666 11
8667 17
8668 20
8669 23
8670 23
8671 23
8672 12
8673 11
8674 21
8675 19
8676 24
8677 17
8678 17
8679 12
8680 20
8681 25
8682 13
8683 12
8684 15
8685 20
8686 30
8687 19
8688 16
8689 19
8690 20
8691 26
8692 29
8693 25
8694 17
8695 23
8696 21
8697 17
8698 16
8699 20
8700 22
8701 27
8702 18
8703 15
8704 21
8705 20
8706 23
8707 22
8708 25
8709 22
8710 14
8711 25
8712 18
8713 15
8714 16
8715 26
8716 23
8717 18
8718 12
8719 15
8720 26
8721 22
8722 14
8723 17
8724 13
8725 19
8726 25
8727 14
8728 27
8729 14
8730 21
8731 27
8732 25
8733 22
8734 21
8735 23
8736 18
8737 13
8738 14
8739 23
8740 23
8741 16
8742 12
8743 16
8744 22
8745 21
8746 15
8747 18
8748 17
8749 13
8750 23
8751 24
8752 23
8753 26
8754 13
8755 14
8756 26
8757 18
8758 19
8759 20
8760 21
8761 17
8762 27
8763 21
8764 14
8765 17
8766 16
8767 18
8768 18
8769 17
8770 21
8771 23
8772 16
8773 17
8774 29
8775 21
8776 21
8777 28
8778 21
8779 16
8780 22
8781 22
8782 26
8783 20
8784 22
8785 15
8786 24
8787 21
8788 19
8789 17
8790 16
8791 20
8792 17
8793 23
8794 17
8795 30
8796 21
8797 17
8798 20
8799 20
8800 19
8801 27
8802 18
8803 18
8804 25
8805 23
8806 16
8807 19
8808 20
8809 18
8810 16
8811 21
8812 19
8813 14
8814 12
8815 7
8816 18
8817 19
8818 14
8819 18
8820 16
8821 17
8822 15
8823 19
8824 22
8825 25
8826 24
8827 22
8828 13
8829 27
8830 19
8831 15
8832 15
8833 16
8834 23
8835 21
8836 20
8837 19
8838 21
8839 15
8840 13
8841 17
8842 11
8843 17
8844 26
8845 19
8846 13
8847 30
8848 20
8849 24
8850 21
8851 20
8852 22
8853 20
8854 19
8855 21
8856 26
8857 17
8858 22
8859 17
8860 24
8861 19
8862 24
8863 17
8864 14
8865 26
8866 20
8867 17
8868 22
8869 11
8870 23
8871 18
8872 30
8873 15
8874 27
8875 21
8876 23
8877 19
8878 19
8879 17
8880 25
8881 19
8882 11
8883 23
8884 17
8885 22
8886 26
8887 28
8888 26
8889 17
8890 17
8891 15
8892 19
8893 15
8894 25
8895 20
8896 12
8897 26
8898 24
8899 12
8900 24
8901 23
8902 20
8903 24
8904 18
8905 20
8906 24
8907 17
8908 27
8909 21
8910 21
8911 27
8912 12
8913 15
8914 22
8915 21
8916 15
8917 16
8918 19
8919 21
8920 31
8921 21
8922 13
8923 22
8924 22
8925 23
8926 13
8927 18
8928 22
8929 18
8930 24
8931 23
8932 21
8933 27
8934 15
8935 14
8936 18
8937 20
8938 27
8939 23
8940 29
8941 24
8942 21
8943 19
8944 23
8945 12
8946 33
8947 17
8948 16
8949 20
8950 19
8951 16
8952 20
8953 16
8954 23
8955 13
8956 20
8957 14
8958 12
8959 19
8960 22
8961 20
8962 15
8963 28
8964 20
8965 18
8966 19
8967 21
8968 24
8969 20
8970 18
8971 21
8972 17
8973 19
8974 17
8975 22
8976 22
8977 22
8978 22
8979 19
8980 22
8981 16
8982 20
8983 17
8984 18
8985 22
8986 15
8987 17
8988 19
8989 18
8990 20
8991 22
8992 23
8993 23
8994 16
8995 13
8996 12
8997 23
8998 15
8999 23
9000 26
9001 28
9002 13
9003 24
9004 27
9005 12
9006 14
9007 34
9008 20
9009 17
9010 17
9011 22
9012 24
9013 28
9014 21
9015 13
9016 16
9017 11
9018 31
9019 18
9020 16
9021 18
9022 18
9023 26
9024 23
9025 23
9026 18
9027 25
9028 16
9029 24
9030 21
9031 23
9032 21
9033 21
9034 25
9035 22
9036 20
9037 15
9038 18
9039 15
9040 15
9041 20
9042 17
9043 28
9044 22
9045 28
9046 23
9047 24
9048 13
9049 24
9050 12
9051 19
9052 30
9053 19
9054 25
9055 23
9056 20
9057 27
9058 18
9059 20
9060 22
9061 17
9062 13
9063 18
9064 28
9065 20
9066 24
9067 22
9068 26
9069 17
9070 24
9071 17
9072 25
9073 20
9074 22
9075 18
9076 18
9077 23
9078 17
9079 16
9080 26
9081 19
9082 22
9083 24
9084 26
9085 23
9086 27
9087 14
9088 23
9089 19
9090 16
9091 23
9092 17
9093 19
9094 19
9095 18
9096 21
9097 17
9098 27
9099 18
9100 18
9101 22
9102 17
9103 17
9104 22
9105 18
9106 18
9107 24
9108 22
9109 25
9110 25
9111 30
9112 13
9113 24
9114 24
9115 23
9116 21
9117 31
9118 18
9119 20
9120 25
9121 20
9122 21
9123 22
9124 32
9125 22
9126 17
9127 24
9128 19
9129 21
9130 29
9131 26
9132 29
9133 19
9134 32
9135 21
9136 24
9137 29
9138 25
9139 16
9140 11
9141 30
9142 29
9143 26
9144 15
9145 20
9146 20
9147 17
9148 27
9149 34
9150 12
9151 23
9152 20
9153 21
9154 19
9155 24
9156 29
9157 20
9158 17
9159 23
9160 20
9161 19
9162 27
9163 27
9164 21
9165 20
9166 17
9167 19
9168 20
9169 18
9170 24
9171 24
9172 19
9173 13
9174 21
9175 29
9176 31
9177 20
9178 25
9179 21
9180 23
9181 22
9182 23
9183 20
9184 16
9185 25
9186 17
9187 24
9188 21
9189 23
9190 24
9191 32
9192 21
9193 21
9194 28
9195 22
9196 27
9197 21
9198 31
9199 26
9200 24
9201 20
9202 19
9203 23
9204 14
9205 24
9206 23
9207 23
9208 19
9209 26
9210 21
9211 25
9212 29
9213 26
9214 19
9215 14
9216 22
9217 31
9218 14
9219 28
9220 17
9221 29
9222 24
9223 27
9224 19
9225 20
9226 31
9227 24
9228 19
9229 26
9230 18
9231 13
9232 13
9233 19
9234 20
9235 26
9236 20
9237 16
9238 30
9239 16
9240 38
9241 20
9242 29
9243 31
9244 21
9245 26
9246 17
9247 22
9248 19
9249 19
9250 22
9251 19
9252 25
9253 19
9254 25
9255 20
9256 15
9257 20
9258 25
9259 22
9260 17
9261 21
9262 28
9263 20
9264 18
9265 25
9266 20
9267 16
9268 16
9269 28
9270 30
9271 21
9272 19
9273 24
9274 23
9275 29
9276 33
9277 24
9278 19
9279 19
9280 25
9281 26
9282 16
9283 23
9284 29
9285 23
9286 21
9287 23
9288 22
9289 29
9290 22
9291 17
9292 22
9293 29
9294 26
9295 20
9296 18
9297 19
9298 20
9299 23
9300 25
9301 21
9302 23
9303 22
9304 21
9305 22
9306 15
9307 26
9308 23
9309 22
9310 20
9311 27
9312 18
9313 20
9314 25
9315 21
9316 21
9317 26
9318 21
9319 22
9320 27
9321 30
9322 23
9323 19
9324 26
9325 28
9326 28
9327 22
9328 17
9329 22
9330 28
9331 24
9332 25
9333 28
9334 21
9335 21
9336 27
9337 22
9338 23
9339 21
9340 19
9341 29
9342 36
9343 19
9344 23
9345 17
9346 22
9347 33
9348 17
9349 29
9350 21
9351 28
9352 27
9353 19
9354 23
9355 35
9356 17
9357 31
9358 20
9359 28
9360 23
9361 20
9362 28
9363 22
9364 29
9365 16
9366 26
9367 15
9368 18
9369 26
9370 20
9371 25
9372 29
9373 28
9374 23
9375 31
9376 25
9377 20
9378 19
9379 19
9380 22
9381 27
9382 24
9383 14
9384 20
9385 25
9386 22
9387 21
9388 31
9389 24
9390 27
9391 19
9392 16
9393 22
9394 27
9395 22
9396 29
9397 24
9398 24
9399 24
9400 19
9401 19
9402 18
9403 23
9404 23
9405 23
9406 24
9407 29
9408 21
9409 27
9410 20
9411 21
9412 25
9413 26
9414 21
9415 32
9416 28
9417 24
9418 20
9419 27
9420 25
9421 17
9422 28
9423 19
9424 29
9425 20
9426 22
9427 27
9428 27
9429 23
9430 19
9431 27
9432 26
9433 26
9434 23
9435 30
9436 26
9437 21
9438 30
9439 25
9440 32
9441 19
9442 22
9443 27
9444 31
9445 27
9446 26
9447 17
9448 26
9449 30
9450 19
9451 34
9452 26
9453 17
9454 27
9455 22
9456 16
9457 23
9458 23
9459 27
9460 18
9461 22
9462 17
9463 24
9464 22
9465 30
9466 21
9467 17
9468 29
9469 23
9470 32
9471 20
9472 21
9473 28
9474 32
9475 19
9476 24
9477 31
9478 31
9479 28
9480 30
9481 28
9482 21
9483 24
9484 32
9485 23
9486 18
9487 27
9488 20
9489 19
9490 17
9491 25
9492 20
9493 18
9494 24
9495 28
9496 21
9497 18
9498 28
9499 32
9500 30
9501 13
9502 24
9503 25
9504 18
9505 30
9506 16
9507 21
9508 22
9509 24
9510 29
9511 18
9512 19
9513 18
9514 20
9515 26
9516 23
9517 23
9518 20
9519 20
9520 23
9521 30
9522 18
9523 27
9524 25
9525 27
9526 24
9527 22
9528 19
9529 28
9530 24
9531 12
9532 32
9533 23
9534 24
9535 21
9536 19
9537 23
9538 18
9539 18
9540 22
9541 29
9542 26
9543 25
9544 31
9545 26
9546 33
9547 23
9548 26
9549 22
9550 22
9551 13
9552 25
9553 21
9554 23
9555 24
9556 19
9557 35
9558 17
9559 26
9560 21
9561 19
9562 18
9563 30
9564 19
9565 27
9566 18
9567 24
9568 33
9569 23
9570 17
9571 30
9572 27
9573 29
9574 20
9575 21
9576 23
9577 24
9578 27
9579 17
9580 14
9581 23
9582 23
9583 33
9584 15
9585 21
9586 21
9587 24
9588 28
9589 20
9590 15
9591 22
9592 16
9593 22
9594 22
9595 13
9596 16
9597 18
9598 24
9599 16
9600 19
9601 24
9602 31
9603 16
9604 23
9605 27
9606 21
9607 21
9608 25
9609 17
9610 19
9611 16
9612 22
9613 21
9614 25
9615 21
9616 21
9617 29
9618 8
9619 23
9620 22
9621 20
9622 19
9623 26
9624 17
9625 27
9626 16
9627 19
9628 18
9629 19
9630 16
9631 17
9632 21
9633 28
9634 19
9635 22
9636 17
9637 20
9638 24
9639 18
9640 24
9641 20
9642 28
9643 19
9644 23
9645 29
9646 25
9647 22
9648 24
9649 15
9650 24
9651 18
9652 25
9653 18
9654 17
9655 25
9656 24
9657 18
9658 25
9659 24
9660 25
9661 23
9662 16
9663 20
9664 22
9665 28
9666 16
9667 29
9668 24
9669 23
9670 19
9671 12
9672 21
9673 24
9674 22
9675 28
9676 22
9677 15
9678 28
9679 17
9680 37
9681 17
9682 22
9683 17
9684 20
9685 12
9686 21
9687 17
9688 27
9689 19
9690 21
9691 19
9692 26
9693 21
9694 17
9695 22
9696 20
9697 17
9698 24
9699 26
9700 23
9701 22
9702 18
9703 23
9704 27
9705 18
9706 21
9707 20
9708 23
9709 20
9710 19
9711 17
9712 18
9713 17
9714 22
9715 16
9716 17
9717 20
9718 21
9719 31
9720 16
9721 17
9722 15
9723 22
9724 18
9725 16
9726 27
9727 27
9728 21
9729 19
9730 21
9731 25
9732 19
9733 24
9734 14
9735 33
9736 22
9737 22
9738 22
9739 13
9740 20
9741 19
9742 20
9743 26
9744 21
9745 21
9746 27
9747 24
9748 23
9749 16
9750 19
9751 25
9752 22
9753 21
9754 22
9755 17
9756 18
9757 11
9758 21
9759 12
9760 22
9761 27
9762 25
9763 19
9764 33
9765 24
9766 19
9767 17
9768 23
9769 22
9770 11
9771 24
9772 30
9773 25
9774 20
9775 14
9776 14
9777 19
9778 24
9779 23
9780 14
9781 18
9782 24
9783 22
9784 16
9785 20
9786 15
9787 21
9788 17
9789 19
9790 22
9791 21
9792 8
9793 15
9794 25
9795 18
9796 7
9797 25
9798 17
9799 16
9800 20
9801 21
9802 20
9803 20
9804 20
9805 21
9806 21
9807 20
9808 23
9809 12
9810 18
9811 22
9812 16
9813 13
9814 18
9815 25
9816 13
9817 31
9818 22
9819 10
9820 22
9821 22
9822 22
9823 15
9824 14
9825 22
9826 31
9827 18
9828 17
9829 21
9830 23
9831 27
9832 22
9833 25
9834 22
9835 16
9836 23
9837 27
9838 15
9839 17
9840 24
9841 19
9842 25
9843 15
9844 18
9845 19
9846 23
9847 25
9848 31
9849 26
9850 15
9851 15
9852 25
9853 21
9854 21
9855 32
9856 16
9857 20
9858 28
9859 21
9860 17
9861 15
9862 18
9863 22
9864 30
9865 22
9866 23
9867 18
9868 12
9869 26
9870 22
9871 20
9872 17
9873 22
9874 19
9875 17
9876 26
9877 30
9878 24
9879 26
9880 16
9881 18
9882 23
9883 21
9884 12
9885 21
9886 24
9887 14
9888 23
9889 26
9890 35
9891 22
9892 32
9893 22
9894 20
9895 22
9896 21
9897 20
9898 17
9899 23
9900 19
9901 19
9902 25
9903 23
9904 32
9905 26
9906 22
9907 19
9908 20
9909 23
9910 22
9911 23
9912 17
9913 26
9914 21
9915 18
9916 22
9917 18
9918 26
9919 25
9920 29
9921 23
9922 20
9923 30
9924 19
9925 21
9926 16
9927 28
9928 19
9929 22
9930 20
9931 19
9932 25
9933 18
9934 15
9935 15
9936 28
9937 29
9938 21
9939 22
9940 19
9941 25
9942 26
9943 22
9944 20
9945 17
9946 17
9947 23
9948 16
9949 23
9950 20
9951 15
9952 27
9953 10
9954 23
9955 24
9956 21
9957 22
9958 19
9959 15
9960 17
9961 14
9962 20
9963 19
9964 15
9965 19
9966 20
9967 21
9968 23
9969 18
9970 21
9971 11
9972 25
9973 28
9974 14
9975 18
9976 20
9977 16
9978 23
9979 24
9980 22
9981 22
9982 13
9983 19
9984 18
9985 17
9986 27
9987 21
9988 19
9989 23
9990 23
9991 16
9992 24
9993 19
9994 18
9995 22
9996 25
9997 17
9998 21
9999 27
10000 20
10001 104347
