2 134899996
3 168358130
4 195566578
5 195738834
6 175966848
7 149702312
8 126018238
9 108085810
10 95146125
11 85344258
12 77282285
13 70395550
14 64416392
15 59158965
16 54499183
17 50167983
18 45950666
19 41772216
20 37474961
21 33118745
22 28835912
23 24708800
24 20891409
25 17440194
26 14401889
27 11810309
28 9669485
29 7926623
30 6555833
31 5482461
32 4645791
33 4020333
34 3530949
35 3141363
36 2838617
37 2591368
38 2381868
39 2204308
40 2050147
41 1913718
42 1789243
43 1677243
44 1570767
45 1471258
46 1384604
47 1296744
48 1221748
49 1151370
50 1085543
51 1027609
52 971085
53 920099
54 870123
55 831329
56 792501
57 755776
58 721704
59 689567
60 660164
61 632204
62 605900
63 581506
64 558973
65 539273
66 518398
67 498163
68 479128
69 461521
70 441939
71 428311
72 413687
73 399803
74 384787
75 371587
76 359230
77 347319
78 335996
79 325598
80 314460
81 305586
82 295881
83 288821
84 280137
85 270831
86 262696
87 254215
88 247826
89 240859
90 234757
91 226256
92 220416
93 215441
94 209425
95 204236
96 198992
97 193878
98 189434
99 184238
100 180134
101 175244
102 171432
103 167225
104 163471
105 159683
106 156452
107 152966
108 148170
109 145960
110 142686
111 139389
112 136420
113 133879
114 130798
115 127677
116 125745
117 123161
118 121093
119 118311
120 115752
121 113647
122 110911
123 109221
124 107628
125 105743
126 102653
127 101620
128 100117
129 97672
130 95989
131 94569
132 92347
133 91577
134 89766
135 88008
136 86223
137 85157
138 83394
139 81939
140 81189
141 79582
142 78470
143 77092
144 75821
145 75088
146 73985
147 73124
148 72077
149 71607
150 70290
151 69221
152 68224
153 67184
154 67109
155 65239
156 65022
157 63798
158 62954
159 62259
160 61050
161 60536
162 59714
163 59285
164 58614
165 57659
166 56529
167 56228
168 55681
169 54642
170 54059
171 53430
172 53059
173 52275
174 52042
175 51200
176 51165
177 49889
178 49231
179 48999
180 48555
181 48467
182 47989
183 47699
184 46881
185 46678
186 45680
187 45650
188 44936
189 44992
190 44618
191 44348
192 43782
193 43234
194 43191
195 42572
196 42148
197 41702
198 41670
199 41100
200 40910
201 41002
202 39854
203 39760
204 39034
205 39289
206 39095
207 39000
208 38482
209 38123
210 37897
211 37497
212 37262
213 36860
214 36999
215 36918
216 35971
217 36008
218 35485
219 35344
220 35071
221 34741
222 34600
223 33930
224 33497
225 33377
226 32849
227 33026
228 32422
229 31878
230 31745
231 31419
232 31285
233 31191
234 30890
235 30384
236 30492
237 30033
238 29730
239 29468
240 28827
241 28566
242 28387
243 28473
244 28114
245 27725
246 27347
247 27224
248 26747
249 26433
250 26096
251 25823
252 25757
253 25321
254 24979
255 24653
256 24309
257 24351
258 23780
259 23588
260 23703
261 23106
262 23109
263 22927
264 22532
265 22254
266 21817
267 22159
268 21528
269 21605
270 20876
271 21108
272 20793
273 20868
274 20411
275 20292
276 19916
277 19830
278 19838
279 19658
280 18992
281 18987
282 18922
283 18967
284 18622
285 18151
286 18071
287 17908
288 18076
289 17743
290 17325
291 17548
292 17008
293 17089
294 17052
295 16870
296 16616
297 16502
298 16207
299 15971
300 15779
301 15405
302 15801
303 15604
304 15433
305 15276
306 14959
307 14876
308 14876
309 14782
310 14581
311 14534
312 14380
313 14339
314 14424
315 14124
316 13927
317 14036
318 13651
319 13615
320 13436
321 13554
322 13198
323 13146
324 13040
325 12912
326 12764
327 12693
328 12619
329 12588
330 12717
331 12276
332 12231
333 11708
334 12033
335 11926
336 11630
337 11651
338 11631
339 11848
340 11558
341 11509
342 11073
343 11465
344 11171
345 11117
346 11107
347 11087
348 10669
349 10873
350 10725
351 10590
352 10625
353 10412
354 10429
355 10057
356 10124
357 10133
358 10053
359 10068
360 9865
361 9758
362 9696
363 9670
364 9700
365 9513
366 9393
367 9390
368 9334
369 9100
370 9018
371 8925
372 8984
373 9043
374 9031
375 9000
376 8894
377 8604
378 8467
379 8761
380 8522
381 8410
382 8635
383 8497
384 8245
385 8455
386 8354
387 8212
388 8284
389 8236
390 8009
391 8188
392 8158
393 8133
394 7841
395 7723
396 7830
397 7788
398 7698
399 7567
400 7700
401 7633
402 7607
403 7648
404 7507
405 7328
406 7403
407 7432
408 7495
409 7307
410 7383
411 7373
412 7083
413 7110
414 7233
415 6969
416 7017
417 6868
418 7016
419 6876
420 6723
421 6740
422 6818
423 6632
424 6611
425 6781
426 6652
427 6563
428 6449
429 6408
430 6453
431 6484
432 6439
433 6287
434 6288
435 6323
436 6115
437 6171
438 6291
439 6139
440 6160
441 6112
442 5988
443 5955
444 5953
445 5859
446 6032
447 5909
448 5887
449 5901
450 6072
451 5849
452 5849
453 5788
454 5831
455 5896
456 5698
457 5726
458 5700
459 5655
460 5632
461 5582
462 5597
463 5447
464 5534
465 5535
466 5478
467 5425
468 5369
469 5536
470 5276
471 5396
472 5376
473 5323
474 5226
475 5439
476 5077
477 5258
478 5182
479 5250
480 5011
481 5045
482 5137
483 5075
484 4892
485 4959
486 4899
487 4993
488 4864
489 4884
490 4864
491 4748
492 4787
493 4776
494 4703
495 4678
496 4683
497 4548
498 4696
499 4537
500 4652
501 4581
502 4589
503 4559
504 4577
505 4539
506 4537
507 4649
508 4423
509 4422
510 4308
511 4403
512 4430
513 4379
514 4290
515 4272
516 4298
517 4330
518 4322
519 4238
520 4227
521 4407
522 4206
523 4249
524 4224
525 4181
526 4143
527 4092
528 4168
529 4141
530 4097
531 4140
532 4181
533 4040
534 4024
535 4002
536 3933
537 4149
538 3912
539 3980
540 3996
541 3964
542 3978
543 3867
544 3833
545 3816
546 3902
547 3834
548 3734
549 3848
550 3730
551 3708
552 3803
553 3669
554 3762
555 3667
556 3634
557 3667
558 3654
559 3606
560 3561
561 3531
562 3511
563 3567
564 3629
565 3486
566 3505
567 3412
568 3521
569 3512
570 3420
571 3421
572 3529
573 3399
574 3503
575 3445
576 3415
577 3396
578 3426
579 3357
580 3262
581 3366
582 3406
583 3328
584 3316
585 3315
586 3325
587 3249
588 3362
589 3358
590 3337
591 3092
592 3227
593 3236
594 3170
595 3124
596 3054
597 3152
598 3137
599 3097
600 3033
601 3076
602 3138
603 3106
604 3109
605 3216
606 3072
607 3088
608 3044
609 2952
610 2985
611 3001
612 2916
613 2961
614 2963
615 2863
616 2885
617 2886
618 3035
619 2923
620 2881
621 2912
622 2896
623 2834
624 2870
625 2887
626 2922
627 2795
628 2773
629 2768
630 2723
631 2825
632 2796
633 2781
634 2835
635 2713
636 2726
637 2753
638 2668
639 2749
640 2675
641 2747
642 2665
643 2674
644 2718
645 2681
646 2678
647 2639
648 2593
649 2635
650 2705
651 2678
652 2590
653 2617
654 2674
655 2659
656 2648
657 2583
658 2515
659 2517
660 2474
661 2595
662 2573
663 2577
664 2450
665 2461
666 2496
667 2485
668 2484
669 2502
670 2524
671 2394
672 2434
673 2446
674 2395
675 2362
676 2351
677 2425
678 2381
679 2299
680 2377
681 2359
682 2363
683 2452
684 2464
685 2322
686 2316
687 2404
688 2305
689 2279
690 2327
691 2307
692 2277
693 2354
694 2245
695 2238
696 2298
697 2256
698 2278
699 2372
700 2185
701 2186
702 2214
703 2190
704 2217
705 2173
706 2208
707 2197
708 2127
709 2184
710 2193
711 2187
712 2182
713 2122
714 2186
715 2070
716 2199
717 2155
718 2099
719 2135
720 2040
721 2087
722 2103
723 2103
724 2069
725 2077
726 2026
727 2008
728 2086
729 2100
730 2097
731 2083
732 2113
733 2059
734 2054
735 2079
736 2091
737 2055
738 2094
739 2048
740 2095
741 2085
742 1992
743 2015
744 1977
745 2064
746 2051
747 1957
748 1943
749 1958
750 2004
751 1966
752 1921
753 1967
754 1992
755 1925
756 1931
757 2007
758 1964
759 1885
760 1969
761 1920
762 1990
763 1896
764 1963
765 1919
766 1894
767 1917
768 1959
769 1891
770 1856
771 1774
772 1840
773 1968
774 1770
775 1918
776 1862
777 1907
778 1817
779 1874
780 1787
781 1844
782 1837
783 1783
784 1830
785 1746
786 1755
787 1834
788 1801
789 1736
790 1788
791 1802
792 1737
793 1842
794 1799
795 1812
796 1764
797 1751
798 1839
799 1834
800 1780
801 1812
802 1761
803 1756
804 1776
805 1663
806 1775
807 1726
808 1713
809 1729
810 1669
811 1732
812 1645
813 1721
814 1670
815 1643
816 1718
817 1634
818 1633
819 1685
820 1625
821 1687
822 1660
823 1617
824 1714
825 1663
826 1682
827 1664
828 1665
829 1693
830 1636
831 1632
832 1641
833 1669
834 1555
835 1674
836 1629
837 1627
838 1628
839 1518
840 1618
841 1583
842 1590
843 1582
844 1565
845 1623
846 1628
847 1559
848 1535
849 1581
850 1581
851 1615
852 1627
853 1576
854 1553
855 1574
856 1532
857 1563
858 1520
859 1542
860 1565
861 1561
862 1494
863 1471
864 1501
865 1504
866 1549
867 1557
868 1514
869 1488
870 1494
871 1448
872 1469
873 1469
874 1411
875 1431
876 1526
877 1467
878 1522
879 1419
880 1452
881 1408
882 1422
883 1414
884 1431
885 1401
886 1437
887 1432
888 1487
889 1384
890 1372
891 1386
892 1379
893 1398
894 1398
895 1349
896 1393
897 1441
898 1429
899 1394
900 1366
901 1402
902 1384
903 1367
904 1440
905 1353
906 1331
907 1441
908 1296
909 1398
910 1284
911 1318
912 1294
913 1316
914 1399
915 1366
916 1346
917 1313
918 1304
919 1268
920 1404
921 1320
922 1247
923 1310
924 1363
925 1346
926 1288
927 1305
928 1290
929 1298
930 1253
931 1251
932 1343
933 1291
934 1238
935 1279
936 1242
937 1271
938 1208
939 1343
940 1205
941 1304
942 1285
943 1262
944 1275
945 1323
946 1302
947 1235
948 1223
949 1206
950 1200
951 1259
952 1237
953 1180
954 1249
955 1241
956 1220
957 1227
958 1215
959 1202
960 1189
961 1258
962 1259
963 1218
964 1205
965 1222
966 1196
967 1171
968 1146
969 1209
970 1179
971 1211
972 1229
973 1204
974 1225
975 1185
976 1209
977 1187
978 1156
979 1168
980 1153
981 1207
982 1107
983 1146
984 1183
985 1125
986 1121
987 1102
988 1157
989 1090
990 1179
991 1132
992 1158
993 1172
994 1145
995 1096
996 1168
997 1135
998 1106
999 1157
1000 1182
1001 1191
1002 1127
1003 1081
1004 1176
1005 1129
1006 1114
1007 1157
1008 1120
1009 1128
1010 1078
1011 1094
1012 1086
1013 1100
1014 1049
1015 1085
1016 1126
1017 1114
1018 1109
1019 1096
1020 1064
1021 1070
1022 1068
1023 1084
1024 1076
1025 1103
1026 1054
1027 1099
1028 1069
1029 1065
1030 1082
1031 1103
1032 1035
1033 1062
1034 1076
1035 1035
1036 1081
1037 1063
1038 1058
1039 1090
1040 984
1041 1090
1042 1091
1043 990
1044 1017
1045 1054
1046 1050
1047 1032
1048 1097
1049 1042
1050 1071
1051 1046
1052 1111
1053 1126
1054 1103
1055 1050
1056 1032
1057 1013
1058 1035
1059 1007
1060 1006
1061 1054
1062 1073
1063 996
1064 948
1065 985
1066 1000
1067 960
1068 980
1069 1026
1070 1008
1071 994
1072 946
1073 1026
1074 993
1075 959
1076 960
1077 913
1078 911
1079 980
1080 969
1081 952
1082 1000
1083 967
1084 1012
1085 956
1086 918
1087 872
1088 878
1089 979
1090 970
1091 949
1092 912
1093 914
1094 933
1095 959
1096 916
1097 941
1098 913
1099 938
1100 941
1101 875
1102 942
1103 924
1104 934
1105 931
1106 879
1107 901
1108 945
1109 870
1110 871
1111 869
1112 848
1113 842
1114 850
1115 946
1116 924
1117 902
1118 875
1119 891
1120 919
1121 876
1122 919
1123 870
1124 885
1125 880
1126 841
1127 878
1128 887
1129 896
1130 808
1131 849
1132 858
1133 821
1134 811
1135 894
1136 820
1137 884
1138 812
1139 863
1140 839
1141 807
1142 808
1143 839
1144 831
1145 844
1146 807
1147 815
1148 871
1149 810
1150 794
1151 830
1152 845
1153 831
1154 802
1155 789
1156 860
1157 846
1158 782
1159 783
1160 806
1161 831
1162 831
1163 808
1164 772
1165 814
1166 818
1167 763
1168 795
1169 790
1170 810
1171 818
1172 778
1173 857
1174 772
1175 781
1176 816
1177 766
1178 745
1179 784
1180 798
1181 807
1182 790
1183 716
1184 756
1185 753
1186 757
1187 776
1188 777
1189 728
1190 776
1191 730
1192 739
1193 690
1194 764
1195 752
1196 717
1197 758
1198 712
1199 719
1200 772
1201 733
1202 786
1203 757
1204 746
1205 772
1206 728
1207 727
1208 758
1209 737
1210 739
1211 690
1212 760
1213 748
1214 753
1215 727
1216 721
1217 723
1218 694
1219 760
1220 727
1221 674
1222 732
1223 695
1224 709
1225 740
1226 670
1227 669
1228 703
1229 683
1230 691
1231 697
1232 712
1233 644
1234 681
1235 717
1236 722
1237 704
1238 687
1239 733
1240 690
1241 689
1242 692
1243 761
1244 724
1245 717
1246 703
1247 747
1248 657
1249 692
1250 708
1251 694
1252 688
1253 709
1254 711
1255 732
1256 680
1257 699
1258 631
1259 633
1260 696
1261 684
1262 694
1263 689
1264 618
1265 719
1266 696
1267 733
1268 718
1269 694
1270 724
1271 629
1272 689
1273 703
1274 711
1275 675
1276 643
1277 690
1278 660
1279 658
1280 681
1281 681
1282 671
1283 677
1284 732
1285 672
1286 668
1287 668
1288 682
1289 673
1290 693
1291 609
1292 689
1293 661
1294 616
1295 676
1296 654
1297 637
1298 662
1299 661
1300 670
1301 699
1302 586
1303 672
1304 654
1305 680
1306 626
1307 663
1308 700
1309 614
1310 629
1311 659
1312 671
1313 664
1314 653
1315 677
1316 627
1317 648
1318 699
1319 654
1320 660
1321 622
1322 676
1323 656
1324 646
1325 659
1326 657
1327 632
1328 678
1329 648
1330 623
1331 665
1332 680
1333 657
1334 646
1335 614
1336 609
1337 644
1338 620
1339 647
1340 644
1341 633
1342 664
1343 645
1344 637
1345 663
1346 623
1347 559
1348 628
1349 640
1350 644
1351 606
1352 614
1353 611
1354 574
1355 592
1356 622
1357 594
1358 653
1359 589
1360 595
1361 622
1362 589
1363 593
1364 573
1365 607
1366 595
1367 615
1368 598
1369 585
1370 614
1371 626
1372 579
1373 604
1374 590
1375 547
1376 624
1377 611
1378 576
1379 624
1380 588
1381 615
1382 563
1383 553
1384 599
1385 592
1386 543
1387 609
1388 584
1389 588
1390 589
1391 607
1392 565
1393 586
1394 553
1395 569
1396 582
1397 603
1398 546
1399 580
1400 592
1401 569
1402 548
1403 564
1404 558
1405 545
1406 553
1407 575
1408 564
1409 534
1410 592
1411 583
1412 542
1413 528
1414 589
1415 556
1416 543
1417 570
1418 573
1419 521
1420 533
1421 567
1422 546
1423 554
1424 557
1425 515
1426 512
1427 541
1428 557
1429 505
1430 542
1431 545
1432 537
1433 548
1434 545
1435 542
1436 549
1437 544
1438 553
1439 526
1440 499
1441 519
1442 538
1443 511
1444 544
1445 584
1446 532
1447 514
1448 553
1449 488
1450 557
1451 497
1452 499
1453 516
1454 524
1455 529
1456 528
1457 546
1458 496
1459 565
1460 509
1461 552
1462 499
1463 520
1464 541
1465 479
1466 516
1467 512
1468 533
1469 513
1470 533
1471 495
1472 483
1473 503
1474 523
1475 476
1476 511
1477 527
1478 526
1479 498
1480 493
1481 500
1482 487
1483 521
1484 491
1485 518
1486 464
1487 469
1488 481
1489 502
1490 450
1491 490
1492 496
1493 481
1494 515
1495 481
1496 458
1497 522
1498 507
1499 490
1500 482
1501 480
1502 467
1503 483
1504 469
1505 504
1506 475
1507 481
1508 424
1509 497
1510 426
1511 474
1512 472
1513 468
1514 506
1515 485
1516 480
1517 466
1518 474
1519 457
1520 510
1521 491
1522 523
1523 428
1524 480
1525 492
1526 496
1527 461
1528 451
1529 493
1530 480
1531 493
1532 419
1533 435
1534 427
1535 468
1536 485
1537 456
1538 473
1539 462
1540 451
1541 470
1542 453
1543 440
1544 460
1545 438
1546 445
1547 464
1548 446
1549 431
1550 450
1551 463
1552 469
1553 436
1554 452
1555 448
1556 480
1557 437
1558 457
1559 425
1560 469
1561 443
1562 415
1563 452
1564 429
1565 428
1566 466
1567 448
1568 431
1569 459
1570 422
1571 449
1572 474
1573 424
1574 481
1575 477
1576 447
1577 457
1578 435
1579 436
1580 413
1581 469
1582 423
1583 443
1584 396
1585 419
1586 448
1587 415
1588 395
1589 460
1590 480
1591 452
1592 397
1593 414
1594 415
1595 396
1596 433
1597 454
1598 396
1599 407
1600 422
1601 408
1602 440
1603 438
1604 430
1605 379
1606 395
1607 443
1608 443
1609 414
1610 438
1611 419
1612 431
1613 371
1614 407
1615 419
1616 399
1617 395
1618 415
1619 394
1620 404
1621 420
1622 397
1623 405
1624 366
1625 428
1626 382
1627 419
1628 410
1629 430
1630 429
1631 387
1632 403
1633 388
1634 438
1635 395
1636 434
1637 405
1638 407
1639 432
1640 339
1641 395
1642 353
1643 374
1644 356
1645 428
1646 399
1647 372
1648 394
1649 398
1650 387
1651 416
1652 351
1653 378
1654 371
1655 386
1656 368
1657 375
1658 361
1659 337
1660 402
1661 376
1662 405
1663 392
1664 393
1665 400
1666 410
1667 410
1668 396
1669 423
1670 374
1671 379
1672 398
1673 370
1674 376
1675 377
1676 399
1677 381
1678 420
1679 384
1680 400
1681 393
1682 381
1683 367
1684 369
1685 384
1686 379
1687 375
1688 374
1689 373
1690 424
1691 383
1692 362
1693 400
1694 387
1695 380
1696 365
1697 362
1698 367
1699 364
1700 379
1701 377
1702 353
1703 390
1704 339
1705 376
1706 363
1707 417
1708 375
1709 351
1710 358
1711 364
1712 356
1713 395
1714 351
1715 343
1716 387
1717 328
1718 367
1719 356
1720 379
1721 347
1722 376
1723 372
1724 366
1725 356
1726 352
1727 361
1728 387
1729 358
1730 376
1731 366
1732 366
1733 347
1734 354
1735 341
1736 371
1737 355
1738 348
1739 344
1740 350
1741 304
1742 349
1743 355
1744 367
1745 334
1746 352
1747 345
1748 330
1749 342
1750 316
1751 345
1752 334
1753 305
1754 361
1755 316
1756 347
1757 377
1758 346
1759 364
1760 332
1761 320
1762 348
1763 371
1764 375
1765 340
1766 362
1767 333
1768 338
1769 333
1770 342
1771 317
1772 334
1773 332
1774 381
1775 353
1776 320
1777 337
1778 371
1779 355
1780 369
1781 342
1782 318
1783 327
1784 311
1785 312
1786 323
1787 353
1788 357
1789 338
1790 337
1791 367
1792 358
1793 313
1794 353
1795 340
1796 341
1797 350
1798 337
1799 339
1800 338
1801 307
1802 316
1803 364
1804 342
1805 330
1806 320
1807 325
1808 306
1809 343
1810 319
1811 302
1812 320
1813 351
1814 335
1815 356
1816 358
1817 320
1818 347
1819 271
1820 348
1821 321
1822 327
1823 321
1824 315
1825 334
1826 331
1827 308
1828 321
1829 290
1830 319
1831 316
1832 347
1833 338
1834 340
1835 314
1836 308
1837 328
1838 349
1839 335
1840 315
1841 326
1842 282
1843 329
1844 308
1845 328
1846 332
1847 327
1848 338
1849 342
1850 301
1851 362
1852 318
1853 312
1854 326
1855 343
1856 340
1857 297
1858 294
1859 281
1860 330
1861 338
1862 326
1863 302
1864 324
1865 345
1866 308
1867 350
1868 331
1869 326
1870 345
1871 300
1872 320
1873 306
1874 317
1875 317
1876 305
1877 323
1878 327
1879 292
1880 315
1881 335
1882 309
1883 318
1884 306
1885 328
1886 299
1887 337
1888 320
1889 314
1890 284
1891 324
1892 338
1893 338
1894 319
1895 308
1896 329
1897 335
1898 325
1899 307
1900 323
1901 338
1902 335
1903 351
1904 342
1905 322
1906 325
1907 335
1908 325
1909 299
1910 328
1911 361
1912 350
1913 359
1914 352
1915 329
1916 343
1917 319
1918 341
1919 359
1920 339
1921 359
1922 325
1923 330
1924 345
1925 383
1926 355
1927 384
1928 325
1929 372
1930 318
1931 403
1932 349
1933 343
1934 373
1935 315
1936 311
1937 324
1938 348
1939 364
1940 337
1941 400
1942 354
1943 341
1944 329
1945 349
1946 317
1947 349
1948 368
1949 350
1950 358
1951 349
1952 350
1953 360
1954 338
1955 333
1956 352
1957 365
1958 315
1959 322
1960 309
1961 357
1962 315
1963 357
1964 376
1965 368
1966 349
1967 352
1968 333
1969 341
1970 333
1971 338
1972 339
1973 334
1974 342
1975 379
1976 349
1977 360
1978 324
1979 381
1980 345
1981 370
1982 368
1983 355
1984 339
1985 370
1986 383
1987 336
1988 360
1989 316
1990 363
1991 324
1992 333
1993 357
1994 385
1995 403
1996 357
1997 344
1998 365
1999 401
2000 357
2001 299
2002 385
2003 358
2004 351
2005 369
2006 356
2007 381
2008 386
2009 411
2010 372
2011 369
2012 343
2013 344
2014 355
2015 378
2016 395
2017 348
2018 364
2019 392
2020 369
2021 352
2022 339
2023 341
2024 374
2025 371
2026 391
2027 336
2028 344
2029 339
2030 350
2031 358
2032 367
2033 333
2034 327
2035 346
2036 358
2037 370
2038 361
2039 346
2040 358
2041 345
2042 375
2043 339
2044 365
2045 404
2046 372
2047 382
2048 363
2049 363
2050 369
2051 407
2052 382
2053 362
2054 373
2055 387
2056 385
2057 368
2058 406
2059 368
2060 403
2061 370
2062 341
2063 369
2064 375
2065 386
2066 393
2067 358
2068 401
2069 379
2070 392
2071 421
2072 378
2073 355
2074 367
2075 368
2076 372
2077 362
2078 368
2079 370
2080 405
2081 353
2082 351
2083 379
2084 351
2085 358
2086 383
2087 361
2088 380
2089 339
2090 376
2091 377
2092 369
2093 380
2094 373
2095 423
2096 357
2097 380
2098 329
2099 363
2100 341
2101 407
2102 374
2103 378
2104 404
2105 395
2106 402
2107 387
2108 396
2109 397
2110 372
2111 382
2112 378
2113 375
2114 399
2115 381
2116 407
2117 383
2118 368
2119 383
2120 392
2121 386
2122 391
2123 375
2124 396
2125 368
2126 374
2127 421
2128 375
2129 367
2130 382
2131 384
2132 397
2133 415
2134 393
2135 406
2136 385
2137 407
2138 336
2139 427
2140 388
2141 399
2142 394
2143 381
2144 354
2145 422
2146 398
2147 414
2148 383
2149 426
2150 409
2151 408
2152 423
2153 407
2154 406
2155 423
2156 409
2157 365
2158 406
2159 420
2160 390
2161 409
2162 375
2163 415
2164 415
2165 459
2166 397
2167 445
2168 418
2169 466
2170 436
2171 447
2172 416
2173 415
2174 429
2175 389
2176 421
2177 419
2178 420
2179 392
2180 424
2181 414
2182 418
2183 430
2184 416
2185 422
2186 410
2187 399
2188 436
2189 378
2190 421
2191 453
2192 397
2193 415
2194 415
2195 406
2196 412
2197 381
2198 436
2199 436
2200 442
2201 416
2202 418
2203 458
2204 412
2205 440
2206 411
2207 401
2208 455
2209 382
2210 423
2211 416
2212 387
2213 455
2214 441
2215 428
2216 427
2217 414
2218 451
2219 422
2220 422
2221 465
2222 483
2223 388
2224 368
2225 410
2226 382
2227 409
2228 453
2229 442
2230 364
2231 413
2232 427
2233 436
2234 424
2235 430
2236 424
2237 395
2238 431
2239 394
2240 469
2241 410
2242 418
2243 427
2244 452
2245 427
2246 423
2247 421
2248 419
2249 451
2250 453
2251 414
2252 402
2253 442
2254 400
2255 407
2256 427
2257 441
2258 435
2259 459
2260 437
2261 444
2262 438
2263 413
2264 434
2265 452
2266 467
2267 399
2268 431
2269 442
2270 432
2271 442
2272 440
2273 431
2274 444
2275 478
2276 456
2277 414
2278 475
2279 460
2280 433
2281 444
2282 431
2283 457
2284 442
2285 464
2286 482
2287 464
2288 475
2289 481
2290 473
2291 434
2292 508
2293 500
2294 472
2295 448
2296 443
2297 495
2298 453
2299 447
2300 453
2301 488
2302 481
2303 463
2304 436
2305 466
2306 463
2307 499
2308 495
2309 449
2310 480
2311 452
2312 512
2313 471
2314 466
2315 471
2316 491
2317 498
2318 451
2319 448
2320 484
2321 456
2322 468
2323 456
2324 484
2325 461
2326 470
2327 505
2328 464
2329 455
2330 481
2331 498
2332 471
2333 477
2334 467
2335 468
2336 468
2337 446
2338 520
2339 460
2340 457
2341 448
2342 443
2343 497
2344 450
2345 500
2346 507
2347 487
2348 503
2349 473
2350 502
2351 468
2352 478
2353 513
2354 478
2355 475
2356 473
2357 482
2358 471
2359 495
2360 475
2361 475
2362 436
2363 438
2364 453
2365 454
2366 435
2367 467
2368 451
2369 456
2370 512
2371 441
2372 482
2373 472
2374 427
2375 485
2376 473
2377 469
2378 492
2379 470
2380 511
2381 465
2382 453
2383 489
2384 441
2385 443
2386 451
2387 427
2388 500
2389 423
2390 451
2391 489
2392 483
2393 427
2394 452
2395 486
2396 475
2397 468
2398 447
2399 479
2400 464
2401 484
2402 467
2403 469
2404 466
2405 473
2406 440
2407 476
2408 455
2409 493
2410 454
2411 472
2412 484
2413 498
2414 449
2415 448
2416 489
2417 492
2418 460
2419 459
2420 479
2421 472
2422 501
2423 469
2424 462
2425 471
2426 456
2427 458
2428 475
2429 472
2430 461
2431 436
2432 519
2433 503
2434 461
2435 466
2436 491
2437 473
2438 415
2439 472
2440 458
2441 438
2442 486
2443 463
2444 470
2445 459
2446 466
2447 469
2448 471
2449 485
2450 517
2451 469
2452 477
2453 479
2454 461
2455 467
2456 488
2457 482
2458 479
2459 471
2460 475
2461 491
2462 467
2463 458
2464 460
2465 466
2466 530
2467 500
2468 534
2469 474
2470 488
2471 487
2472 488
2473 471
2474 527
2475 499
2476 455
2477 485
2478 479
2479 496
2480 495
2481 484
2482 536
2483 516
2484 480
2485 534
2486 457
2487 460
2488 485
2489 513
2490 477
2491 434
2492 473
2493 495
2494 500
2495 466
2496 480
2497 470
2498 449
2499 478
2500 476
2501 496
2502 479
2503 484
2504 481
2505 452
2506 508
2507 470
2508 463
2509 509
2510 444
2511 491
2512 434
2513 485
2514 476
2515 535
2516 471
2517 495
2518 456
2519 490
2520 447
2521 509
2522 459
2523 466
2524 485
2525 471
2526 498
2527 451
2528 472
2529 431
2530 447
2531 487
2532 443
2533 458
2534 439
2535 429
2536 475
2537 444
2538 467
2539 452
2540 451
2541 454
2542 460
2543 480
2544 458
2545 472
2546 422
2547 411
2548 456
2549 477
2550 463
2551 459
2552 427
2553 453
2554 428
2555 465
2556 455
2557 432
2558 434
2559 459
2560 473
2561 461
2562 456
2563 429
2564 427
2565 428
2566 473
2567 480
2568 432
2569 450
2570 463
2571 430
2572 399
2573 443
2574 446
2575 427
2576 425
2577 440
2578 440
2579 449
2580 451
2581 438
2582 419
2583 406
2584 425
2585 413
2586 418
2587 420
2588 395
2589 452
2590 428
2591 438
2592 421
2593 469
2594 425
2595 423
2596 421
2597 423
2598 427
2599 438
2600 454
2601 427
2602 416
2603 427
2604 455
2605 411
2606 464
2607 431
2608 387
2609 439
2610 465
2611 428
2612 416
2613 432
2614 420
2615 435
2616 456
2617 427
2618 448
2619 436
2620 443
2621 443
2622 442
2623 419
2624 429
2625 450
2626 400
2627 429
2628 444
2629 458
2630 395
2631 441
2632 434
2633 404
2634 422
2635 419
2636 403
2637 387
2638 402
2639 434
2640 400
2641 449
2642 415
2643 411
2644 473
2645 386
2646 394
2647 468
2648 406
2649 386
2650 400
2651 387
2652 435
2653 444
2654 441
2655 377
2656 419
2657 442
2658 420
2659 406
2660 392
2661 398
2662 418
2663 453
2664 387
2665 401
2666 387
2667 395
2668 431
2669 407
2670 383
2671 426
2672 340
2673 376
2674 381
2675 420
2676 385
2677 404
2678 344
2679 408
2680 397
2681 373
2682 402
2683 378
2684 355
2685 373
2686 327
2687 388
2688 371
2689 363
2690 367
2691 372
2692 356
2693 352
2694 365
2695 383
2696 327
2697 365
2698 382
2699 394
2700 363
2701 368
2702 357
2703 372
2704 366
2705 369
2706 361
2707 361
2708 350
2709 335
2710 323
2711 343
2712 366
2713 359
2714 349
2715 344
2716 360
2717 364
2718 351
2719 384
2720 328
2721 340
2722 351
2723 354
2724 330
2725 333
2726 335
2727 361
2728 335
2729 327
2730 355
2731 342
2732 304
2733 320
2734 318
2735 331
2736 307
2737 367
2738 347
2739 334
2740 328
2741 309
2742 329
2743 345
2744 305
2745 330
2746 337
2747 319
2748 339
2749 339
2750 306
2751 287
2752 327
2753 291
2754 341
2755 320
2756 311
2757 349
2758 333
2759 309
2760 305
2761 321
2762 323
2763 296
2764 318
2765 316
2766 293
2767 331
2768 316
2769 284
2770 307
2771 311
2772 270
2773 317
2774 323
2775 296
2776 302
2777 292
2778 275
2779 309
2780 307
2781 281
2782 287
2783 312
2784 292
2785 313
2786 317
2787 291
2788 305
2789 292
2790 292
2791 302
2792 306
2793 302
2794 305
2795 276
2796 257
2797 275
2798 259
2799 295
2800 312
2801 300
2802 280
2803 240
2804 279
2805 272
2806 275
2807 246
2808 253
2809 278
2810 257
2811 274
2812 257
2813 271
2814 247
2815 241
2816 254
2817 233
2818 265
2819 276
2820 274
2821 262
2822 230
2823 256
2824 282
2825 265
2826 280
2827 246
2828 266
2829 244
2830 256
2831 258
2832 234
2833 285
2834 257
2835 274
2836 261
2837 268
2838 241
2839 251
2840 270
2841 252
2842 267
2843 273
2844 261
2845 224
2846 283
2847 285
2848 253
2849 266
2850 260
2851 232
2852 243
2853 259
2854 240
2855 242
2856 236
2857 261
2858 251
2859 245
2860 260
2861 249
2862 238
2863 237
2864 216
2865 233
2866 216
2867 219
2868 218
2869 240
2870 238
2871 223
2872 236
2873 259
2874 224
2875 235
2876 202
2877 233
2878 241
2879 237
2880 225
2881 217
2882 207
2883 210
2884 229
2885 253
2886 268
2887 206
2888 235
2889 240
2890 187
2891 253
2892 211
2893 222
2894 227
2895 220
2896 233
2897 216
2898 234
2899 221
2900 212
2901 230
2902 203
2903 209
2904 224
2905 205
2906 219
2907 201
2908 217
2909 209
2910 218
2911 210
2912 220
2913 175
2914 222
2915 227
2916 224
2917 190
2918 185
2919 205
2920 210
2921 184
2922 211
2923 207
2924 220
2925 218
2926 200
2927 215
2928 195
2929 197
2930 174
2931 182
2932 182
2933 192
2934 204
2935 187
2936 178
2937 218
2938 198
2939 205
2940 204
2941 195
2942 166
2943 197
2944 182
2945 184
2946 188
2947 192
2948 190
2949 183
2950 206
2951 185
2952 198
2953 203
2954 211
2955 201
2956 210
2957 188
2958 194
2959 194
2960 218
2961 199
2962 219
2963 183
2964 186
2965 176
2966 178
2967 195
2968 183
2969 197
2970 189
2971 171
2972 185
2973 206
2974 156
2975 174
2976 196
2977 179
2978 196
2979 184
2980 164
2981 147
2982 188
2983 176
2984 176
2985 190
2986 166
2987 172
2988 175
2989 178
2990 176
2991 181
2992 188
2993 173
2994 186
2995 175
2996 182
2997 181
2998 185
2999 192
3000 177
3001 211
3002 165
3003 175
3004 172
3005 167
3006 173
3007 161
3008 171
3009 187
3010 174
3011 161
3012 170
3013 172
3014 171
3015 160
3016 180
3017 167
3018 166
3019 172
3020 156
3021 163
3022 183
3023 179
3024 161
3025 174
3026 163
3027 172
3028 158
3029 174
3030 153
3031 173
3032 161
3033 173
3034 176
3035 186
3036 177
3037 158
3038 181
3039 175
3040 154
3041 155
3042 162
3043 165
3044 153
3045 161
3046 135
3047 151
3048 146
3049 158
3050 167
3051 141
3052 150
3053 159
3054 137
3055 150
3056 151
3057 148
3058 135
3059 131
3060 162
3061 141
3062 159
3063 138
3064 148
3065 161
3066 129
3067 158
3068 132
3069 149
3070 151
3071 153
3072 152
3073 150
3074 140
3075 148
3076 158
3077 146
3078 147
3079 141
3080 148
3081 171
3082 166
3083 130
3084 172
3085 133
3086 146
3087 136
3088 163
3089 150
3090 149
3091 129
3092 139
3093 156
3094 168
3095 157
3096 149
3097 150
3098 138
3099 148
3100 144
3101 160
3102 167
3103 132
3104 151
3105 153
3106 147
3107 147
3108 161
3109 113
3110 162
3111 130
3112 151
3113 128
3114 135
3115 149
3116 170
3117 172
3118 157
3119 141
3120 145
3121 149
3122 155
3123 149
3124 155
3125 134
3126 150
3127 160
3128 163
3129 151
3130 138
3131 159
3132 141
3133 133
3134 155
3135 135
3136 160
3137 148
3138 169
3139 150
3140 138
3141 157
3142 176
3143 130
3144 132
3145 149
3146 155
3147 165
3148 163
3149 147
3150 147
3151 152
3152 160
3153 113
3154 170
3155 155
3156 137
3157 135
3158 159
3159 152
3160 150
3161 142
3162 139
3163 183
3164 144
3165 141
3166 138
3167 115
3168 143
3169 115
3170 132
3171 123
3172 145
3173 148
3174 143
3175 123
3176 143
3177 126
3178 153
3179 153
3180 151
3181 135
3182 144
3183 106
3184 122
3185 123
3186 135
3187 153
3188 136
3189 124
3190 134
3191 139
3192 146
3193 148
3194 144
3195 145
3196 162
3197 138
3198 134
3199 114
3200 129
3201 138
3202 129
3203 143
3204 131
3205 128
3206 128
3207 153
3208 125
3209 129
3210 118
3211 138
3212 128
3213 119
3214 161
3215 127
3216 137
3217 153
3218 109
3219 136
3220 142
3221 145
3222 123
3223 151
3224 141
3225 133
3226 132
3227 137
3228 135
3229 136
3230 119
3231 131
3232 126
3233 153
3234 147
3235 131
3236 147
3237 133
3238 133
3239 172
3240 140
3241 150
3242 150
3243 112
3244 119
3245 120
3246 122
3247 139
3248 124
3249 113
3250 115
3251 147
3252 146
3253 122
3254 130
3255 132
3256 137
3257 118
3258 121
3259 112
3260 120
3261 111
3262 141
3263 123
3264 120
3265 136
3266 118
3267 123
3268 144
3269 143
3270 122
3271 136
3272 142
3273 120
3274 125
3275 136
3276 128
3277 142
3278 135
3279 104
3280 121
3281 145
3282 134
3283 111
3284 147
3285 118
3286 115
3287 101
3288 154
3289 102
3290 152
3291 124
3292 149
3293 120
3294 116
3295 130
3296 124
3297 128
3298 127
3299 108
3300 140
3301 133
3302 143
3303 112
3304 131
3305 148
3306 136
3307 133
3308 140
3309 125
3310 141
3311 92
3312 132
3313 127
3314 125
3315 127
3316 131
3317 141
3318 113
3319 117
3320 106
3321 126
3322 128
3323 143
3324 125
3325 120
3326 121
3327 115
3328 139
3329 129
3330 104
3331 115
3332 112
3333 127
3334 114
3335 125
3336 122
3337 132
3338 116
3339 139
3340 125
3341 124
3342 117
3343 136
3344 110
3345 122
3346 128
3347 115
3348 104
3349 118
3350 126
3351 133
3352 136
3353 112
3354 106
3355 103
3356 110
3357 138
3358 119
3359 126
3360 92
3361 108
3362 114
3363 125
3364 121
3365 113
3366 118
3367 125
3368 99
3369 131
3370 135
3371 128
3372 134
3373 108
3374 114
3375 108
3376 111
3377 112
3378 130
3379 118
3380 102
3381 117
3382 127
3383 102
3384 122
3385 113
3386 86
3387 87
3388 112
3389 122
3390 120
3391 125
3392 101
3393 124
3394 104
3395 120
3396 134
3397 112
3398 104
3399 100
3400 127
3401 118
3402 114
3403 101
3404 117
3405 92
3406 106
3407 112
3408 106
3409 102
3410 110
3411 112
3412 112
3413 108
3414 117
3415 117
3416 103
3417 122
3418 133
3419 133
3420 116
3421 107
3422 121
3423 100
3424 109
3425 111
3426 110
3427 102
3428 119
3429 108
3430 104
3431 104
3432 111
3433 130
3434 107
3435 104
3436 134
3437 100
3438 114
3439 113
3440 110
3441 100
3442 123
3443 122
3444 99
3445 127
3446 113
3447 133
3448 108
3449 114
3450 104
3451 116
3452 109
3453 109
3454 102
3455 108
3456 97
3457 117
3458 95
3459 118
3460 100
3461 100
3462 107
3463 110
3464 112
3465 102
3466 112
3467 92
3468 98
3469 97
3470 119
3471 92
3472 102
3473 103
3474 120
3475 121
3476 112
3477 132
3478 112
3479 109
3480 121
3481 126
3482 136
3483 104
3484 122
3485 124
3486 114
3487 117
3488 115
3489 115
3490 109
3491 118
3492 94
3493 111
3494 113
3495 124
3496 117
3497 122
3498 98
3499 120
3500 99
3501 110
3502 98
3503 86
3504 115
3505 118
3506 118
3507 112
3508 106
3509 106
3510 102
3511 109
3512 108
3513 120
3514 111
3515 112
3516 109
3517 97
3518 108
3519 117
3520 118
3521 102
3522 102
3523 107
3524 97
3525 91
3526 114
3527 103
3528 121
3529 112
3530 93
3531 108
3532 92
3533 101
3534 119
3535 111
3536 95
3537 112
3538 94
3539 94
3540 95
3541 102
3542 108
3543 108
3544 83
3545 105
3546 107
3547 106
3548 95
3549 92
3550 115
3551 93
3552 93
3553 107
3554 94
3555 100
3556 99
3557 92
3558 101
3559 97
3560 86
3561 92
3562 102
3563 115
3564 115
3565 112
3566 88
3567 92
3568 102
3569 94
3570 92
3571 84
3572 116
3573 113
3574 117
3575 98
3576 99
3577 115
3578 97
3579 109
3580 97
3581 90
3582 109
3583 103
3584 97
3585 100
3586 109
3587 97
3588 90
3589 83
3590 104
3591 109
3592 104
3593 112
3594 110
3595 111
3596 90
3597 94
3598 101
3599 78
3600 99
3601 102
3602 103
3603 110
3604 106
3605 98
3606 105
3607 109
3608 93
3609 88
3610 95
3611 93
3612 100
3613 95
3614 99
3615 75
3616 90
3617 115
3618 100
3619 98
3620 83
3621 99
3622 88
3623 101
3624 86
3625 103
3626 102
3627 105
3628 99
3629 107
3630 103
3631 87
3632 84
3633 86
3634 89
3635 93
3636 110
3637 92
3638 100
3639 89
3640 88
3641 107
3642 88
3643 92
3644 99
3645 112
3646 94
3647 104
3648 117
3649 96
3650 99
3651 95
3652 90
3653 95
3654 91
3655 90
3656 99
3657 96
3658 84
3659 101
3660 94
3661 93
3662 103
3663 90
3664 99
3665 79
3666 95
3667 105
3668 104
3669 97
3670 98
3671 91
3672 101
3673 101
3674 99
3675 92
3676 86
3677 87
3678 88
3679 73
3680 91
3681 94
3682 88
3683 89
3684 116
3685 91
3686 96
3687 87
3688 98
3689 84
3690 79
3691 99
3692 84
3693 83
3694 80
3695 91
3696 95
3697 102
3698 84
3699 81
3700 87
3701 74
3702 98
3703 95
3704 74
3705 93
3706 95
3707 94
3708 79
3709 99
3710 107
3711 92
3712 98
3713 104
3714 79
3715 107
3716 100
3717 101
3718 101
3719 90
3720 85
3721 71
3722 82
3723 83
3724 87
3725 88
3726 91
3727 102
3728 92
3729 98
3730 92
3731 81
3732 78
3733 71
3734 89
3735 70
3736 94
3737 83
3738 88
3739 82
3740 76
3741 82
3742 64
3743 76
3744 86
3745 80
3746 91
3747 70
3748 78
3749 99
3750 80
3751 77
3752 77
3753 95
3754 84
3755 85
3756 74
3757 89
3758 85
3759 72
3760 84
3761 103
3762 86
3763 75
3764 84
3765 75
3766 75
3767 72
3768 91
3769 80
3770 86
3771 58
3772 78
3773 83
3774 75
3775 83
3776 81
3777 83
3778 88
3779 68
3780 77
3781 90
3782 66
3783 69
3784 79
3785 82
3786 75
3787 80
3788 92
3789 74
3790 99
3791 73
3792 102
3793 76
3794 57
3795 79
3796 69
3797 84
3798 75
3799 69
3800 70
3801 84
3802 96
3803 76
3804 86
3805 78
3806 69
3807 89
3808 63
3809 81
3810 70
3811 87
3812 63
3813 81
3814 74
3815 86
3816 92
3817 72
3818 68
3819 57
3820 68
3821 89
3822 75
3823 69
3824 70
3825 79
3826 60
3827 85
3828 81
3829 79
3830 109
3831 58
3832 75
3833 56
3834 72
3835 70
3836 71
3837 75
3838 75
3839 82
3840 74
3841 91
3842 75
3843 80
3844 81
3845 94
3846 94
3847 72
3848 79
3849 91
3850 84
3851 79
3852 69
3853 79
3854 79
3855 73
3856 58
3857 104
3858 100
3859 80
3860 63
3861 88
3862 77
3863 88
3864 83
3865 83
3866 74
3867 50
3868 78
3869 84
3870 73
3871 74
3872 96
3873 77
3874 69
3875 60
3876 83
3877 86
3878 79
3879 81
3880 76
3881 70
3882 72
3883 70
3884 85
3885 86
3886 72
3887 90
3888 83
3889 85
3890 67
3891 81
3892 67
3893 70
3894 63
3895 84
3896 81
3897 93
3898 80
3899 59
3900 87
3901 78
3902 79
3903 84
3904 74
3905 74
3906 64
3907 74
3908 71
3909 88
3910 83
3911 72
3912 77
3913 75
3914 69
3915 69
3916 73
3917 66
3918 80
3919 85
3920 70
3921 80
3922 75
3923 82
3924 73
3925 70
3926 68
3927 68
3928 78
3929 80
3930 70
3931 65
3932 67
3933 76
3934 81
3935 94
3936 79
3937 80
3938 78
3939 69
3940 82
3941 86
3942 80
3943 71
3944 66
3945 74
3946 76
3947 71
3948 73
3949 72
3950 74
3951 78
3952 81
3953 72
3954 77
3955 70
3956 71
3957 84
3958 78
3959 64
3960 59
3961 69
3962 77
3963 68
3964 85
3965 65
3966 62
3967 73
3968 73
3969 65
3970 78
3971 53
3972 65
3973 70
3974 75
3975 76
3976 86
3977 52
3978 66
3979 78
3980 70
3981 68
3982 82
3983 66
3984 64
3985 67
3986 58
3987 82
3988 81
3989 64
3990 72
3991 70
3992 86
3993 55
3994 73
3995 59
3996 80
3997 67
3998 66
3999 89
4000 76
4001 71
4002 77
4003 64
4004 76
4005 62
4006 59
4007 63
4008 92
4009 66
4010 75
4011 69
4012 76
4013 69
4014 80
4015 65
4016 49
4017 61
4018 77
4019 74
4020 67
4021 66
4022 71
4023 63
4024 75
4025 68
4026 68
4027 73
4028 69
4029 60
4030 61
4031 64
4032 80
4033 60
4034 67
4035 66
4036 72
4037 70
4038 61
4039 64
4040 81
4041 74
4042 75
4043 76
4044 60
4045 65
4046 62
4047 53
4048 63
4049 82
4050 70
4051 78
4052 55
4053 73
4054 90
4055 67
4056 68
4057 81
4058 81
4059 70
4060 74
4061 70
4062 75
4063 76
4064 69
4065 84
4066 71
4067 71
4068 74
4069 80
4070 63
4071 61
4072 79
4073 74
4074 79
4075 62
4076 72
4077 72
4078 84
4079 71
4080 56
4081 81
4082 72
4083 61
4084 75
4085 86
4086 87
4087 62
4088 88
4089 87
4090 75
4091 92
4092 84
4093 66
4094 61
4095 60
4096 74
4097 90
4098 71
4099 72
4100 82
4101 57
4102 66
4103 57
4104 75
4105 91
4106 77
4107 91
4108 54
4109 59
4110 66
4111 79
4112 55
4113 63
4114 60
4115 68
4116 64
4117 72
4118 50
4119 64
4120 60
4121 59
4122 74
4123 69
4124 64
4125 65
4126 46
4127 58
4128 76
4129 73
4130 67
4131 69
4132 71
4133 72
4134 64
4135 57
4136 60
4137 66
4138 61
4139 64
4140 70
4141 81
4142 51
4143 75
4144 78
4145 55
4146 70
4147 67
4148 73
4149 64
4150 79
4151 63
4152 66
4153 57
4154 74
4155 65
4156 51
4157 62
4158 82
4159 72
4160 78
4161 69
4162 61
4163 67
4164 81
4165 78
4166 74
4167 75
4168 62
4169 76
4170 66
4171 63
4172 63
4173 64
4174 62
4175 77
4176 66
4177 69
4178 73
4179 59
4180 67
4181 60
4182 82
4183 69
4184 54
4185 64
4186 68
4187 85
4188 83
4189 65
4190 74
4191 74
4192 72
4193 70
4194 62
4195 76
4196 78
4197 52
4198 81
4199 83
4200 68
4201 59
4202 67
4203 79
4204 64
4205 65
4206 79
4207 61
4208 78
4209 61
4210 72
4211 63
4212 64
4213 61
4214 80
4215 85
4216 75
4217 78
4218 68
4219 61
4220 65
4221 66
4222 61
4223 89
4224 73
4225 57
4226 52
4227 53
4228 61
4229 65
4230 64
4231 70
4232 67
4233 70
4234 64
4235 70
4236 75
4237 67
4238 80
4239 54
4240 77
4241 59
4242 77
4243 69
4244 66
4245 76
4246 71
4247 74
4248 88
4249 68
4250 77
4251 84
4252 57
4253 69
4254 61
4255 61
4256 50
4257 71
4258 50
4259 62
4260 67
4261 58
4262 63
4263 72
4264 66
4265 68
4266 68
4267 67
4268 71
4269 62
4270 72
4271 75
4272 67
4273 59
4274 81
4275 65
4276 69
4277 63
4278 57
4279 69
4280 62
4281 81
4282 73
4283 62
4284 64
4285 67
4286 68
4287 56
4288 62
4289 64
4290 49
4291 73
4292 73
4293 58
4294 70
4295 70
4296 72
4297 66
4298 81
4299 60
4300 61
4301 61
4302 62
4303 73
4304 68
4305 56
4306 68
4307 65
4308 59
4309 58
4310 66
4311 67
4312 62
4313 65
4314 82
4315 83
4316 71
4317 73
4318 77
4319 70
4320 67
4321 69
4322 76
4323 63
4324 71
4325 87
4326 72
4327 72
4328 70
4329 68
4330 71
4331 71
4332 75
4333 66
4334 59
4335 60
4336 62
4337 59
4338 70
4339 81
4340 68
4341 78
4342 61
4343 59
4344 70
4345 53
4346 61
4347 64
4348 71
4349 66
4350 68
4351 59
4352 71
4353 59
4354 58
4355 82
4356 66
4357 53
4358 58
4359 60
4360 65
4361 69
4362 76
4363 66
4364 78
4365 68
4366 59
4367 63
4368 54
4369 71
4370 71
4371 75
4372 68
4373 70
4374 57
4375 71
4376 75
4377 61
4378 74
4379 53
4380 57
4381 68
4382 75
4383 72
4384 73
4385 62
4386 78
4387 63
4388 74
4389 65
4390 69
4391 70
4392 70
4393 59
4394 74
4395 79
4396 79
4397 58
4398 53
4399 54
4400 70
4401 73
4402 58
4403 57
4404 79
4405 68
4406 65
4407 62
4408 80
4409 76
4410 73
4411 71
4412 67
4413 87
4414 65
4415 73
4416 69
4417 64
4418 69
4419 64
4420 49
4421 67
4422 53
4423 54
4424 67
4425 70
4426 68
4427 70
4428 59
4429 71
4430 66
4431 72
4432 74
4433 69
4434 70
4435 68
4436 68
4437 62
4438 64
4439 62
4440 79
4441 71
4442 80
4443 70
4444 78
4445 72
4446 87
4447 63
4448 75
4449 73
4450 60
4451 64
4452 64
4453 75
4454 80
4455 60
4456 87
4457 84
4458 71
4459 69
4460 73
4461 95
4462 62
4463 82
4464 67
4465 83
4466 68
4467 77
4468 73
4469 79
4470 61
4471 72
4472 64
4473 66
4474 69
4475 74
4476 82
4477 62
4478 87
4479 89
4480 80
4481 78
4482 77
4483 60
4484 66
4485 68
4486 72
4487 88
4488 77
4489 74
4490 77
4491 54
4492 70
4493 73
4494 69
4495 66
4496 65
4497 73
4498 88
4499 75
4500 68
4501 80
4502 69
4503 82
4504 86
4505 92
4506 53
4507 75
4508 68
4509 79
4510 82
4511 90
4512 61
4513 76
4514 76
4515 77
4516 65
4517 89
4518 76
4519 72
4520 77
4521 69
4522 62
4523 69
4524 71
4525 71
4526 63
4527 75
4528 72
4529 90
4530 83
4531 63
4532 66
4533 87
4534 73
4535 77
4536 75
4537 89
4538 77
4539 68
4540 76
4541 70
4542 80
4543 92
4544 66
4545 82
4546 76
4547 67
4548 74
4549 81
4550 79
4551 73
4552 74
4553 88
4554 76
4555 78
4556 90
4557 95
4558 67
4559 88
4560 76
4561 85
4562 69
4563 92
4564 78
4565 83
4566 67
4567 86
4568 86
4569 67
4570 97
4571 94
4572 72
4573 84
4574 92
4575 84
4576 62
4577 78
4578 69
4579 63
4580 83
4581 75
4582 75
4583 75
4584 86
4585 70
4586 76
4587 60
4588 84
4589 80
4590 89
4591 74
4592 86
4593 62
4594 88
4595 85
4596 69
4597 81
4598 66
4599 75
4600 80
4601 76
4602 71
4603 78
4604 75
4605 70
4606 67
4607 73
4608 91
4609 71
4610 75
4611 57
4612 70
4613 63
4614 73
4615 79
4616 54
4617 62
4618 69
4619 68
4620 65
4621 71
4622 69
4623 83
4624 69
4625 68
4626 74
4627 76
4628 62
4629 82
4630 69
4631 54
4632 74
4633 74
4634 68
4635 69
4636 79
4637 74
4638 76
4639 87
4640 67
4641 78
4642 76
4643 84
4644 76
4645 83
4646 67
4647 71
4648 67
4649 72
4650 75
4651 63
4652 62
4653 72
4654 76
4655 65
4656 78
4657 69
4658 71
4659 70
4660 73
4661 66
4662 73
4663 62
4664 69
4665 79
4666 68
4667 76
4668 77
4669 70
4670 83
4671 79
4672 74
4673 80
4674 64
4675 72
4676 93
4677 70
4678 76
4679 66
4680 70
4681 67
4682 85
4683 76
4684 66
4685 77
4686 62
4687 72
4688 67
4689 77
4690 68
4691 73
4692 78
4693 74
4694 73
4695 67
4696 72
4697 76
4698 72
4699 81
4700 75
4701 73
4702 62
4703 73
4704 53
4705 71
4706 52
4707 55
4708 78
4709 60
4710 66
4711 78
4712 70
4713 66
4714 42
4715 63
4716 76
4717 66
4718 67
4719 77
4720 56
4721 79
4722 62
4723 85
4724 74
4725 65
4726 50
4727 67
4728 60
4729 70
4730 80
4731 64
4732 72
4733 85
4734 63
4735 65
4736 79
4737 79
4738 84
4739 75
4740 55
4741 70
4742 74
4743 72
4744 81
4745 88
4746 63
4747 75
4748 72
4749 77
4750 72
4751 67
4752 73
4753 70
4754 72
4755 75
4756 67
4757 73
4758 77
4759 73
4760 80
4761 77
4762 79
4763 80
4764 75
4765 75
4766 73
4767 67
4768 57
4769 78
4770 78
4771 75
4772 73
4773 71
4774 77
4775 81
4776 73
4777 79
4778 82
4779 75
4780 66
4781 79
4782 79
4783 75
4784 83
4785 74
4786 74
4787 71
4788 55
4789 77
4790 79
4791 69
4792 56
4793 83
4794 60
4795 59
4796 66
4797 67
4798 70
4799 76
4800 66
4801 92
4802 80
4803 80
4804 72
4805 93
4806 80
4807 80
4808 78
4809 72
4810 81
4811 76
4812 72
4813 87
4814 71
4815 85
4816 90
4817 67
4818 74
4819 57
4820 77
4821 84
4822 91
4823 80
4824 88
4825 72
4826 78
4827 70
4828 70
4829 67
4830 69
4831 94
4832 78
4833 78
4834 88
4835 89
4836 84
4837 60
4838 64
4839 84
4840 89
4841 69
4842 70
4843 74
4844 77
4845 95
4846 83
4847 79
4848 83
4849 71
4850 62
4851 75
4852 64
4853 79
4854 75
4855 69
4856 85
4857 53
4858 77
4859 85
4860 73
4861 90
4862 74
4863 75
4864 76
4865 68
4866 72
4867 69
4868 71
4869 68
4870 76
4871 66
4872 78
4873 77
4874 70
4875 72
4876 70
4877 73
4878 63
4879 78
4880 65
4881 71
4882 89
4883 69
4884 76
4885 68
4886 65
4887 74
4888 85
4889 108
4890 62
4891 54
4892 57
4893 76
4894 77
4895 80
4896 80
4897 63
4898 73
4899 64
4900 67
4901 78
4902 89
4903 80
4904 79
4905 84
4906 73
4907 72
4908 72
4909 81
4910 78
4911 85
4912 78
4913 78
4914 82
4915 84
4916 88
4917 70
4918 84
4919 72
4920 71
4921 86
4922 78
4923 70
4924 78
4925 72
4926 70
4927 87
4928 94
4929 80
4930 76
4931 74
4932 75
4933 72
4934 85
4935 62
4936 65
4937 89
4938 81
4939 75
4940 88
4941 70
4942 82
4943 68
4944 64
4945 69
4946 75
4947 61
4948 62
4949 77
4950 63
4951 69
4952 86
4953 74
4954 86
4955 86
4956 81
4957 68
4958 66
4959 97
4960 79
4961 76
4962 76
4963 67
4964 70
4965 76
4966 67
4967 78
4968 79
4969 59
4970 73
4971 67
4972 72
4973 73
4974 57
4975 75
4976 83
4977 72
4978 81
4979 75
4980 76
4981 81
4982 80
4983 67
4984 69
4985 71
4986 66
4987 68
4988 63
4989 84
4990 78
4991 55
4992 77
4993 65
4994 67
4995 62
4996 60
4997 79
4998 64
4999 77
5000 84
5001 59
5002 82
5003 62
5004 78
5005 73
5006 78
5007 63
5008 81
5009 62
5010 69
5011 62
5012 69
5013 60
5014 80
5015 69
5016 72
5017 79
5018 61
5019 69
5020 79
5021 61
5022 71
5023 56
5024 58
5025 63
5026 66
5027 70
5028 56
5029 63
5030 76
5031 66
5032 66
5033 63
5034 79
5035 68
5036 60
5037 58
5038 47
5039 80
5040 79
5041 70
5042 58
5043 56
5044 55
5045 53
5046 53
5047 56
5048 79
5049 81
5050 64
5051 80
5052 78
5053 71
5054 69
5055 88
5056 63
5057 67
5058 67
5059 70
5060 86
5061 76
5062 83
5063 43
5064 58
5065 68
5066 63
5067 72
5068 70
5069 75
5070 60
5071 64
5072 70
5073 59
5074 74
5075 72
5076 64
5077 63
5078 66
5079 60
5080 55
5081 49
5082 56
5083 54
5084 60
5085 74
5086 67
5087 59
5088 74
5089 63
5090 55
5091 64
5092 63
5093 70
5094 39
5095 75
5096 51
5097 69
5098 53
5099 76
5100 62
5101 76
5102 51
5103 54
5104 59
5105 61
5106 64
5107 63
5108 57
5109 65
5110 74
5111 64
5112 49
5113 72
5114 73
5115 59
5116 59
5117 62
5118 80
5119 69
5120 60
5121 60
5122 57
5123 71
5124 68
5125 54
5126 68
5127 63
5128 64
5129 57
5130 60
5131 57
5132 70
5133 61
5134 56
5135 70
5136 55
5137 40
5138 49
5139 63
5140 70
5141 51
5142 62
5143 59
5144 69
5145 59
5146 57
5147 51
5148 60
5149 66
5150 58
5151 57
5152 63
5153 64
5154 44
5155 54
5156 55
5157 50
5158 59
5159 47
5160 51
5161 55
5162 70
5163 54
5164 44
5165 56
5166 58
5167 52
5168 65
5169 61
5170 53
5171 62
5172 61
5173 62
5174 51
5175 59
5176 68
5177 51
5178 69
5179 58
5180 51
5181 51
5182 66
5183 62
5184 64
5185 61
5186 53
5187 53
5188 65
5189 44
5190 59
5191 57
5192 51
5193 43
5194 61
5195 61
5196 72
5197 56
5198 55
5199 65
5200 64
5201 56
5202 69
5203 64
5204 52
5205 63
5206 50
5207 55
5208 49
5209 52
5210 58
5211 50
5212 54
5213 55
5214 60
5215 51
5216 60
5217 51
5218 57
5219 46
5220 54
5221 55
5222 61
5223 57
5224 59
5225 51
5226 70
5227 51
5228 47
5229 43
5230 52
5231 52
5232 56
5233 53
5234 41
5235 44
5236 68
5237 51
5238 40
5239 54
5240 53
5241 44
5242 57
5243 41
5244 40
5245 48
5246 50
5247 44
5248 47
5249 62
5250 41
5251 48
5252 37
5253 58
5254 50
5255 51
5256 57
5257 46
5258 51
5259 38
5260 41
5261 47
5262 49
5263 54
5264 48
5265 50
5266 39
5267 53
5268 47
5269 36
5270 60
5271 42
5272 53
5273 41
5274 43
5275 51
5276 40
5277 38
5278 38
5279 39
5280 47
5281 39
5282 40
5283 41
5284 49
5285 41
5286 36
5287 42
5288 52
5289 46
5290 48
5291 38
5292 41
5293 54
5294 47
5295 40
5296 37
5297 35
5298 51
5299 46
5300 42
5301 32
5302 39
5303 45
5304 39
5305 41
5306 45
5307 39
5308 39
5309 45
5310 33
5311 46
5312 43
5313 31
5314 39
5315 43
5316 33
5317 40
5318 44
5319 38
5320 45
5321 31
5322 36
5323 38
5324 38
5325 28
5326 33
5327 45
5328 43
5329 38
5330 32
5331 39
5332 37
5333 44
5334 46
5335 44
5336 48
5337 38
5338 34
5339 35
5340 36
5341 26
5342 51
5343 36
5344 45
5345 40
5346 35
5347 48
5348 38
5349 46
5350 38
5351 49
5352 43
5353 42
5354 53
5355 34
5356 48
5357 41
5358 33
5359 38
5360 43
5361 37
5362 39
5363 37
5364 56
5365 33
5366 38
5367 37
5368 44
5369 40
5370 49
5371 42
5372 35
5373 38
5374 43
5375 43
5376 34
5377 34
5378 42
5379 35
5380 47
5381 47
5382 52
5383 33
5384 31
5385 41
5386 38
5387 41
5388 50
5389 26
5390 42
5391 30
5392 38
5393 45
5394 41
5395 34
5396 46
5397 45
5398 53
5399 34
5400 32
5401 42
5402 44
5403 33
5404 39
5405 39
5406 32
5407 38
5408 34
5409 42
5410 44
5411 43
5412 44
5413 39
5414 50
5415 40
5416 38
5417 39
5418 39
5419 29
5420 35
5421 39
5422 39
5423 42
5424 35
5425 33
5426 37
5427 28
5428 38
5429 45
5430 27
5431 40
5432 37
5433 33
5434 29
5435 32
5436 38
5437 36
5438 35
5439 40
5440 32
5441 43
5442 30
5443 40
5444 49
5445 34
5446 37
5447 38
5448 40
5449 35
5450 39
5451 33
5452 33
5453 38
5454 46
5455 45
5456 32
5457 29
5458 32
5459 35
5460 25
5461 32
5462 43
5463 32
5464 36
5465 31
5466 46
5467 34
5468 39
5469 37
5470 40
5471 27
5472 39
5473 39
5474 33
5475 46
5476 27
5477 41
5478 36
5479 24
5480 33
5481 37
5482 32
5483 32
5484 37
5485 33
5486 48
5487 37
5488 31
5489 27
5490 33
5491 38
5492 43
5493 38
5494 43
5495 36
5496 37
5497 39
5498 40
5499 27
5500 42
5501 53
5502 36
5503 28
5504 39
5505 36
5506 27
5507 33
5508 32
5509 34
5510 31
5511 37
5512 40
5513 32
5514 40
5515 33
5516 28
5517 30
5518 43
5519 44
5520 33
5521 36
5522 35
5523 36
5524 33
5525 42
5526 41
5527 28
5528 27
5529 27
5530 40
5531 33
5532 26
5533 29
5534 29
5535 27
5536 32
5537 40
5538 24
5539 32
5540 30
5541 27
5542 25
5543 30
5544 42
5545 36
5546 20
5547 40
5548 26
5549 35
5550 32
5551 35
5552 35
5553 41
5554 32
5555 42
5556 30
5557 27
5558 24
5559 37
5560 30
5561 28
5562 28
5563 30
5564 29
5565 37
5566 37
5567 22
5568 30
5569 27
5570 37
5571 39
5572 32
5573 23
5574 22
5575 34
5576 20
5577 35
5578 39
5579 33
5580 35
5581 35
5582 31
5583 31
5584 27
5585 33
5586 27
5587 27
5588 31
5589 39
5590 37
5591 37
5592 29
5593 26
5594 31
5595 26
5596 36
5597 31
5598 34
5599 30
5600 28
5601 36
5602 26
5603 21
5604 20
5605 27
5606 33
5607 37
5608 40
5609 30
5610 30
5611 36
5612 50
5613 33
5614 21
5615 24
5616 35
5617 35
5618 27
5619 34
5620 31
5621 40
5622 29
5623 33
5624 26
5625 22
5626 29
5627 22
5628 24
5629 21
5630 34
5631 36
5632 33
5633 34
5634 33
5635 29
5636 33
5637 28
5638 30
5639 26
5640 24
5641 21
5642 29
5643 32
5644 27
5645 36
5646 30
5647 32
5648 20
5649 35
5650 24
5651 37
5652 25
5653 24
5654 27
5655 30
5656 33
5657 21
5658 33
5659 32
5660 32
5661 23
5662 27
5663 35
5664 24
5665 32
5666 30
5667 26
5668 26
5669 25
5670 27
5671 28
5672 28
5673 31
5674 27
5675 25
5676 24
5677 29
5678 24
5679 32
5680 34
5681 19
5682 26
5683 36
5684 26
5685 20
5686 24
5687 19
5688 24
5689 31
5690 29
5691 28
5692 31
5693 26
5694 32
5695 23
5696 23
5697 27
5698 31
5699 27
5700 32
5701 32
5702 32
5703 24
5704 29
5705 28
5706 19
5707 21
5708 28
5709 37
5710 23
5711 23
5712 31
5713 28
5714 20
5715 22
5716 31
5717 25
5718 25
5719 23
5720 27
5721 30
5722 22
5723 22
5724 22
5725 22
5726 24
5727 34
5728 18
5729 25
5730 22
5731 33
5732 24
5733 34
5734 26
5735 21
5736 17
5737 28
5738 19
5739 15
5740 25
5741 32
5742 25
5743 29
5744 20
5745 21
5746 21
5747 30
5748 29
5749 26
5750 17
5751 27
5752 24
5753 22
5754 19
5755 28
5756 23
5757 29
5758 27
5759 22
5760 29
5761 28
5762 21
5763 25
5764 19
5765 27
5766 31
5767 30
5768 22
5769 19
5770 24
5771 28
5772 19
5773 15
5774 17
5775 18
5776 21
5777 27
5778 15
5779 17
5780 18
5781 27
5782 28
5783 16
5784 20
5785 27
5786 20
5787 17
5788 24
5789 23
5790 26
5791 21
5792 31
5793 26
5794 29
5795 21
5796 26
5797 20
5798 34
5799 27
5800 19
5801 21
5802 29
5803 19
5804 25
5805 26
5806 27
5807 27
5808 26
5809 19
5810 16
5811 27
5812 32
5813 23
5814 25
5815 26
5816 14
5817 24
5818 19
5819 16
5820 13
5821 22
5822 30
5823 21
5824 26
5825 25
5826 20
5827 20
5828 21
5829 18
5830 20
5831 12
5832 19
5833 25
5834 14
5835 15
5836 18
5837 24
5838 26
5839 20
5840 14
5841 16
5842 26
5843 25
5844 23
5845 24
5846 20
5847 20
5848 27
5849 21
5850 26
5851 23
5852 29
5853 13
5854 15
5855 24
5856 23
5857 22
5858 25
5859 23
5860 23
5861 16
5862 23
5863 26
5864 21
5865 21
5866 17
5867 25
5868 28
5869 20
5870 18
5871 23
5872 16
5873 24
5874 19
5875 19
5876 18
5877 28
5878 28
5879 20
5880 14
5881 21
5882 19
5883 28
5884 15
5885 19
5886 21
5887 23
5888 22
5889 32
5890 31
5891 14
5892 18
5893 24
5894 15
5895 22
5896 22
5897 17
5898 14
5899 22
5900 26
5901 25
5902 23
5903 18
5904 15
5905 28
5906 18
5907 25
5908 17
5909 27
5910 13
5911 22
5912 24
5913 21
5914 22
5915 25
5916 16
5917 20
5918 19
5919 25
5920 22
5921 17
5922 22
5923 15
5924 18
5925 25
5926 13
5927 19
5928 21
5929 14
5930 25
5931 22
5932 16
5933 28
5934 18
5935 19
5936 17
5937 17
5938 24
5939 19
5940 17
5941 15
5942 14
5943 22
5944 27
5945 23
5946 16
5947 24
5948 23
5949 19
5950 27
5951 19
5952 16
5953 25
5954 18
5955 16
5956 19
5957 16
5958 25
5959 20
5960 24
5961 23
5962 23
5963 14
5964 18
5965 21
5966 18
5967 13
5968 19
5969 16
5970 18
5971 22
5972 18
5973 20
5974 21
5975 17
5976 20
5977 19
5978 26
5979 22
5980 9
5981 20
5982 28
5983 21
5984 15
5985 17
5986 20
5987 23
5988 20
5989 24
5990 26
5991 24
5992 14
5993 22
5994 29
5995 23
5996 30
5997 23
5998 24
5999 20
6000 22
6001 24
6002 23
6003 20
6004 20
6005 28
6006 24
6007 27
6008 27
6009 25
6010 15
6011 10
6012 25
6013 20
6014 18
6015 27
6016 22
6017 19
6018 21
6019 17
6020 20
6021 24
6022 28
6023 24
6024 26
6025 17
6026 28
6027 21
6028 22
6029 26
6030 28
6031 22
6032 16
6033 22
6034 24
6035 23
6036 22
6037 17
6038 13
6039 24
6040 11
6041 23
6042 29
6043 25
6044 23
6045 22
6046 16
6047 24
6048 24
6049 28
6050 21
6051 30
6052 23
6053 23
6054 30
6055 20
6056 20
6057 19
6058 27
6059 29
6060 17
6061 21
6062 27
6063 16
6064 24
6065 19
6066 30
6067 28
6068 22
6069 18
6070 26
6071 27
6072 18
6073 12
6074 23
6075 23
6076 17
6077 19
6078 24
6079 29
6080 22
6081 21
6082 27
6083 17
6084 18
6085 18
6086 21
6087 14
6088 13
6089 14
6090 14
6091 13
6092 23
6093 17
6094 21
6095 17
6096 15
6097 23
6098 23
6099 33
6100 18
6101 23
6102 11
6103 21
6104 27
6105 23
6106 27
6107 18
6108 16
6109 26
6110 27
6111 19
6112 17
6113 28
6114 19
6115 29
6116 31
6117 22
6118 16
6119 25
6120 23
6121 12
6122 21
6123 20
6124 16
6125 20
6126 19
6127 16
6128 21
6129 29
6130 18
6131 18
6132 27
6133 31
6134 32
6135 15
6136 21
6137 21
6138 18
6139 26
6140 11
6141 23
6142 24
6143 22
6144 15
6145 16
6146 15
6147 16
6148 19
6149 20
6150 27
6151 21
6152 20
6153 19
6154 20
6155 24
6156 22
6157 19
6158 28
6159 12
6160 23
6161 29
6162 21
6163 21
6164 25
6165 23
6166 19
6167 22
6168 21
6169 23
6170 13
6171 17
6172 26
6173 16
6174 20
6175 27
6176 20
6177 22
6178 19
6179 12
6180 17
6181 22
6182 30
6183 24
6184 15
6185 18
6186 20
6187 21
6188 18
6189 10
6190 28
6191 19
6192 14
6193 20
6194 22
6195 16
6196 18
6197 13
6198 26
6199 14
6200 24
6201 19
6202 20
6203 15
6204 25
6205 19
6206 23
6207 15
6208 27
6209 24
6210 25
6211 16
6212 16
6213 21
6214 18
6215 22
6216 24
6217 15
6218 14
6219 19
6220 24
6221 20
6222 11
6223 14
6224 13
6225 19
6226 16
6227 26
6228 19
6229 14
6230 14
6231 30
6232 23
6233 27
6234 24
6235 24
6236 20
6237 15
6238 17
6239 16
6240 20
6241 28
6242 16
6243 23
6244 18
6245 28
6246 15
6247 16
6248 19
6249 14
6250 25
6251 17
6252 18
6253 14
6254 16
6255 15
6256 7
6257 25
6258 21
6259 22
6260 14
6261 20
6262 19
6263 19
6264 29
6265 15
6266 19
6267 18
6268 13
6269 18
6270 21
6271 18
6272 12
6273 19
6274 17
6275 20
6276 25
6277 12
6278 11
6279 13
6280 17
6281 18
6282 23
6283 22
6284 15
6285 21
6286 26
6287 18
6288 20
6289 18
6290 13
6291 17
6292 22
6293 15
6294 14
6295 14
6296 26
6297 20
6298 16
6299 16
6300 18
6301 11
6302 22
6303 20
6304 8
6305 19
6306 19
6307 20
6308 20
6309 21
6310 12
6311 15
6312 18
6313 21
6314 18
6315 21
6316 12
6317 16
6318 18
6319 10
6320 9
6321 14
6322 21
6323 21
6324 26
6325 20
6326 12
6327 34
6328 12
6329 12
6330 15
6331 30
6332 19
6333 20
6334 21
6335 16
6336 20
6337 19
6338 20
6339 13
6340 14
6341 19
6342 24
6343 20
6344 21
6345 13
6346 11
6347 14
6348 13
6349 28
6350 20
6351 21
6352 16
6353 17
6354 18
6355 11
6356 17
6357 17
6358 24
6359 24
6360 21
6361 22
6362 19
6363 16
6364 18
6365 14
6366 19
6367 24
6368 16
6369 18
6370 17
6371 20
6372 21
6373 16
6374 19
6375 11
6376 17
6377 17
6378 11
6379 16
6380 22
6381 19
6382 19
6383 19
6384 24
6385 21
6386 16
6387 21
6388 13
6389 15
6390 11
6391 17
6392 19
6393 13
6394 15
6395 16
6396 17
6397 17
6398 15
6399 17
6400 22
6401 20
6402 22
6403 16
6404 21
6405 11
6406 15
6407 16
6408 24
6409 18
6410 24
6411 13
6412 20
6413 25
6414 12
6415 14
6416 15
6417 19
6418 21
6419 15
6420 24
6421 21
6422 24
6423 19
6424 14
6425 17
6426 12
6427 14
6428 26
6429 13
6430 18
6431 21
6432 24
6433 14
6434 12
6435 20
6436 16
6437 18
6438 20
6439 15
6440 19
6441 15
6442 12
6443 14
6444 17
6445 17
6446 10
6447 12
6448 18
6449 21
6450 24
6451 36
6452 22
6453 24
6454 24
6455 10
6456 15
6457 21
6458 11
6459 7
6460 11
6461 18
6462 11
6463 15
6464 19
6465 22
6466 13
6467 16
6468 19
6469 15
6470 18
6471 16
6472 29
6473 23
6474 20
6475 24
6476 19
6477 18
6478 18
6479 18
6480 18
6481 13
6482 16
6483 21
6484 22
6485 13
6486 15
6487 17
6488 17
6489 15
6490 14
6491 13
6492 18
6493 19
6494 13
6495 15
6496 17
6497 12
6498 16
6499 22
6500 17
6501 20
6502 16
6503 14
6504 13
6505 17
6506 30
6507 13
6508 18
6509 14
6510 18
6511 16
6512 19
6513 17
6514 14
6515 23
6516 16
6517 22
6518 17
6519 20
6520 14
6521 16
6522 17
6523 20
6524 18
6525 19
6526 11
6527 14
6528 16
6529 21
6530 13
6531 18
6532 22
6533 24
6534 26
6535 13
6536 14
6537 14
6538 17
6539 15
6540 19
6541 11
6542 10
6543 16
6544 12
6545 15
6546 18
6547 15
6548 13
6549 19
6550 9
6551 19
6552 19
6553 13
6554 26
6555 14
6556 9
6557 15
6558 14
6559 12
6560 18
6561 16
6562 14
6563 22
6564 18
6565 15
6566 19
6567 14
6568 26
6569 15
6570 6
6571 11
6572 20
6573 9
6574 12
6575 15
6576 17
6577 20
6578 22
6579 17
6580 9
6581 18
6582 14
6583 17
6584 15
6585 12
6586 17
6587 12
6588 22
6589 20
6590 13
6591 19
6592 17
6593 12
6594 20
6595 13
6596 13
6597 17
6598 23
6599 19
6600 13
6601 17
6602 14
6603 19
6604 17
6605 18
6606 14
6607 24
6608 17
6609 16
6610 15
6611 19
6612 17
6613 21
6614 6
6615 11
6616 9
6617 11
6618 5
6619 20
6620 17
6621 14
6622 16
6623 16
6624 13
6625 17
6626 22
6627 10
6628 15
6629 21
6630 22
6631 17
6632 11
6633 16
6634 17
6635 15
6636 9
6637 11
6638 14
6639 16
6640 11
6641 11
6642 18
6643 19
6644 26
6645 17
6646 20
6647 18
6648 12
6649 16
6650 13
6651 22
6652 14
6653 19
6654 16
6655 15
6656 19
6657 16
6658 18
6659 9
6660 11
6661 12
6662 10
6663 11
6664 15
6665 18
6666 17
6667 11
6668 14
6669 16
6670 12
6671 15
6672 20
6673 9
6674 17
6675 7
6676 14
6677 15
6678 14
6679 13
6680 21
6681 15
6682 16
6683 14
6684 12
6685 26
6686 17
6687 17
6688 9
6689 13
6690 13
6691 13
6692 10
6693 23
6694 13
6695 14
6696 12
6697 16
6698 6
6699 15
6700 13
6701 9
6702 18
6703 11
6704 15
6705 22
6706 10
6707 15
6708 15
6709 15
6710 11
6711 14
6712 19
6713 22
6714 8
6715 11
6716 17
6717 16
6718 19
6719 13
6720 12
6721 14
6722 19
6723 17
6724 22
6725 10
6726 14
6727 15
6728 11
6729 11
6730 10
6731 17
6732 11
6733 12
6734 15
6735 13
6736 19
6737 12
6738 11
6739 20
6740 11
6741 21
6742 16
6743 13
6744 24
6745 11
6746 18
6747 12
6748 12
6749 17
6750 13
6751 15
6752 12
6753 13
6754 12
6755 12
6756 15
6757 9
6758 17
6759 12
6760 13
6761 12
6762 18
6763 22
6764 14
6765 18
6766 16
6767 13
6768 13
6769 17
6770 18
6771 19
6772 12
6773 16
6774 13
6775 17
6776 9
6777 20
6778 14
6779 15
6780 22
6781 19
6782 16
6783 12
6784 11
6785 17
6786 20
6787 7
6788 7
6789 10
6790 14
6791 18
6792 8
6793 18
6794 16
6795 12
6796 20
6797 15
6798 13
6799 18
6800 13
6801 11
6802 14
6803 7
6804 19
6805 15
6806 15
6807 10
6808 10
6809 20
6810 13
6811 22
6812 18
6813 9
6814 12
6815 19
6816 12
6817 18
6818 17
6819 16
6820 11
6821 13
6822 13
6823 20
6824 11
6825 16
6826 12
6827 15
6828 18
6829 13
6830 17
6831 13
6832 12
6833 11
6834 17
6835 13
6836 17
6837 12
6838 12
6839 12
6840 13
6841 10
6842 11
6843 9
6844 14
6845 13
6846 20
6847 6
6848 18
6849 19
6850 14
6851 10
6852 15
6853 10
6854 10
6855 19
6856 13
6857 12
6858 15
6859 6
6860 21
6861 11
6862 16
6863 14
6864 10
6865 9
6866 16
6867 22
6868 11
6869 18
6870 8
6871 9
6872 13
6873 12
6874 14
6875 13
6876 9
6877 13
6878 17
6879 17
6880 14
6881 8
6882 16
6883 10
6884 16
6885 13
6886 8
6887 14
6888 15
6889 11
6890 18
6891 7
6892 12
6893 13
6894 15
6895 14
6896 16
6897 15
6898 13
6899 11
6900 13
6901 10
6902 18
6903 7
6904 12
6905 15
6906 8
6907 8
6908 12
6909 12
6910 16
6911 17
6912 9
6913 20
6914 19
6915 13
6916 14
6917 21
6918 13
6919 23
6920 20
6921 9
6922 9
6923 12
6924 13
6925 12
6926 10
6927 17
6928 12
6929 14
6930 13
6931 14
6932 19
6933 14
6934 8
6935 11
6936 14
6937 21
6938 12
6939 16
6940 16
6941 17
6942 17
6943 12
6944 11
6945 18
6946 15
6947 17
6948 12
6949 10
6950 9
6951 18
6952 8
6953 17
6954 18
6955 11
6956 14
6957 13
6958 13
6959 15
6960 22
6961 10
6962 13
6963 10
6964 11
6965 14
6966 15
6967 14
6968 17
6969 15
6970 11
6971 12
6972 13
6973 15
6974 14
6975 10
6976 7
6977 12
6978 14
6979 9
6980 17
6981 19
6982 16
6983 12
6984 12
6985 11
6986 19
6987 16
6988 8
6989 14
6990 19
6991 12
6992 9
6993 14
6994 10
6995 14
6996 11
6997 9
6998 13
6999 14
7000 16
7001 13
7002 13
7003 10
7004 10
7005 10
7006 11
7007 10
7008 9
7009 9
7010 8
7011 13
7012 13
7013 9
7014 12
7015 14
7016 12
7017 10
7018 16
7019 10
7020 10
7021 15
7022 9
7023 14
7024 13
7025 12
7026 8
7027 12
7028 14
7029 15
7030 18
7031 12
7032 14
7033 11
7034 10
7035 13
7036 11
7037 10
7038 12
7039 11
7040 9
7041 7
7042 14
7043 12
7044 13
7045 8
7046 8
7047 12
7048 17
7049 6
7050 13
7051 9
7052 16
7053 13
7054 6
7055 10
7056 11
7057 6
7058 13
7059 15
7060 11
7061 10
7062 12
7063 16
7064 10
7065 12
7066 16
7067 10
7068 5
7069 14
7070 16
7071 13
7072 7
7073 7
7074 13
7075 13
7076 10
7077 4
7078 18
7079 9
7080 13
7081 18
7082 18
7083 12
7084 10
7085 11
7086 16
7087 14
7088 17
7089 13
7090 13
7091 17
7092 7
7093 11
7094 11
7095 12
7096 19
7097 17
7098 6
7099 13
7100 13
7101 18
7102 8
7103 16
7104 15
7105 14
7106 14
7107 17
7108 11
7109 17
7110 12
7111 9
7112 6
7113 13
7114 10
7115 15
7116 11
7117 9
7118 17
7119 11
7120 5
7121 17
7122 7
7123 12
7124 15
7125 12
7126 12
7127 7
7128 16
7129 12
7130 11
7131 7
7132 11
7133 12
7134 14
7135 6
7136 13
7137 9
7138 9
7139 12
7140 17
7141 9
7142 13
7143 10
7144 10
7145 14
7146 10
7147 11
7148 9
7149 13
7150 13
7151 13
7152 8
7153 7
7154 14
7155 8
7156 11
7157 3
7158 9
7159 8
7160 13
7161 8
7162 9
7163 6
7164 13
7165 19
7166 8
7167 12
7168 14
7169 10
7170 8
7171 14
7172 9
7173 16
7174 10
7175 5
7176 14
7177 8
7178 16
7179 9
7180 15
7181 5
7182 18
7183 5
7184 15
7185 6
7186 11
7187 10
7188 14
7189 10
7190 13
7191 11
7192 7
7193 7
7194 14
7195 16
7196 4
7197 13
7198 9
7199 15
7200 8
7201 10
7202 10
7203 12
7204 9
7205 14
7206 8
7207 8
7208 16
7209 9
7210 13
7211 12
7212 15
7213 15
7214 11
7215 15
7216 7
7217 16
7218 11
7219 10
7220 15
7221 14
7222 13
7223 7
7224 10
7225 11
7226 13
7227 6
7228 17
7229 6
7230 7
7231 13
7232 8
7233 18
7234 16
7235 5
7236 9
7237 9
7238 5
7239 17
7240 10
7241 11
7242 17
7243 12
7244 9
7245 8
7246 11
7247 16
7248 10
7249 15
7250 7
7251 3
7252 13
7253 14
7254 20
7255 7
7256 14
7257 9
7258 5
7259 14
7260 6
7261 13
7262 7
7263 6
7264 15
7265 8
7266 8
7267 8
7268 14
7269 11
7270 9
7271 16
7272 13
7273 7
7274 9
7275 8
7276 8
7277 14
7278 13
7279 14
7280 8
7281 10
7282 8
7283 11
7284 11
7285 11
7286 15
7287 8
7288 10
7289 12
7290 10
7291 4
7292 8
7293 10
7294 5
7295 11
7296 16
7297 9
7298 11
7299 7
7300 9
7301 14
7302 9
7303 12
7304 14
7305 12
7306 8
7307 13
7308 10
7309 13
7310 8
7311 4
7312 5
7313 10
7314 10
7315 18
7316 10
7317 5
7318 12
7319 10
7320 15
7321 8
7322 10
7323 16
7324 10
7325 5
7326 14
7327 19
7328 10
7329 9
7330 9
7331 10
7332 12
7333 6
7334 10
7335 14
7336 16
7337 7
7338 14
7339 10
7340 17
7341 14
7342 9
7343 9
7344 9
7345 18
7346 12
7347 17
7348 16
7349 12
7350 16
7351 8
7352 9
7353 11
7354 9
7355 10
7356 9
7357 17
7358 10
7359 12
7360 15
7361 4
7362 9
7363 9
7364 6
7365 8
7366 10
7367 11
7368 7
7369 6
7370 10
7371 21
7372 9
7373 13
7374 7
7375 10
7376 11
7377 10
7378 14
7379 10
7380 13
7381 9
7382 14
7383 12
7384 6
7385 17
7386 5
7387 8
7388 12
7389 8
7390 9
7391 12
7392 8
7393 13
7394 11
7395 11
7396 7
7397 10
7398 12
7399 7
7400 11
7401 10
7402 7
7403 12
7404 8
7405 13
7406 14
7407 8
7408 6
7409 6
7410 11
7411 6
7412 13
7413 5
7414 6
7415 7
7416 7
7417 16
7418 10
7419 6
7420 9
7421 13
7422 10
7423 6
7424 12
7425 6
7426 11
7427 7
7428 11
7429 16
7430 11
7431 9
7432 16
7433 11
7434 9
7435 7
7436 9
7437 9
7438 9
7439 10
7440 10
7441 9
7442 10
7443 8
7444 10
7445 11
7446 7
7447 8
7448 8
7449 8
7450 11
7451 13
7452 8
7453 8
7454 10
7455 13
7456 6
7457 11
7458 12
7459 6
7460 12
7461 11
7462 10
7463 6
7464 4
7465 10
7466 14
7467 12
7468 11
7469 10
7470 4
7471 14
7472 10
7473 9
7474 11
7475 10
7476 10
7477 15
7478 7
7479 11
7480 6
7481 4
7482 11
7483 8
7484 17
7485 9
7486 9
7487 10
7488 14
7489 9
7490 13
7491 7
7492 11
7493 11
7494 10
7495 15
7496 12
7497 10
7498 11
7499 12
7500 7
7501 9
7502 9
7503 13
7504 8
7505 11
7506 12
7507 9
7508 15
7509 10
7510 11
7511 4
7512 6
7513 4
7514 13
7515 14
7516 9
7517 11
7518 11
7519 8
7520 10
7521 9
7522 11
7523 10
7524 12
7525 11
7526 5
7527 6
7528 13
7529 10
7530 12
7531 8
7532 8
7533 17
7534 10
7535 13
7536 16
7537 15
7538 11
7539 15
7540 6
7541 9
7542 7
7543 11
7544 16
7545 14
7546 11
7547 7
7548 13
7549 14
7550 8
7551 9
7552 9
7553 7
7554 16
7555 10
7556 13
7557 8
7558 13
7559 13
7560 10
7561 15
7562 11
7563 9
7564 7
7565 12
7566 9
7567 11
7568 13
7569 14
7570 11
7571 4
7572 9
7573 9
7574 10
7575 15
7576 10
7577 10
7578 19
7579 12
7580 11
7581 11
7582 9
7583 5
7584 9
7585 6
7586 7
7587 9
7588 9
7589 13
7590 13
7591 16
7592 3
7593 10
7594 11
7595 14
7596 3
7597 8
7598 11
7599 9
7600 6
7601 8
7602 10
7603 12
7604 7
7605 12
7606 7
7607 9
7608 11
7609 6
7610 14
7611 11
7612 9
7613 8
7614 9
7615 9
7616 7
7617 13
7618 7
7619 8
7620 12
7621 14
7622 13
7623 8
7624 9
7625 13
7626 12
7627 7
7628 9
7629 11
7630 8
7631 8
7632 7
7633 8
7634 17
7635 5
7636 12
7637 6
7638 6
7639 10
7640 14
7641 6
7642 6
7643 14
7644 8
7645 10
7646 14
7647 7
7648 10
7649 9
7650 9
7651 10
7652 12
7653 10
7654 6
7655 6
7656 12
7657 6
7658 10
7659 7
7660 16
7661 13
7662 6
7663 9
7664 10
7665 10
7666 10
7667 10
7668 6
7669 15
7670 9
7671 8
7672 11
7673 9
7674 7
7675 9
7676 10
7677 6
7678 11
7679 7
7680 9
7681 11
7682 11
7683 5
7684 12
7685 10
7686 7
7687 9
7688 16
7689 9
7690 10
7691 5
7692 19
7693 5
7694 10
7695 3
7696 8
7697 8
7698 8
7699 10
7700 8
7701 8
7702 9
7703 10
7704 12
7705 7
7706 6
7707 10
7708 7
7709 15
7710 5
7711 16
7712 12
7713 16
7714 12
7715 10
7716 6
7717 13
7718 15
7719 11
7720 9
7721 6
7722 7
7723 15
7724 8
7725 17
7726 10
7727 15
7728 9
7729 10
7730 7
7731 17
7732 8
7733 8
7734 10
7735 10
7736 6
7737 9
7738 5
7739 14
7740 10
7741 9
7742 10
7743 6
7744 13
7745 13
7746 9
7747 12
7748 18
7749 12
7750 12
7751 6
7752 10
7753 4
7754 16
7755 11
7756 15
7757 7
7758 7
7759 9
7760 7
7761 10
7762 20
7763 10
7764 3
7765 12
7766 10
7767 10
7768 13
7769 11
7770 14
7771 11
7772 15
7773 14
7774 12
7775 4
7776 7
7777 7
7778 10
7779 4
7780 7
7781 12
7782 9
7783 12
7784 10
7785 8
7786 7
7787 11
7788 8
7789 10
7790 12
7791 10
7792 4
7793 17
7794 9
7795 10
7796 7
7797 8
7798 12
7799 10
7800 7
7801 8
7802 8
7803 12
7804 8
7805 10
7806 12
7807 12
7808 7
7809 7
7810 8
7811 5
7812 5
7813 13
7814 11
7815 11
7816 12
7817 6
7818 7
7819 5
7820 6
7821 15
7822 8
7823 14
7824 6
7825 12
7826 4
7827 2
7828 13
7829 6
7830 6
7831 11
7832 4
7833 6
7834 6
7835 11
7836 7
7837 12
7838 9
7839 7
7840 7
7841 8
7842 9
7843 9
7844 8
7845 10
7846 13
7847 13
7848 3
7849 4
7850 10
7851 9
7852 7
7853 7
7854 4
7855 5
7856 9
7857 8
7858 12
7859 4
7860 6
7861 13
7862 10
7863 7
7864 6
7865 7
7866 5
7867 8
7868 4
7869 7
7870 8
7871 17
7872 10
7873 6
7874 4
7875 11
7876 10
7877 7
7878 9
7879 13
7880 7
7881 11
7882 8
7883 12
7884 10
7885 9
7886 10
7887 7
7888 9
7889 10
7890 9
7891 7
7892 7
7893 7
7894 8
7895 5
7896 4
7897 4
7898 8
7899 5
7900 5
7901 11
7902 10
7903 9
7904 6
7905 15
7906 8
7907 10
7908 10
7909 4
7910 7
7911 9
7912 12
7913 7
7914 6
7915 7
7916 13
7917 10
7918 12
7919 5
7920 13
7921 9
7922 5
7923 9
7924 11
7925 10
7926 3
7927 9
7928 14
7929 7
7930 6
7931 12
7932 11
7933 5
7934 8
7935 6
7936 7
7937 7
7938 9
7939 6
7940 8
7941 6
7942 8
7943 7
7944 5
7945 10
7946 12
7947 8
7948 6
7949 5
7950 11
7951 15
7952 8
7953 10
7954 18
7955 6
7956 10
7957 7
7958 7
7959 8
7960 12
7961 7
7962 7
7963 9
7964 5
7965 8
7966 9
7967 8
7968 9
7969 7
7970 6
7971 9
7972 7
7973 12
7974 3
7975 11
7976 8
7977 8
7978 8
7979 5
7980 8
7981 10
7982 14
7983 10
7984 9
7985 10
7986 10
7987 6
7988 6
7989 7
7990 7
7991 10
7992 8
7993 7
7994 13
7995 8
7996 7
7997 7
7998 5
7999 11
8000 12
8001 11
8002 12
8003 8
8004 6
8005 8
8006 6
8007 11
8008 7
8009 7
8010 5
8011 8
8012 9
8013 8
8014 4
8015 9
8016 10
8017 7
8018 9
8019 9
8020 6
8021 7
8022 11
8023 7
8024 8
8025 9
8026 7
8027 9
8028 7
8029 13
8030 11
8031 9
8032 8
8033 4
8034 7
8035 4
8036 10
8037 6
8038 7
8039 8
8040 8
8041 9
8042 4
8043 8
8044 11
8045 8
8046 9
8047 10
8048 5
8049 13
8050 21
8051 6
8052 2
8053 9
8054 10
8055 5
8056 13
8057 7
8058 17
8059 10
8060 3
8061 7
8062 9
8063 8
8064 11
8065 5
8066 12
8067 12
8068 11
8069 14
8070 11
8071 10
8072 6
8073 6
8074 6
8075 10
8076 6
8077 11
8078 7
8079 10
8080 7
8081 8
8082 11
8083 5
8084 10
8085 11
8086 12
8087 8
8088 8
8089 10
8090 5
8091 9
8092 16
8093 10
8094 11
8095 11
8096 8
8097 8
8098 6
8099 12
8100 7
8101 12
8102 9
8103 13
8104 6
8105 9
8106 12
8107 9
8108 6
8109 12
8110 11
8111 4
8112 10
8113 11
8114 5
8115 7
8116 11
8117 9
8118 6
8119 10
8120 6
8121 6
8122 7
8123 11
8124 14
8125 11
8126 9
8127 10
8128 10
8129 10
8130 10
8131 9
8132 8
8133 5
8134 9
8135 9
8136 10
8137 7
8138 6
8139 13
8140 7
8141 10
8142 6
8143 7
8144 9
8145 6
8146 12
8147 12
8148 6
8149 9
8150 5
8151 10
8152 5
8153 10
8154 6
8155 12
8156 12
8157 7
8158 9
8159 7
8160 9
8161 9
8162 4
8163 3
8164 10
8165 4
8166 12
8167 11
8168 7
8169 10
8170 8
8171 7
8172 6
8173 4
8174 9
8175 11
8176 7
8177 7
8178 6
8179 7
8180 5
8181 10
8182 6
8183 7
8184 5
8185 7
8186 6
8187 11
8188 11
8189 4
8190 4
8191 11
8192 8
8193 7
8194 7
8195 6
8196 7
8197 17
8198 8
8199 11
8200 6
8201 6
8202 9
8203 11
8204 5
8205 2
8206 7
8207 8
8208 6
8209 13
8210 5
8211 10
8212 14
8213 8
8214 6
8215 9
8216 9
8217 8
8218 5
8219 6
8220 2
8221 14
8222 6
8223 10
8224 8
8225 7
8226 14
8227 4
8228 15
8229 10
8230 5
8231 4
8232 7
8233 5
8234 6
8235 10
8236 7
8237 12
8238 9
8239 6
8240 6
8241 6
8242 7
8243 9
8244 9
8245 6
8246 7
8247 9
8248 8
8249 7
8250 3
8251 8
8252 7
8253 8
8254 6
8255 3
8256 5
8257 7
8258 3
8259 6
8260 3
8261 9
8262 9
8263 8
8264 3
8265 9
8266 8
8267 7
8268 7
8269 4
8270 6
8271 8
8272 3
8273 9
8274 8
8275 6
8276 5
8277 5
8278 5
8279 3
8280 9
8281 4
8282 12
8283 5
8284 8
8285 9
8286 10
8287 7
8288 9
8289 3
8290 6
8291 7
8292 8
8293 7
8294 12
8295 11
8296 10
8297 11
8298 5
8299 3
8300 8
8301 8
8302 8
8303 8
8304 7
8305 11
8306 4
8307 9
8308 6
8309 9
8310 6
8311 9
8312 7
8313 7
8314 9
8315 3
8316 10
8317 11
8318 9
8319 5
8320 13
8321 8
8322 10
8323 8
8324 5
8325 9
8326 4
8327 9
8328 5
8329 5
8330 8
8331 9
8332 10
8333 6
8334 9
8335 7
8336 4
8337 6
8338 9
8339 5
8340 4
8341 7
8342 5
8343 3
8344 4
8345 5
8346 8
8347 7
8348 7
8349 10
8350 10
8351 8
8352 5
8353 10
8354 10
8355 5
8356 3
8357 5
8358 7
8359 8
8360 6
8361 5
8362 4
8363 8
8364 5
8365 8
8366 2
8367 11
8368 4
8369 8
8370 4
8371 4
8372 8
8373 6
8374 13
8375 7
8376 13
8377 10
8378 6
8379 10
8380 5
8381 7
8382 13
8383 7
8384 11
8385 4
8386 7
8387 4
8388 4
8389 6
8390 4
8391 5
8392 7
8393 7
8394 8
8395 11
8396 5
8397 9
8398 7
8399 2
8400 6
8401 10
8402 8
8403 11
8404 5
8405 16
8406 6
8407 8
8408 10
8409 11
8410 7
8411 9
8412 9
8413 14
8414 7
8415 10
8416 9
8417 10
8418 11
8419 9
8420 8
8421 8
8422 2
8423 8
8424 8
8425 7
8426 8
8427 7
8428 8
8429 11
8430 9
8431 6
8432 5
8433 7
8434 10
8435 11
8436 9
8437 8
8438 3
8439 11
8440 9
8441 4
8442 5
8443 8
8444 4
8445 7
8446 11
8447 9
8448 5
8449 5
8450 9
8451 3
8452 8
8453 3
8454 3
8455 9
8456 5
8457 7
8458 10
8459 10
8460 5
8461 6
8462 7
8463 3
8464 10
8465 8
8466 12
8467 3
8468 7
8469 1
8470 7
8471 4
8472 9
8473 2
8474 8
8475 5
8476 6
8477 9
8478 9
8479 7
8480 9
8481 9
8482 8
8483 10
8484 8
8485 11
8486 4
8487 8
8488 8
8489 7
8490 11
8491 8
8492 5
8493 6
8494 5
8495 8
8496 11
8497 1
8498 3
8499 7
8500 1
8501 4
8502 10
8503 9
8504 5
8505 7
8506 10
8507 6
8508 4
8509 5
8510 9
8511 6
8512 6
8513 8
8514 14
8515 7
8516 18
8517 9
8518 8
8519 8
8520 5
8521 7
8522 11
8523 10
8524 4
8525 6
8526 8
8527 11
8528 9
8529 2
8530 12
8531 8
8532 8
8533 5
8534 7
8535 7
8536 7
8537 7
8538 6
8539 11
8540 5
8541 4
8542 1
8543 6
8544 4
8545 6
8546 5
8547 8
8548 8
8549 7
8550 11
8551 7
8552 8
8553 7
8554 7
8555 7
8556 3
8557 9
8558 3
8559 7
8560 9
8561 7
8562 10
8563 11
8564 5
8565 4
8566 7
8567 9
8568 9
8569 4
8570 6
8571 6
8572 9
8573 8
8574 4
8575 6
8576 10
8577 10
8578 5
8579 6
8580 4
8581 12
8582 7
8583 6
8584 10
8585 4
8586 10
8587 9
8588 8
8589 8
8590 6
8591 4
8592 6
8593 5
8594 7
8595 13
8596 1
8597 9
8598 5
8599 3
8600 5
8601 8
8602 12
8603 6
8604 11
8605 5
8606 5
8607 4
8608 9
8609 6
8610 4
8611 4
8612 11
8613 4
8614 5
8615 5
8616 6
8617 7
8618 7
8619 2
8620 3
8621 3
8622 6
8623 6
8624 5
8625 4
8626 4
8627 8
8628 6
8629 9
8630 8
8631 4
8632 5
8633 9
8634 2
8635 7
8636 9
8637 1
8638 6
8639 6
8640 7
8641 11
8642 5
8643 4
8644 6
8645 7
8646 7
8647 5
8648 5
8649 6
8650 8
8651 6
8652 4
8653 5
8654 5
8655 6
8656 3
8657 12
8658 11
8659 2
8660 9
8661 5
8662 6
8663 9
8664 6
8665 7
8666 9
8667 2
8668 6
8669 4
8670 3
8671 5
8672 8
8673 10
8674 5
8675 5
8676 10
8677 7
8678 4
8679 7
8680 9
8681 2
8682 7
8683 3
8684 4
8685 7
8686 4
8687 7
8688 9
8689 6
8690 6
8691 5
8692 5
8693 9
8694 4
8695 4
8696 3
8697 4
8698 4
8699 7
8700 10
8701 2
8702 9
8703 4
8704 5
8705 8
8706 9
8707 6
8708 12
8709 2
8710 7
8711 7
8712 9
8713 6
8714 8
8715 9
8716 3
8717 3
8718 5
8719 10
8720 9
8721 6
8722 9
8723 4
8724 9
8725 3
8726 3
8727 3
8728 8
8729 4
8730 4
8731 7
8732 5
8733 7
8734 4
8735 5
8736 5
8737 5
8738 3
8739 12
8740 8
8741 8
8742 8
8743 5
8744 4
8745 10
8746 6
8747 9
8748 5
8749 9
8750 12
8751 5
8752 1
8753 3
8754 9
8755 13
8756 7
8757 7
8758 5
8759 6
8760 3
8761 8
8762 7
8763 9
8764 9
8765 7
8766 5
8767 5
8768 6
8769 3
8770 4
8771 13
8772 4
8773 6
8774 5
8775 8
8776 4
8777 8
8778 7
8779 6
8780 8
8781 6
8782 8
8783 5
8784 7
8785 5
8786 7
8787 3
8788 6
8789 7
8790 7
8791 7
8792 2
8793 6
8794 6
8795 9
8796 12
8797 9
8798 10
8799 3
8800 11
8801 2
8802 11
8803 8
8804 9
8805 7
8806 6
8807 4
8808 10
8809 11
8810 8
8811 4
8812 4
8813 9
8814 8
8815 4
8816 6
8817 14
8818 8
8819 1
8820 3
8821 5
8822 4
8823 4
8824 5
8825 8
8826 9
8827 7
8828 12
8829 7
8830 9
8831 5
8832 7
8833 6
8834 5
8835 8
8836 3
8837 6
8838 9
8839 5
8840 2
8841 6
8842 13
8843 10
8844 6
8845 5
8846 7
8848 7
8849 4
8850 8
8851 6
8852 12
8853 5
8854 8
8855 11
8856 7
8857 6
8858 7
8859 4
8860 4
8861 11
8862 8
8863 7
8864 3
8865 6
8866 6
8867 6
8868 4
8869 5
8870 6
8871 5
8872 9
8873 4
8874 7
8875 5
8876 9
8877 7
8878 10
8879 9
8880 8
8881 6
8882 3
8883 3
8884 3
8885 7
8886 3
8887 8
8888 8
8889 8
8890 10
8891 3
8892 5
8893 3
8894 7
8895 4
8896 4
8897 8
8898 2
8899 7
8900 6
8901 6
8902 7
8903 6
8904 7
8905 13
8906 10
8907 7
8908 9
8909 8
8910 7
8911 5
8912 5
8913 4
8914 5
8915 8
8916 8
8917 11
8918 4
8919 5
8920 9
8921 5
8922 6
8923 6
8924 3
8925 5
8926 7
8927 4
8928 5
8929 7
8930 4
8931 10
8932 11
8933 4
8934 3
8935 6
8936 10
8937 5
8938 7
8939 4
8940 9
8941 4
8942 5
8943 8
8944 7
8945 4
8946 9
8947 12
8948 4
8949 5
8950 3
8951 6
8952 9
8953 4
8954 10
8955 6
8956 8
8957 5
8958 10
8959 5
8960 5
8961 8
8962 6
8963 7
8964 10
8965 10
8966 8
8967 2
8968 6
8969 8
8970 6
8971 7
8972 10
8973 5
8974 8
8975 8
8976 7
8977 7
8978 9
8979 6
8980 6
8981 6
8982 10
8983 7
8984 5
8985 7
8986 2
8987 15
8988 8
8989 3
8990 4
8991 7
8992 6
8993 4
8994 4
8995 3
8996 5
8997 6
8998 8
8999 9
9000 8
9001 9
9002 11
9003 5
9004 11
9005 2
9006 8
9007 9
9008 6
9009 6
9010 2
9011 8
9012 6
9013 4
9014 4
9015 8
9016 8
9017 4
9018 6
9019 5
9020 4
9021 10
9022 5
9023 13
9024 7
9025 3
9026 7
9027 2
9028 3
9029 13
9030 3
9031 7
9032 5
9033 1
9034 4
9035 10
9036 1
9037 10
9038 5
9039 5
9040 5
9041 8
9042 5
9043 10
9044 8
9045 6
9046 8
9047 7
9048 8
9049 5
9050 7
9051 9
9052 10
9053 6
9054 4
9055 4
9056 7
9057 8
9058 4
9059 6
9060 7
9061 6
9062 9
9063 5
9064 7
9065 8
9066 10
9067 15
9068 8
9069 5
9070 7
9071 6
9072 3
9073 5
9074 3
9075 7
9076 10
9077 1
9078 7
9079 12
9080 5
9081 7
9082 8
9083 5
9084 6
9085 9
9086 8
9087 5
9088 7
9089 3
9090 9
9091 2
9092 6
9093 7
9094 4
9095 8
9096 3
9097 13
9098 9
9099 6
9100 2
9101 8
9102 4
9103 7
9105 7
9106 11
9107 2
9108 7
9109 7
9110 10
9111 4
9112 10
9113 5
9114 4
9115 8
9116 4
9117 5
9118 5
9119 7
9120 7
9121 8
9122 8
9123 7
9124 7
9125 4
9126 6
9127 9
9128 8
9129 4
9130 6
9131 7
9132 8
9133 10
9134 4
9135 9
9136 5
9137 9
9138 6
9139 13
9140 5
9141 3
9142 3
9143 6
9144 7
9145 7
9146 7
9147 4
9148 3
9149 6
9150 7
9151 8
9152 4
9153 7
9154 3
9155 12
9156 12
9157 7
9158 5
9159 6
9160 9
9161 6
9162 8
9163 9
9164 6
9165 5
9166 12
9167 5
9168 7
9169 7
9170 7
9171 1
9172 5
9173 5
9174 6
9175 11
9176 3
9177 11
9178 5
9179 7
9180 10
9181 5
9182 8
9183 7
9184 4
9185 5
9186 8
9187 8
9188 5
9189 9
9190 4
9191 7
9192 11
9193 5
9194 5
9195 13
9196 11
9197 12
9198 10
9199 8
9200 5
9201 7
9202 5
9203 9
9204 6
9205 3
9206 7
9207 9
9208 3
9209 6
9210 6
9211 10
9212 5
9213 4
9214 9
9215 11
9216 5
9217 9
9218 6
9219 6
9220 8
9221 8
9222 8
9223 7
9224 5
9225 8
9226 8
9227 11
9228 7
9229 9
9230 7
9231 10
9232 9
9233 9
9234 6
9235 2
9236 7
9237 4
9238 6
9239 10
9240 11
9241 5
9242 5
9243 4
9244 11
9245 1
9246 3
9247 10
9248 7
9249 10
9250 4
9251 8
9252 8
9253 4
9254 5
9255 4
9256 9
9257 7
9258 7
9259 5
9260 3
9261 10
9262 6
9263 6
9264 4
9265 6
9266 7
9267 7
9268 6
9269 5
9270 4
9271 8
9272 7
9273 7
9274 11
9275 7
9276 6
9277 12
9278 6
9279 7
9280 4
9281 5
9282 10
9283 5
9284 11
9285 10
9286 6
9287 3
9288 4
9289 4
9290 7
9291 3
9292 9
9293 7
9294 13
9295 6
9296 7
9297 2
9298 4
9299 9
9300 9
9301 8
9302 4
9303 4
9304 3
9305 6
9306 6
9307 4
9308 3
9309 11
9310 5
9311 9
9312 6
9313 7
9314 7
9315 3
9316 4
9317 7
9318 8
9319 9
9320 5
9321 6
9322 5
9323 9
9324 8
9325 6
9326 6
9327 8
9328 6
9329 7
9330 2
9331 9
9332 7
9333 4
9334 8
9335 4
9336 7
9337 10
9338 8
9339 7
9340 5
9341 6
9342 6
9343 9
9344 8
9345 10
9346 8
9347 11
9348 14
9349 6
9350 9
9351 4
9352 9
9353 5
9354 3
9355 4
9356 5
9357 8
9358 3
9359 6
9360 5
9361 6
9362 6
9363 8
9364 7
9365 6
9366 7
9367 9
9368 11
9369 9
9370 7
9371 11
9372 9
9373 4
9374 6
9375 5
9376 3
9377 3
9378 4
9379 7
9380 7
9381 6
9382 6
9383 4
9384 6
9385 6
9386 1
9387 6
9388 4
9389 8
9390 9
9391 8
9392 7
9393 10
9394 7
9395 6
9396 8
9397 6
9398 5
9399 5
9400 3
9401 6
9402 13
9403 6
9404 7
9405 7
9406 4
9407 12
9408 5
9409 7
9410 8
9411 8
9412 11
9413 6
9414 9
9415 4
9416 7
9417 9
9418 9
9419 7
9420 10
9421 8
9422 6
9423 9
9424 9
9425 6
9426 9
9427 5
9428 8
9429 7
9430 6
9431 7
9432 12
9433 8
9434 6
9435 9
9436 6
9437 9
9438 4
9439 9
9440 9
9441 5
9442 4
9443 9
9444 9
9445 5
9446 11
9447 9
9448 6
9449 5
9450 7
9451 8
9452 8
9453 9
9454 7
9455 6
9456 9
9457 7
9458 7
9459 7
9460 5
9461 10
9462 13
9463 5
9464 12
9465 5
9466 6
9467 3
9468 8
9469 4
9470 6
9471 5
9472 10
9473 8
9474 6
9475 5
9476 5
9477 4
9478 4
9479 6
9480 10
9481 9
9482 3
9483 6
9484 7
9485 5
9486 7
9487 7
9488 5
9489 6
9490 8
9491 6
9492 6
9493 6
9494 3
9495 5
9496 6
9497 2
9498 8
9499 7
9500 4
9501 10
9502 9
9503 6
9504 8
9505 7
9506 3
9507 8
9508 5
9509 8
9510 5
9511 1
9512 5
9513 4
9514 5
9515 7
9516 7
9517 4
9518 3
9519 10
9520 5
9521 4
9522 9
9523 8
9524 7
9525 10
9526 5
9527 8
9528 11
9529 6
9530 9
9531 9
9532 7
9533 8
9534 9
9535 10
9536 6
9537 6
9538 5
9539 9
9540 6
9541 3
9542 4
9543 8
9544 4
9545 4
9546 7
9547 10
9548 6
9549 5
9550 7
9551 5
9552 7
9553 6
9554 5
9555 3
9556 7
9557 7
9558 2
9559 11
9560 5
9561 6
9562 5
9563 5
9564 5
9565 5
9566 4
9567 7
9568 11
9569 7
9570 4
9571 3
9572 3
9573 9
9574 13
9575 11
9576 4
9577 4
9578 4
9579 4
9580 6
9581 6
9582 5
9583 7
9584 7
9585 5
9586 5
9587 8
9588 8
9589 8
9590 4
9591 6
9592 10
9593 6
9594 3
9595 6
9596 4
9597 5
9598 5
9599 8
9600 8
9601 5
9602 8
9603 12
9604 4
9605 8
9606 7
9607 9
9608 4
9609 8
9610 4
9611 7
9612 9
9613 10
9614 6
9615 8
9616 5
9617 8
9618 6
9619 6
9620 9
9621 6
9622 5
9623 13
9624 5
9625 10
9626 9
9627 10
9628 7
9629 5
9630 4
9631 10
9632 6
9633 11
9634 6
9635 11
9636 5
9637 3
9638 8
9639 8
9640 9
9641 8
9642 5
9643 3
9644 8
9645 5
9646 8
9647 5
9648 3
9649 8
9650 7
9651 11
9652 9
9653 12
9654 6
9655 8
9656 7
9657 7
9658 11
9659 5
9660 8
9661 5
9662 11
9663 7
9664 11
9665 1
9666 6
9667 11
9668 6
9669 9
9670 6
9671 5
9672 2
9673 7
9674 10
9675 11
9676 4
9677 8
9678 7
9679 6
9680 7
9681 5
9682 10
9683 11
9684 3
9685 3
9686 5
9687 6
9688 9
9689 9
9690 8
9691 6
9692 6
9693 8
9694 7
9695 6
9696 4
9697 6
9698 9
9699 12
9700 9
9701 5
9702 11
9703 7
9704 10
9705 3
9706 6
9707 7
9708 7
9709 6
9710 7
9711 2
9712 7
9713 6
9714 7
9715 11
9716 12
9717 8
9718 3
9719 7
9720 10
9721 8
9722 2
9723 4
9724 5
9725 7
9726 4
9727 8
9728 8
9729 9
9730 9
9731 9
9732 7
9733 4
9734 7
9735 9
9736 10
9737 10
9738 9
9739 6
9740 9
9741 7
9742 10
9743 11
9744 12
9745 12
9746 6
9747 6
9748 7
9749 8
9750 7
9751 11
9752 5
9753 5
9754 8
9755 8
9756 6
9757 9
9758 8
9759 4
9760 10
9761 13
9762 10
9763 11
9764 10
9765 13
9766 4
9767 7
9768 9
9769 12
9770 4
9771 8
9772 7
9773 4
9774 8
9775 4
9776 6
9777 6
9778 9
9779 8
9780 4
9781 1
9782 8
9783 5
9784 6
9785 6
9786 8
9787 7
9788 13
9789 1
9790 2
9791 8
9792 6
9793 3
9794 10
9795 14
9796 5
9797 6
9798 4
9799 3
9800 2
9801 2
9802 2
9803 7
9804 11
9805 8
9806 10
9807 4
9808 4
9809 6
9810 9
9811 13
9812 10
9813 4
9814 7
9815 9
9816 8
9817 6
9818 8
9819 7
9820 6
9821 2
9822 6
9823 10
9824 7
9825 9
9826 7
9827 7
9828 9
9829 7
9830 1
9831 11
9832 4
9833 7
9834 2
9835 8
9836 9
9837 7
9838 14
9839 3
9840 5
9841 10
9842 3
9843 9
9844 11
9845 11
9846 9
9847 9
9848 5
9849 6
9850 5
9851 13
9852 8
9853 8
9854 5
9855 9
9856 6
9857 6
9858 3
9859 5
9860 7
9861 4
9862 7
9863 3
9864 2
9865 2
9866 11
9867 4
9868 5
9869 5
9870 5
9871 8
9872 15
9873 9
9874 5
9875 7
9876 7
9877 7
9878 6
9879 8
9880 10
9881 7
9882 2
9883 5
9884 6
9885 7
9886 5
9887 9
9888 6
9889 11
9890 9
9891 5
9892 11
9893 6
9894 7
9895 5
9896 9
9897 5
9898 13
9899 5
9900 11
9901 10
9902 7
9903 6
9904 5
9905 5
9906 8
9907 6
9908 8
9909 4
9910 4
9911 4
9912 11
9913 5
9914 7
9915 8
9916 3
9917 8
9918 10
9919 8
9920 5
9921 4
9922 11
9923 5
9924 9
9925 7
9926 7
9927 8
9928 8
9929 7
9930 7
9931 6
9932 11
9933 9
9934 4
9935 4
9936 7
9937 3
9938 8
9939 8
9940 5
9941 8
9942 6
9943 12
9944 9
9945 11
9946 9
9947 8
9948 15
9949 6
9950 7
9951 5
9952 14
9953 9
9954 8
9955 5
9956 5
9957 6
9958 9
9959 8
9960 6
9961 6
9962 11
9963 9
9964 7
9965 2
9966 7
9967 7
9968 7
9969 3
9970 5
9971 7
9972 7
9973 3
9974 11
9975 6
9976 5
9977 2
9978 7
9979 7
9980 8
9981 6
9982 3
9983 7
9984 12
9985 10
9986 7
9987 8
9988 6
9989 12
9990 8
9991 3
9992 6
9993 9
9994 7
9995 10
9996 13
9997 6
9998 4
9999 9
10000 7
10001 32894
