2 88342591
3 44056891
4 46998427
5 58452027
6 73291494
7 88629933
8 101968342
9 111254154
10 115254934
11 113801775
12 107678970
13 98474985
14 87863042
15 77363579
16 67966487
17 60275522
18 54512414
19 50322438
20 47420442
21 45399114
22 43800663
23 42317483
24 40799236
25 39116899
26 37281141
27 35314701
28 33308664
29 31324846
30 29448751
31 27679958
32 26094147
33 24667556
34 23405892
35 22300933
36 21317750
37 20440911
38 19625699
39 18884994
40 18174087
41 17483116
42 16798238
43 16124947
44 15443357
45 14751247
46 14056539
47 13358064
48 12659975
49 11956243
50 11245992
51 10545023
52 9851426
53 9167796
54 8509683
55 7862187
56 7252944
57 6670214
58 6114719
59 5596251
60 5102302
61 4652944
62 4237724
63 3852514
64 3513999
65 3207515
66 2929987
67 2685421
68 2467296
69 2277038
70 2106630
71 1958409
72 1827588
73 1711862
74 1610574
75 1524647
76 1446824
77 1374940
78 1311374
79 1255516
80 1206254
81 1159002
82 1118673
83 1078231
84 1041181
85 1007650
86 978464
87 946134
88 917866
89 890965
90 863185
91 838710
92 813436
93 791751
94 767791
95 747832
96 728170
97 706065
98 688473
99 669681
100 650155
101 632916
102 616573
103 600080
104 584303
105 567763
106 553386
107 539094
108 524508
109 512005
110 498150
111 487688
112 476631
113 464687
114 453700
115 442988
116 431574
117 421309
118 411779
119 401591
120 392748
121 383448
122 375526
123 365629
124 357578
125 349019
126 342679
127 334315
128 328530
129 321629
130 314521
131 307771
132 301545
133 296352
134 291090
135 285396
136 278507
137 273785
138 267237
139 262825
140 258001
141 253539
142 247355
143 243125
144 238740
145 234043
146 230195
147 226281
148 222427
149 219117
150 216173
151 211518
152 208067
153 204833
154 201517
155 198120
156 194675
157 191944
158 188466
159 185697
160 182588
161 179549
162 177463
163 174345
164 170869
165 168903
166 166290
167 163957
168 162545
169 160253
170 157936
171 155026
172 152346
173 150062
174 148775
175 145868
176 143978
177 141473
178 139810
179 138529
180 136216
181 133972
182 132795
183 130676
184 129298
185 127010
186 125759
187 123381
188 122551
189 121396
190 119019
191 117858
192 115213
193 114130
194 113252
195 111113
196 110444
197 108950
198 106732
199 105605
200 104208
201 102824
202 102186
203 100295
204 99193
205 98444
206 97482
207 95864
208 94831
209 93435
210 92628
211 92012
212 90733
213 90289
214 88875
215 88060
216 87319
217 86144
218 85028
219 83593
220 83117
221 81645
222 81427
223 79969
224 79400
225 78652
226 77557
227 76836
228 75880
229 74628
230 74694
231 73940
232 72522
233 72062
234 71203
235 70301
236 70041
237 69340
238 68237
239 67918
240 67020
241 66650
242 65322
243 64706
244 64355
245 63992
246 63002
247 62395
248 62272
249 60724
250 60771
251 60221
252 59662
253 58929
254 58252
255 57873
256 57328
257 57164
258 56404
259 55706
260 54960
261 54933
262 54489
263 53896
264 53177
265 52479
266 52422
267 52559
268 51573
269 51070
270 50823
271 50066
272 49577
273 49209
274 48525
275 48510
276 47737
277 47431
278 46634
279 46730
280 46108
281 46022
282 45391
283 45495
284 44875
285 43960
286 43997
287 43622
288 43295
289 42949
290 42400
291 42371
292 41682
293 41787
294 41176
295 40830
296 40564
297 39839
298 39920
299 39512
300 39244
301 39147
302 38820
303 38484
304 38278
305 37695
306 37400
307 37214
308 36711
309 36911
310 36037
311 36411
312 35761
313 35758
314 35529
315 35008
316 35284
317 34639
318 34282
319 33993
320 34123
321 33368
322 33255
323 33082
324 33014
325 32548
326 32841
327 32229
328 31990
329 31884
330 31723
331 31549
332 31142
333 31231
334 30672
335 30693
336 30281
337 30103
338 30001
339 29726
340 29371
341 29612
342 29300
343 28713
344 28905
345 28516
346 28445
347 28287
348 28163
349 28318
350 27513
351 27537
352 27333
353 27416
354 27220
355 26854
356 26591
357 26569
358 26556
359 25897
360 26484
361 25763
362 25616
363 25730
364 25669
365 25385
366 25424
367 25082
368 24864
369 24549
370 24826
371 24411
372 24475
373 24367
374 23714
375 24116
376 23759
377 23924
378 23403
379 23449
380 23338
381 23448
382 23067
383 23121
384 22903
385 22851
386 22561
387 22603
388 22400
389 22334
390 22193
391 21923
392 22035
393 21764
394 21734
395 21856
396 21624
397 21392
398 21656
399 21305
400 21056
401 21140
402 21129
403 20751
404 20965
405 20628
406 20626
407 20645
408 20317
409 20167
410 20307
411 20114
412 19982
413 20125
414 19785
415 19683
416 19572
417 19554
418 19219
419 19452
420 19178
421 19211
422 18781
423 18863
424 18891
425 18755
426 18846
427 18734
428 18721
429 18317
430 18395
431 18278
432 18264
433 18349
434 18144
435 18174
436 18009
437 18046
438 17988
439 17614
440 17547
441 17694
442 17620
443 17404
444 17393
445 17362
446 17063
447 17273
448 17346
449 17000
450 17355
451 17108
452 17034
453 16921
454 16808
455 16778
456 16777
457 16960
458 16652
459 16513
460 16554
461 16417
462 16258
463 16319
464 16330
465 16192
466 16278
467 16091
468 16277
469 15947
470 15949
471 15847
472 15777
473 15521
474 15675
475 15694
476 15718
477 15454
478 15697
479 15310
480 15261
481 15588
482 15272
483 15202
484 15304
485 15299
486 15257
487 15022
488 15242
489 14905
490 14833
491 14814
492 14704
493 14889
494 14680
495 14681
496 14655
497 14686
498 14578
499 14484
500 14389
501 14352
502 14464
503 14274
504 14249
505 14376
506 14187
507 14264
508 14021
509 13981
510 14008
511 14058
512 13882
513 13850
514 13921
515 14039
516 13903
517 13898
518 13800
519 13699
520 13940
521 13742
522 13605
523 13571
524 13600
525 13404
526 13493
527 13489
528 13245
529 13419
530 13299
531 13315
532 13052
533 13223
534 13070
535 13121
536 12881
537 13083
538 13088
539 12806
540 12905
541 12898
542 12836
543 12911
544 12704
545 12886
546 12656
547 12729
548 12668
549 12655
550 12557
551 12601
552 12410
553 12493
554 12296
555 12474
556 12352
557 12390
558 12264
559 12141
560 11998
561 12199
562 12233
563 12222
564 12038
565 12005
566 12066
567 11865
568 11871
569 11700
570 11544
571 11678
572 11473
573 11577
574 11465
575 11525
576 11545
577 11605
578 11407
579 11248
580 11305
581 11461
582 11361
583 11236
584 11362
585 11273
586 11096
587 11165
588 11041
589 10939
590 10977
591 10906
592 10887
593 10731
594 10867
595 10801
596 10568
597 10658
598 10592
599 10658
600 10691
601 10541
602 10538
603 10419
604 10424
605 10308
606 10531
607 10309
608 10114
609 10197
610 10189
611 10274
612 10198
613 10067
614 9917
615 9943
616 10042
617 9939
618 9801
619 9775
620 9792
621 9682
622 9740
623 9629
624 9969
625 9690
626 9515
627 9671
628 9308
629 9486
630 9425
631 9378
632 9249
633 9290
634 9189
635 9268
636 9117
637 9172
638 9158
639 9102
640 9080
641 9039
642 9020
643 8997
644 8737
645 8764
646 8913
647 8702
648 8776
649 8611
650 8510
651 8660
652 8541
653 8558
654 8559
655 8548
656 8535
657 8605
658 8310
659 8418
660 8336
661 8226
662 8306
663 8096
664 8243
665 8230
666 8307
667 8256
668 7973
669 8137
670 7891
671 7909
672 8089
673 7894
674 7733
675 7786
676 7787
677 7857
678 7904
679 7656
680 7974
681 7767
682 7700
683 7849
684 7632
685 7573
686 7531
687 7546
688 7397
689 7423
690 7404
691 7302
692 7349
693 7357
694 7281
695 7425
696 7033
697 7254
698 7181
699 7079
700 7066
701 7010
702 6974
703 6838
704 6990
705 6901
706 6999
707 6895
708 6847
709 6803
710 6796
711 6698
712 6779
713 6685
714 6473
715 6540
716 6661
717 6598
718 6529
719 6614
720 6495
721 6506
722 6554
723 6452
724 6404
725 6407
726 6334
727 6364
728 6220
729 6077
730 6245
731 6241
732 6218
733 6395
734 6131
735 6125
736 6092
737 5936
738 6194
739 6057
740 5930
741 6010
742 5857
743 5990
744 5948
745 5921
746 5918
747 5807
748 5821
749 5852
750 5828
751 5702
752 5761
753 5610
754 5790
755 5699
756 5639
757 5726
758 5632
759 5562
760 5544
761 5632
762 5615
763 5617
764 5443
765 5498
766 5517
767 5483
768 5542
769 5312
770 5308
771 5308
772 5336
773 5138
774 5242
775 5362
776 5408
777 5293
778 5221
779 5151
780 5215
781 5075
782 5234
783 5084
784 5080
785 5100
786 5168
787 5044
788 5100
789 4990
790 5027
791 4998
792 5091
793 5039
794 4963
795 4993
796 5000
797 4975
798 4936
799 4917
800 4855
801 4847
802 4827
803 4867
804 4826
805 4803
806 4874
807 4764
808 4832
809 4639
810 4710
811 4671
812 4604
813 4641
814 4519
815 4744
816 4654
817 4565
818 4577
819 4621
820 4527
821 4636
822 4547
823 4491
824 4441
825 4508
826 4325
827 4502
828 4523
829 4387
830 4564
831 4464
832 4402
833 4456
834 4402
835 4494
836 4311
837 4304
838 4213
839 4247
840 4244
841 4352
842 4276
843 4193
844 4238
845 4211
846 4084
847 4235
848 4194
849 4253
850 4081
851 4114
852 4027
853 4129
854 4030
855 4023
856 4067
857 3953
858 4017
859 3962
860 3978
861 4075
862 4067
863 3837
864 3948
865 3917
866 3849
867 3960
868 3796
869 4020
870 3856
871 3840
872 3814
873 3788
874 3874
875 3790
876 3824
877 3720
878 3791
879 3825
880 3813
881 3775
882 3662
883 3715
884 3804
885 3673
886 3851
887 3672
888 3800
889 3713
890 3627
891 3753
892 3622
893 3674
894 3728
895 3658
896 3694
897 3634
898 3760
899 3648
900 3580
901 3800
902 3493
903 3619
904 3631
905 3520
906 3500
907 3531
908 3510
909 3451
910 3518
911 3487
912 3481
913 3389
914 3422
915 3439
916 3473
917 3383
918 3398
919 3400
920 3464
921 3497
922 3383
923 3431
924 3318
925 3405
926 3495
927 3440
928 3303
929 3368
930 3289
931 3297
932 3284
933 3174
934 3352
935 3309
936 3352
937 3244
938 3173
939 3275
940 3281
941 3109
942 3138
943 3271
944 3218
945 3128
946 3220
947 3289
948 3121
949 3199
950 3117
951 3183
952 3166
953 3193
954 3150
955 3148
956 3165
957 3186
958 3118
959 3096
960 3064
961 3062
962 3138
963 3025
964 3145
965 3050
966 3193
967 2966
968 3006
969 3122
970 3058
971 3021
972 3102
973 2938
974 2984
975 2988
976 3008
977 2983
978 2963
979 3073
980 2940
981 2999
982 2989
983 2938
984 2908
985 2934
986 2866
987 2976
988 2885
989 2915
990 2919
991 2836
992 2770
993 2849
994 2827
995 3005
996 2850
997 2854
998 2900
999 2912
1000 2755
1001 2832
1002 2773
1003 2754
1004 2853
1005 2834
1006 2728
1007 2766
1008 2815
1009 2747
1010 2725
1011 2773
1012 2794
1013 2746
1014 2752
1015 2639
1016 2666
1017 2665
1018 2707
1019 2686
1020 2610
1021 2768
1022 2707
1023 2708
1024 2676
1025 2671
1026 2619
1027 2674
1028 2698
1029 2596
1030 2642
1031 2598
1032 2592
1033 2569
1034 2624
1035 2625
1036 2675
1037 2570
1038 2558
1039 2460
1040 2645
1041 2462
1042 2499
1043 2559
1044 2577
1045 2631
1046 2465
1047 2455
1048 2531
1049 2410
1050 2441
1051 2409
1052 2451
1053 2484
1054 2412
1055 2477
1056 2468
1057 2384
1058 2469
1059 2416
1060 2392
1061 2416
1062 2346
1063 2366
1064 2510
1065 2423
1066 2427
1067 2360
1068 2302
1069 2425
1070 2445
1071 2431
1072 2413
1073 2353
1074 2366
1075 2405
1076 2339
1077 2311
1078 2344
1079 2347
1080 2396
1081 2319
1082 2326
1083 2271
1084 2372
1085 2329
1086 2307
1087 2273
1088 2388
1089 2352
1090 2279
1091 2233
1092 2230
1093 2296
1094 2326
1095 2279
1096 2266
1097 2148
1098 2214
1099 2297
1100 2190
1101 2245
1102 2259
1103 2219
1104 2316
1105 2219
1106 2189
1107 2256
1108 2225
1109 2192
1110 2153
1111 2175
1112 2199
1113 2208
1114 2121
1115 2155
1116 2211
1117 2141
1118 2166
1119 2205
1120 2081
1121 2079
1122 2120
1123 2120
1124 2121
1125 2154
1126 2067
1127 2122
1128 2121
1129 2105
1130 2090
1131 2061
1132 2026
1133 2065
1134 2054
1135 2052
1136 2076
1137 1995
1138 2035
1139 2081
1140 2102
1141 2097
1142 2039
1143 2032
1144 2066
1145 2090
1146 1999
1147 2055
1148 2039
1149 2042
1150 2013
1151 2009
1152 1983
1153 1987
1154 2023
1155 2007
1156 2004
1157 1965
1158 1967
1159 1986
1160 1972
1161 1923
1162 1905
1163 1996
1164 2027
1165 1939
1166 1914
1167 1928
1168 1877
1169 1831
1170 1851
1171 1929
1172 1949
1173 1954
1174 1938
1175 1865
1176 1919
1177 1929
1178 1808
1179 1930
1180 1845
1181 1838
1182 1914
1183 1927
1184 1903
1185 1932
1186 1803
1187 1859
1188 1757
1189 1893
1190 1849
1191 1786
1192 1814
1193 1868
1194 1827
1195 1747
1196 1881
1197 1786
1198 1847
1199 1770
1200 1794
1201 1828
1202 1741
1203 1813
1204 1824
1205 1802
1206 1720
1207 1799
1208 1801
1209 1747
1210 1800
1211 1823
1212 1779
1213 1752
1214 1790
1215 1711
1216 1788
1217 1696
1218 1805
1219 1736
1220 1703
1221 1717
1222 1663
1223 1758
1224 1647
1225 1807
1226 1768
1227 1706
1228 1647
1229 1697
1230 1752
1231 1652
1232 1700
1233 1651
1234 1688
1235 1720
1236 1738
1237 1687
1238 1663
1239 1626
1240 1631
1241 1648
1242 1619
1243 1693
1244 1702
1245 1658
1246 1712
1247 1578
1248 1655
1249 1632
1250 1604
1251 1645
1252 1746
1253 1653
1254 1627
1255 1632
1256 1587
1257 1645
1258 1582
1259 1631
1260 1609
1261 1657
1262 1591
1263 1571
1264 1634
1265 1613
1266 1641
1267 1611
1268 1608
1269 1572
1270 1624
1271 1540
1272 1548
1273 1573
1274 1593
1275 1606
1276 1600
1277 1538
1278 1547
1279 1545
1280 1595
1281 1497
1282 1544
1283 1553
1284 1516
1285 1558
1286 1541
1287 1562
1288 1542
1289 1568
1290 1519
1291 1516
1292 1482
1293 1500
1294 1495
1295 1470
1296 1525
1297 1475
1298 1511
1299 1486
1300 1473
1301 1468
1302 1496
1303 1470
1304 1479
1305 1462
1306 1458
1307 1493
1308 1459
1309 1463
1310 1436
1311 1390
1312 1440
1313 1440
1314 1406
1315 1453
1316 1456
1317 1471
1318 1374
1319 1415
1320 1409
1321 1464
1322 1407
1323 1454
1324 1435
1325 1419
1326 1453
1327 1347
1328 1393
1329 1495
1330 1398
1331 1413
1332 1407
1333 1382
1334 1427
1335 1491
1336 1408
1337 1420
1338 1350
1339 1365
1340 1398
1341 1369
1342 1340
1343 1400
1344 1402
1345 1421
1346 1369
1347 1445
1348 1399
1349 1393
1350 1299
1351 1416
1352 1337
1353 1402
1354 1334
1355 1320
1356 1335
1357 1304
1358 1367
1359 1359
1360 1391
1361 1372
1362 1310
1363 1374
1364 1348
1365 1354
1366 1285
1367 1362
1368 1322
1369 1328
1370 1291
1371 1228
1372 1320
1373 1347
1374 1256
1375 1350
1376 1298
1377 1311
1378 1377
1379 1338
1380 1306
1381 1277
1382 1276
1383 1297
1384 1350
1385 1266
1386 1229
1387 1300
1388 1280
1389 1230
1390 1291
1391 1278
1392 1366
1393 1307
1394 1266
1395 1289
1396 1344
1397 1280
1398 1237
1399 1318
1400 1251
1401 1165
1402 1285
1403 1259
1404 1245
1405 1256
1406 1228
1407 1199
1408 1266
1409 1260
1410 1278
1411 1253
1412 1264
1413 1159
1414 1263
1415 1206
1416 1239
1417 1180
1418 1237
1419 1258
1420 1242
1421 1196
1422 1196
1423 1242
1424 1222
1425 1209
1426 1182
1427 1240
1428 1199
1429 1170
1430 1226
1431 1213
1432 1147
1433 1153
1434 1170
1435 1183
1436 1237
1437 1202
1438 1126
1439 1175
1440 1191
1441 1137
1442 1144
1443 1182
1444 1164
1445 1169
1446 1279
1447 1171
1448 1141
1449 1215
1450 1204
1451 1181
1452 1165
1453 1151
1454 1219
1455 1177
1456 1105
1457 1160
1458 1176
1459 1119
1460 1166
1461 1189
1462 1091
1463 1102
1464 1125
1465 1182
1466 1132
1467 1130
1468 1172
1469 1153
1470 1192
1471 1075
1472 1156
1473 1058
1474 1093
1475 1179
1476 1113
1477 1186
1478 1103
1479 1159
1480 1135
1481 1144
1482 1129
1483 1146
1484 1147
1485 1152
1486 1130
1487 1080
1488 1158
1489 1179
1490 1139
1491 1131
1492 1127
1493 1106
1494 1125
1495 1083
1496 1145
1497 1130
1498 1049
1499 1023
1500 1112
1501 1109
1502 1075
1503 1041
1504 1065
1505 1071
1506 1099
1507 1165
1508 1029
1509 1058
1510 1114
1511 1050
1512 1157
1513 1096
1514 1063
1515 1111
1516 1071
1517 1062
1518 1129
1519 1107
1520 1023
1521 1004
1522 1076
1523 1045
1524 1074
1525 1070
1526 1065
1527 1038
1528 1095
1529 1096
1530 1011
1531 1082
1532 958
1533 1058
1534 1002
1535 1036
1536 1011
1537 1054
1538 1024
1539 1037
1540 1048
1541 1024
1542 1065
1543 1057
1544 983
1545 1024
1546 1035
1547 973
1548 1017
1549 1019
1550 1057
1551 1034
1552 1045
1553 1012
1554 1003
1555 1021
1556 1031
1557 1038
1558 1052
1559 1018
1560 1021
1561 984
1562 1018
1563 1023
1564 1071
1565 1037
1566 1017
1567 987
1568 974
1569 1009
1570 1014
1571 1014
1572 947
1573 1058
1574 1037
1575 969
1576 1009
1577 1045
1578 1011
1579 996
1580 962
1581 1010
1582 977
1583 974
1584 940
1585 965
1586 1020
1587 1057
1588 991
1589 981
1590 986
1591 972
1592 982
1593 964
1594 935
1595 983
1596 996
1597 934
1598 992
1599 922
1600 982
1601 923
1602 998
1603 926
1604 971
1605 958
1606 931
1607 954
1608 912
1609 934
1610 947
1611 958
1612 927
1613 941
1614 962
1615 982
1616 957
1617 964
1618 976
1619 944
1620 928
1621 942
1622 906
1623 924
1624 948
1625 941
1626 996
1627 922
1628 925
1629 956
1630 884
1631 951
1632 947
1633 922
1634 909
1635 945
1636 955
1637 905
1638 919
1639 928
1640 863
1641 934
1642 880
1643 908
1644 908
1645 932
1646 889
1647 916
1648 945
1649 943
1650 914
1651 931
1652 903
1653 837
1654 940
1655 871
1656 909
1657 873
1658 917
1659 900
1660 923
1661 897
1662 957
1663 855
1664 866
1665 860
1666 883
1667 877
1668 894
1669 963
1670 867
1671 912
1672 883
1673 889
1674 879
1675 819
1676 867
1677 887
1678 918
1679 848
1680 915
1681 896
1682 878
1683 894
1684 878
1685 827
1686 918
1687 819
1688 882
1689 928
1690 846
1691 864
1692 885
1693 845
1694 884
1695 900
1696 837
1697 865
1698 860
1699 837
1700 924
1701 844
1702 813
1703 872
1704 892
1705 830
1706 834
1707 897
1708 875
1709 858
1710 828
1711 925
1712 840
1713 900
1714 916
1715 876
1716 808
1717 840
1718 869
1719 831
1720 858
1721 835
1722 868
1723 830
1724 773
1725 886
1726 836
1727 825
1728 839
1729 842
1730 828
1731 854
1732 884
1733 881
1734 774
1735 859
1736 865
1737 830
1738 790
1739 870
1740 830
1741 864
1742 808
1743 845
1744 821
1745 858
1746 771
1747 788
1748 878
1749 768
1750 780
1751 797
1752 762
1753 835
1754 837
1755 857
1756 806
1757 799
1758 833
1759 794
1760 824
1761 771
1762 743
1763 808
1764 786
1765 796
1766 821
1767 811
1768 761
1769 805
1770 814
1771 806
1772 792
1773 796
1774 808
1775 778
1776 750
1777 768
1778 790
1779 761
1780 767
1781 792
1782 819
1783 797
1784 733
1785 792
1786 730
1787 783
1788 790
1789 733
1790 767
1791 768
1792 783
1793 775
1794 752
1795 809
1796 758
1797 756
1798 727
1799 813
1800 797
1801 802
1802 710
1803 787
1804 708
1805 757
1806 733
1807 767
1808 775
1809 750
1810 782
1811 785
1812 788
1813 718
1814 777
1815 763
1816 773
1817 710
1818 719
1819 726
1820 765
1821 763
1822 778
1823 710
1824 751
1825 751
1826 750
1827 665
1828 763
1829 725
1830 748
1831 818
1832 725
1833 739
1834 695
1835 718
1836 719
1837 717
1838 770
1839 734
1840 760
1841 697
1842 753
1843 739
1844 714
1845 729
1846 733
1847 687
1848 745
1849 730
1850 711
1851 710
1852 750
1853 732
1854 686
1855 752
1856 711
1857 720
1858 707
1859 696
1860 740
1861 698
1862 688
1863 722
1864 688
1865 688
1866 700
1867 705
1868 709
1869 692
1870 721
1871 694
1872 680
1873 734
1874 719
1875 728
1876 687
1877 712
1878 678
1879 695
1880 681
1881 712
1882 710
1883 705
1884 689
1885 719
1886 701
1887 702
1888 694
1889 688
1890 680
1891 691
1892 697
1893 694
1894 679
1895 747
1896 695
1897 658
1898 704
1899 712
1900 665
1901 679
1902 744
1903 704
1904 709
1905 674
1906 683
1907 718
1908 661
1909 712
1910 619
1911 669
1912 686
1913 656
1914 667
1915 687
1916 695
1917 734
1918 671
1919 707
1920 630
1921 653
1922 712
1923 686
1924 656
1925 725
1926 676
1927 671
1928 693
1929 680
1930 707
1931 693
1932 700
1933 706
1934 682
1935 619
1936 698
1937 677
1938 731
1939 620
1940 659
1941 695
1942 685
1943 712
1944 705
1945 665
1946 647
1947 654
1948 654
1949 664
1950 707
1951 653
1952 662
1953 672
1954 639
1955 642
1956 651
1957 684
1958 642
1959 640
1960 632
1961 667
1962 674
1963 644
1964 652
1965 657
1966 660
1967 598
1968 642
1969 649
1970 662
1971 627
1972 639
1973 622
1974 649
1975 671
1976 632
1977 621
1978 631
1979 625
1980 624
1981 643
1982 666
1983 610
1984 600
1985 600
1986 622
1987 645
1988 663
1989 696
1990 633
1991 621
1992 652
1993 646
1994 676
1995 647
1996 610
1997 634
1998 587
1999 634
2000 606
2001 633
2002 608
2003 642
2004 616
2005 660
2006 647
2007 630
2008 616
2009 628
2010 625
2011 609
2012 616
2013 623
2014 594
2015 605
2016 605
2017 615
2018 606
2019 654
2020 635
2021 618
2022 647
2023 637
2024 639
2025 545
2026 601
2027 616
2028 618
2029 584
2030 538
2031 588
2032 597
2033 626
2034 608
2035 618
2036 641
2037 642
2038 613
2039 622
2040 588
2041 589
2042 590
2043 618
2044 594
2045 545
2046 599
2047 579
2048 603
2049 625
2050 607
2051 553
2052 624
2053 607
2054 614
2055 579
2056 594
2057 577
2058 587
2059 585
2060 592
2061 589
2062 566
2063 583
2064 559
2065 569
2066 603
2067 596
2068 588
2069 553
2070 571
2071 549
2072 559
2073 593
2074 564
2075 575
2076 563
2077 588
2078 538
2079 523
2080 574
2081 537
2082 570
2083 592
2084 609
2085 576
2086 616
2087 604
2088 543
2089 566
2090 571
2091 612
2092 583
2093 603
2094 590
2095 569
2096 537
2097 553
2098 566
2099 568
2100 557
2101 581
2102 585
2103 534
2104 581
2105 590
2106 539
2107 537
2108 529
2109 584
2110 557
2111 545
2112 541
2113 568
2114 512
2115 545
2116 540
2117 562
2118 551
2119 574
2120 563
2121 572
2122 635
2123 543
2124 530
2125 565
2126 548
2127 560
2128 500
2129 600
2130 526
2131 540
2132 541
2133 529
2134 588
2135 492
2136 537
2137 533
2138 523
2139 531
2140 554
2141 551
2142 579
2143 555
2144 545
2145 526
2146 529
2147 494
2148 558
2149 525
2150 493
2151 550
2152 536
2153 521
2154 505
2155 537
2156 536
2157 534
2158 557
2159 547
2160 511
2161 534
2162 524
2163 529
2164 536
2165 542
2166 546
2167 533
2168 581
2169 510
2170 518
2171 546
2172 499
2173 519
2174 521
2175 493
2176 497
2177 518
2178 547
2179 500
2180 533
2181 492
2182 526
2183 524
2184 512
2185 540
2186 536
2187 489
2188 549
2189 520
2190 545
2191 507
2192 537
2193 460
2194 481
2195 525
2196 500
2197 489
2198 498
2199 490
2200 536
2201 498
2202 498
2203 509
2204 519
2205 527
2206 485
2207 517
2208 504
2209 533
2210 501
2211 543
2212 499
2213 500
2214 532
2215 454
2216 515
2217 471
2218 490
2219 557
2220 489
2221 513
2222 532
2223 499
2224 526
2225 466
2226 486
2227 522
2228 512
2229 517
2230 489
2231 542
2232 507
2233 515
2234 494
2235 481
2236 469
2237 523
2238 502
2239 511
2240 531
2241 545
2242 492
2243 478
2244 529
2245 510
2246 503
2247 528
2248 473
2249 511
2250 491
2251 492
2252 500
2253 449
2254 484
2255 476
2256 490
2257 470
2258 486
2259 489
2260 494
2261 493
2262 462
2263 472
2264 494
2265 504
2266 510
2267 495
2268 475
2269 495
2270 511
2271 478
2272 487
2273 450
2274 507
2275 502
2276 485
2277 472
2278 471
2279 528
2280 458
2281 502
2282 531
2283 481
2284 508
2285 498
2286 466
2287 451
2288 492
2289 489
2290 478
2291 481
2292 482
2293 499
2294 499
2295 512
2296 491
2297 466
2298 474
2299 483
2300 460
2301 458
2302 476
2303 496
2304 475
2305 469
2306 474
2307 494
2308 504
2309 448
2310 450
2311 483
2312 517
2313 475
2314 507
2315 446
2316 463
2317 488
2318 481
2319 462
2320 448
2321 466
2322 475
2323 455
2324 439
2325 438
2326 451
2327 455
2328 467
2329 456
2330 463
2331 471
2332 483
2333 475
2334 450
2335 419
2336 463
2337 452
2338 487
2339 473
2340 487
2341 438
2342 450
2343 477
2344 450
2345 463
2346 461
2347 472
2348 482
2349 456
2350 470
2351 431
2352 422
2353 472
2354 499
2355 434
2356 450
2357 443
2358 457
2359 465
2360 461
2361 452
2362 439
2363 469
2364 453
2365 415
2366 444
2367 463
2368 468
2369 502
2370 431
2371 465
2372 472
2373 467
2374 436
2375 454
2376 456
2377 439
2378 497
2379 449
2380 459
2381 429
2382 408
2383 453
2384 472
2385 434
2386 451
2387 505
2388 437
2389 445
2390 409
2391 455
2392 456
2393 459
2394 475
2395 416
2396 434
2397 419
2398 469
2399 409
2400 412
2401 455
2402 478
2403 483
2404 478
2405 445
2406 464
2407 463
2408 498
2409 422
2410 471
2411 446
2412 463
2413 450
2414 435
2415 434
2416 428
2417 429
2418 456
2419 455
2420 442
2421 439
2422 474
2423 460
2424 480
2425 415
2426 476
2427 443
2428 440
2429 453
2430 389
2431 477
2432 416
2433 454
2434 419
2435 438
2436 428
2437 408
2438 457
2439 439
2440 450
2441 458
2442 444
2443 438
2444 398
2445 436
2446 453
2447 421
2448 412
2449 424
2450 445
2451 435
2452 431
2453 400
2454 457
2455 402
2456 412
2457 430
2458 395
2459 423
2460 461
2461 442
2462 411
2463 416
2464 443
2465 417
2466 444
2467 398
2468 402
2469 441
2470 406
2471 396
2472 406
2473 416
2474 442
2475 439
2476 406
2477 451
2478 442
2479 435
2480 421
2481 426
2482 393
2483 404
2484 403
2485 399
2486 384
2487 416
2488 423
2489 431
2490 432
2491 417
2492 440
2493 393
2494 432
2495 410
2496 426
2497 468
2498 405
2499 410
2500 393
2501 404
2502 404
2503 416
2504 392
2505 401
2506 410
2507 421
2508 431
2509 392
2510 413
2511 425
2512 380
2513 401
2514 407
2515 441
2516 446
2517 467
2518 426
2519 411
2520 364
2521 427
2522 429
2523 396
2524 413
2525 386
2526 438
2527 423
2528 396
2529 406
2530 408
2531 409
2532 387
2533 391
2534 434
2535 444
2536 410
2537 366
2538 427
2539 394
2540 444
2541 385
2542 403
2543 411
2544 407
2545 415
2546 395
2547 423
2548 392
2549 428
2550 425
2551 396
2552 401
2553 433
2554 457
2555 405
2556 429
2557 384
2558 417
2559 413
2560 398
2561 379
2562 380
2563 399
2564 398
2565 412
2566 410
2567 408
2568 432
2569 436
2570 433
2571 395
2572 407
2573 396
2574 397
2575 404
2576 407
2577 444
2578 428
2579 388
2580 419
2581 422
2582 391
2583 373
2584 406
2585 359
2586 400
2587 406
2588 419
2589 391
2590 419
2591 403
2592 420
2593 406
2594 373
2595 389
2596 402
2597 386
2598 409
2599 404
2600 428
2601 395
2602 429
2603 365
2604 385
2605 394
2606 389
2607 397
2608 428
2609 385
2610 409
2611 407
2612 400
2613 397
2614 398
2615 398
2616 416
2617 433
2618 396
2619 382
2620 384
2621 395
2622 385
2623 353
2624 400
2625 430
2626 371
2627 405
2628 401
2629 376
2630 394
2631 398
2632 446
2633 348
2634 392
2635 339
2636 429
2637 367
2638 408
2639 376
2640 404
2641 372
2642 366
2643 424
2644 357
2645 390
2646 362
2647 431
2648 370
2649 363
2650 349
2651 417
2652 387
2653 368
2654 372
2655 380
2656 374
2657 398
2658 369
2659 381
2660 381
2661 366
2662 375
2663 354
2664 380
2665 337
2666 365
2667 384
2668 378
2669 358
2670 393
2671 395
2672 354
2673 377
2674 407
2675 395
2676 351
2677 397
2678 335
2679 371
2680 366
2681 380
2682 410
2683 384
2684 353
2685 375
2686 401
2687 359
2688 360
2689 371
2690 370
2691 367
2692 341
2693 364
2694 341
2695 356
2696 368
2697 359
2698 387
2699 381
2700 367
2701 358
2702 363
2703 366
2704 383
2705 347
2706 382
2707 359
2708 352
2709 371
2710 381
2711 373
2712 354
2713 359
2714 366
2715 385
2716 360
2717 341
2718 344
2719 379
2720 370
2721 370
2722 328
2723 352
2724 406
2725 370
2726 371
2727 368
2728 352
2729 313
2730 402
2731 350
2732 356
2733 363
2734 349
2735 357
2736 347
2737 401
2738 351
2739 339
2740 343
2741 369
2742 373
2743 332
2744 343
2745 332
2746 350
2747 316
2748 322
2749 364
2750 326
2751 360
2752 346
2753 375
2754 356
2755 348
2756 331
2757 335
2758 359
2759 328
2760 356
2761 370
2762 359
2763 333
2764 336
2765 368
2766 371
2767 352
2768 362
2769 310
2770 340
2771 339
2772 292
2773 327
2774 309
2775 331
2776 333
2777 363
2778 362
2779 337
2780 329
2781 357
2782 355
2783 321
2784 382
2785 341
2786 346
2787 353
2788 314
2789 304
2790 348
2791 327
2792 336
2793 339
2794 321
2795 302
2796 314
2797 341
2798 332
2799 358
2800 356
2801 339
2802 325
2803 370
2804 321
2805 317
2806 316
2807 313
2808 329
2809 336
2810 342
2811 298
2812 322
2813 333
2814 352
2815 345
2816 366
2817 332
2818 331
2819 295
2820 327
2821 342
2822 325
2823 326
2824 343
2825 350
2826 341
2827 334
2828 358
2829 312
2830 335
2831 309
2832 317
2833 311
2834 331
2835 339
2836 322
2837 299
2838 340
2839 333
2840 328
2841 341
2842 320
2843 330
2844 318
2845 345
2846 291
2847 328
2848 333
2849 327
2850 327
2851 319
2852 301
2853 349
2854 319
2855 304
2856 340
2857 313
2858 304
2859 309
2860 330
2861 330
2862 330
2863 326
2864 327
2865 356
2866 303
2867 314
2868 329
2869 355
2870 349
2871 341
2872 305
2873 309
2874 313
2875 310
2876 356
2877 300
2878 281
2879 324
2880 299
2881 306
2882 335
2883 295
2884 347
2885 319
2886 319
2887 304
2888 350
2889 346
2890 333
2891 349
2892 365
2893 298
2894 324
2895 348
2896 315
2897 331
2898 317
2899 303
2900 272
2901 311
2902 330
2903 304
2904 324
2905 300
2906 321
2907 324
2908 342
2909 310
2910 276
2911 314
2912 296
2913 298
2914 299
2915 306
2916 319
2917 316
2918 320
2919 312
2920 288
2921 301
2922 310
2923 318
2924 279
2925 304
2926 317
2927 318
2928 308
2929 344
2930 274
2931 330
2932 313
2933 284
2934 322
2935 302
2936 319
2937 316
2938 315
2939 310
2940 302
2941 298
2942 284
2943 331
2944 286
2945 283
2946 309
2947 311
2948 284
2949 283
2950 312
2951 319
2952 278
2953 306
2954 303
2955 314
2956 313
2957 269
2958 346
2959 302
2960 315
2961 279
2962 298
2963 301
2964 300
2965 326
2966 332
2967 336
2968 301
2969 304
2970 264
2971 302
2972 312
2973 347
2974 291
2975 278
2976 322
2977 305
2978 282
2979 278
2980 291
2981 280
2982 261
2983 323
2984 316
2985 324
2986 296
2987 264
2988 307
2989 292
2990 276
2991 287
2992 325
2993 291
2994 333
2995 312
2996 295
2997 304
2998 306
2999 324
3000 274
3001 276
3002 296
3003 302
3004 305
3005 315
3006 283
3007 313
3008 301
3009 295
3010 284
3011 274
3012 305
3013 287
3014 299
3015 252
3016 285
3017 284
3018 294
3019 287
3020 290
3021 286
3022 288
3023 253
3024 281
3025 294
3026 284
3027 291
3028 285
3029 321
3030 316
3031 290
3032 299
3033 303
3034 280
3035 305
3036 299
3037 286
3038 278
3039 280
3040 294
3041 249
3042 279
3043 281
3044 285
3045 277
3046 284
3047 270
3048 284
3049 262
3050 259
3051 296
3052 261
3053 288
3054 306
3055 258
3056 258
3057 282
3058 248
3059 273
3060 282
3061 265
3062 269
3063 248
3064 266
3065 277
3066 266
3067 273
3068 261
3069 284
3070 268
3071 266
3072 320
3073 283
3074 292
3075 261
3076 282
3077 269
3078 300
3079 296
3080 283
3081 280
3082 251
3083 268
3084 284
3085 274
3086 294
3087 280
3088 281
3089 276
3090 245
3091 275
3092 285
3093 264
3094 281
3095 280
3096 282
3097 280
3098 266
3099 241
3100 254
3101 281
3102 270
3103 279
3104 252
3105 268
3106 262
3107 239
3108 241
3109 279
3110 267
3111 250
3112 270
3113 263
3114 274
3115 238
3116 286
3117 266
3118 286
3119 279
3120 245
3121 244
3122 261
3123 258
3124 244
3125 243
3126 265
3127 252
3128 276
3129 266
3130 304
3131 279
3132 269
3133 250
3134 264
3135 279
3136 274
3137 261
3138 282
3139 263
3140 287
3141 317
3142 262
3143 267
3144 271
3145 251
3146 250
3147 271
3148 259
3149 287
3150 262
3151 244
3152 230
3153 251
3154 278
3155 232
3156 234
3157 263
3158 283
3159 264
3160 269
3161 281
3162 295
3163 279
3164 270
3165 265
3166 248
3167 271
3168 250
3169 255
3170 271
3171 249
3172 280
3173 231
3174 245
3175 293
3176 254
3177 257
3178 245
3179 277
3180 269
3181 243
3182 273
3183 234
3184 263
3185 269
3186 274
3187 275
3188 230
3189 273
3190 283
3191 274
3192 289
3193 246
3194 247
3195 245
3196 246
3197 273
3198 269
3199 271
3200 257
3201 225
3202 264
3203 266
3204 254
3205 250
3206 274
3207 264
3208 280
3209 238
3210 289
3211 285
3212 273
3213 262
3214 242
3215 236
3216 238
3217 251
3218 262
3219 245
3220 257
3221 231
3222 272
3223 258
3224 243
3225 260
3226 272
3227 276
3228 241
3229 250
3230 253
3231 273
3232 232
3233 262
3234 280
3235 249
3236 226
3237 259
3238 277
3239 248
3240 259
3241 266
3242 244
3243 246
3244 260
3245 251
3246 292
3247 244
3248 245
3249 250
3250 264
3251 265
3252 245
3253 251
3254 257
3255 273
3256 224
3257 257
3258 247
3259 273
3260 225
3261 242
3262 265
3263 236
3264 229
3265 226
3266 259
3267 256
3268 259
3269 266
3270 223
3271 255
3272 266
3273 259
3274 259
3275 270
3276 239
3277 256
3278 245
3279 252
3280 250
3281 264
3282 227
3283 241
3284 236
3285 233
3286 205
3287 236
3288 239
3289 240
3290 216
3291 234
3292 233
3293 249
3294 254
3295 229
3296 248
3297 235
3298 246
3299 241
3300 240
3301 231
3302 213
3303 260
3304 249
3305 245
3306 236
3307 244
3308 235
3309 219
3310 228
3311 216
3312 243
3313 232
3314 251
3315 236
3316 221
3317 231
3318 242
3319 230
3320 223
3321 273
3322 243
3323 211
3324 239
3325 216
3326 214
3327 224
3328 243
3329 238
3330 237
3331 236
3332 216
3333 222
3334 235
3335 257
3336 262
3337 234
3338 218
3339 190
3340 245
3341 234
3342 267
3343 244
3344 218
3345 229
3346 223
3347 239
3348 242
3349 227
3350 234
3351 239
3352 254
3353 222
3354 220
3355 226
3356 238
3357 230
3358 209
3359 261
3360 220
3361 220
3362 242
3363 224
3364 232
3365 212
3366 197
3367 223
3368 224
3369 233
3370 238
3371 237
3372 217
3373 225
3374 211
3375 241
3376 227
3377 213
3378 230
3379 234
3380 218
3381 216
3382 255
3383 223
3384 216
3385 202
3386 233
3387 214
3388 239
3389 210
3390 211
3391 208
3392 209
3393 222
3394 232
3395 244
3396 213
3397 216
3398 234
3399 222
3400 219
3401 239
3402 220
3403 236
3404 240
3405 210
3406 257
3407 228
3408 221
3409 214
3410 233
3411 198
3412 222
3413 223
3414 252
3415 201
3416 225
3417 216
3418 218
3419 232
3420 224
3421 214
3422 228
3423 204
3424 220
3425 232
3426 251
3427 221
3428 206
3429 227
3430 231
3431 245
3432 244
3433 187
3434 216
3435 176
3436 202
3437 198
3438 228
3439 228
3440 219
3441 213
3442 228
3443 232
3444 214
3445 214
3446 229
3447 236
3448 220
3449 209
3450 227
3451 214
3452 198
3453 214
3454 213
3455 214
3456 206
3457 225
3458 215
3459 210
3460 174
3461 226
3462 244
3463 221
3464 205
3465 207
3466 219
3467 191
3468 225
3469 224
3470 227
3471 189
3472 201
3473 207
3474 188
3475 235
3476 212
3477 208
3478 211
3479 213
3480 228
3481 218
3482 216
3483 219
3484 228
3485 191
3486 235
3487 183
3488 190
3489 204
3490 213
3491 202
3492 204
3493 204
3494 224
3495 203
3496 188
3497 222
3498 204
3499 206
3500 199
3501 216
3502 184
3503 212
3504 210
3505 193
3506 226
3507 217
3508 210
3509 186
3510 221
3511 214
3512 199
3513 203
3514 190
3515 203
3516 208
3517 188
3518 199
3519 196
3520 209
3521 212
3522 167
3523 196
3524 199
3525 214
3526 202
3527 213
3528 222
3529 193
3530 202
3531 199
3532 193
3533 198
3534 221
3535 211
3536 208
3537 198
3538 184
3539 199
3540 205
3541 212
3542 196
3543 216
3544 210
3545 197
3546 191
3547 197
3548 191
3549 202
3550 180
3551 229
3552 217
3553 187
3554 183
3555 193
3556 216
3557 197
3558 198
3559 223
3560 188
3561 188
3562 205
3563 221
3564 190
3565 188
3566 219
3567 198
3568 206
3569 177
3570 229
3571 208
3572 224
3573 181
3574 202
3575 203
3576 229
3577 158
3578 199
3579 200
3580 175
3581 176
3582 171
3583 193
3584 188
3585 207
3586 184
3587 194
3588 167
3589 195
3590 170
3591 184
3592 164
3593 175
3594 186
3595 192
3596 167
3597 167
3598 184
3599 189
3600 203
3601 206
3602 193
3603 194
3604 183
3605 197
3606 197
3607 223
3608 197
3609 204
3610 217
3611 205
3612 182
3613 176
3614 176
3615 180
3616 202
3617 219
3618 183
3619 180
3620 203
3621 207
3622 183
3623 218
3624 202
3625 179
3626 182
3627 197
3628 181
3629 207
3630 196
3631 213
3632 183
3633 184
3634 165
3635 179
3636 218
3637 204
3638 203
3639 211
3640 193
3641 204
3642 185
3643 170
3644 163
3645 190
3646 201
3647 201
3648 195
3649 181
3650 198
3651 180
3652 174
3653 191
3654 205
3655 205
3656 221
3657 172
3658 186
3659 184
3660 194
3661 226
3662 190
3663 188
3664 186
3665 195
3666 172
3667 190
3668 202
3669 187
3670 182
3671 158
3672 190
3673 183
3674 180
3675 175
3676 173
3677 179
3678 213
3679 215
3680 209
3681 206
3682 174
3683 187
3684 189
3685 199
3686 176
3687 193
3688 185
3689 204
3690 198
3691 188
3692 188
3693 217
3694 211
3695 177
3696 199
3697 182
3698 174
3699 184
3700 162
3701 175
3702 146
3703 183
3704 175
3705 190
3706 182
3707 152
3708 210
3709 203
3710 173
3711 196
3712 180
3713 191
3714 183
3715 181
3716 192
3717 155
3718 196
3719 156
3720 165
3721 203
3722 192
3723 175
3724 181
3725 178
3726 207
3727 173
3728 191
3729 173
3730 193
3731 184
3732 170
3733 180
3734 189
3735 174
3736 185
3737 176
3738 166
3739 160
3740 164
3741 175
3742 164
3743 172
3744 180
3745 174
3746 159
3747 186
3748 168
3749 172
3750 165
3751 191
3752 167
3753 171
3754 181
3755 176
3756 180
3757 190
3758 170
3759 168
3760 188
3761 162
3762 159
3763 184
3764 169
3765 182
3766 177
3767 168
3768 197
3769 190
3770 216
3771 216
3772 162
3773 188
3774 172
3775 168
3776 178
3777 188
3778 177
3779 185
3780 184
3781 163
3782 164
3783 173
3784 190
3785 171
3786 165
3787 160
3788 158
3789 191
3790 175
3791 203
3792 164
3793 153
3794 179
3795 194
3796 158
3797 190
3798 169
3799 188
3800 153
3801 173
3802 189
3803 160
3804 170
3805 179
3806 162
3807 164
3808 164
3809 155
3810 162
3811 174
3812 164
3813 188
3814 164
3815 181
3816 185
3817 183
3818 172
3819 155
3820 190
3821 165
3822 172
3823 154
3824 170
3825 182
3826 164
3827 176
3828 167
3829 188
3830 166
3831 187
3832 152
3833 193
3834 187
3835 178
3836 165
3837 201
3838 178
3839 194
3840 184
3841 169
3842 180
3843 160
3844 182
3845 173
3846 157
3847 179
3848 175
3849 151
3850 181
3851 186
3852 173
3853 172
3854 186
3855 168
3856 190
3857 156
3858 195
3859 168
3860 163
3861 180
3862 150
3863 152
3864 174
3865 187
3866 171
3867 168
3868 167
3869 155
3870 172
3871 178
3872 190
3873 176
3874 148
3875 175
3876 159
3877 175
3878 161
3879 187
3880 171
3881 174
3882 205
3883 171
3884 168
3885 162
3886 175
3887 185
3888 167
3889 163
3890 148
3891 152
3892 166
3893 190
3894 166
3895 168
3896 172
3897 152
3898 153
3899 172
3900 154
3901 139
3902 176
3903 175
3904 173
3905 166
3906 152
3907 177
3908 172
3909 157
3910 149
3911 138
3912 165
3913 147
3914 172
3915 181
3916 162
3917 165
3918 184
3919 136
3920 144
3921 172
3922 154
3923 163
3924 159
3925 170
3926 165
3927 165
3928 158
3929 147
3930 166
3931 167
3932 168
3933 168
3934 168
3935 169
3936 170
3937 194
3938 152
3939 145
3940 164
3941 175
3942 152
3943 166
3944 163
3945 155
3946 125
3947 173
3948 171
3949 161
3950 155
3951 174
3952 165
3953 177
3954 170
3955 175
3956 157
3957 119
3958 157
3959 129
3960 161
3961 174
3962 165
3963 163
3964 173
3965 138
3966 171
3967 165
3968 159
3969 149
3970 157
3971 151
3972 177
3973 154
3974 155
3975 165
3976 149
3977 181
3978 166
3979 147
3980 182
3981 147
3982 157
3983 139
3984 144
3985 145
3986 164
3987 149
3988 157
3989 154
3990 141
3991 167
3992 165
3993 164
3994 160
3995 147
3996 174
3997 145
3998 150
3999 166
4000 134
4001 153
4002 145
4003 171
4004 162
4005 142
4006 139
4007 160
4008 147
4009 146
4010 158
4011 158
4012 155
4013 162
4014 165
4015 177
4016 173
4017 168
4018 179
4019 170
4020 170
4021 152
4022 167
4023 150
4024 162
4025 154
4026 190
4027 170
4028 166
4029 177
4030 167
4031 121
4032 157
4033 149
4034 173
4035 175
4036 156
4037 164
4038 164
4039 154
4040 147
4041 156
4042 157
4043 152
4044 123
4045 160
4046 148
4047 142
4048 161
4049 163
4050 171
4051 134
4052 164
4053 147
4054 167
4055 171
4056 147
4057 151
4058 153
4059 155
4060 152
4061 160
4062 156
4063 156
4064 161
4065 151
4066 156
4067 146
4068 154
4069 159
4070 149
4071 162
4072 151
4073 155
4074 149
4075 160
4076 159
4077 178
4078 160
4079 124
4080 144
4081 147
4082 150
4083 171
4084 150
4085 152
4086 160
4087 164
4088 122
4089 146
4090 147
4091 153
4092 157
4093 152
4094 143
4095 154
4096 167
4097 147
4098 152
4099 143
4100 142
4101 169
4102 167
4103 154
4104 162
4105 157
4106 142
4107 174
4108 141
4109 145
4110 139
4111 151
4112 141
4113 146
4114 142
4115 162
4116 145
4117 137
4118 166
4119 149
4120 136
4121 154
4122 148
4123 150
4124 135
4125 151
4126 158
4127 117
4128 145
4129 167
4130 129
4131 141
4132 166
4133 141
4134 136
4135 150
4136 151
4137 166
4138 145
4139 143
4140 152
4141 155
4142 158
4143 145
4144 153
4145 148
4146 160
4147 154
4148 153
4149 127
4150 152
4151 157
4152 137
4153 158
4154 118
4155 152
4156 146
4157 156
4158 170
4159 166
4160 134
4161 147
4162 137
4163 144
4164 163
4165 139
4166 118
4167 147
4168 159
4169 141
4170 142
4171 140
4172 136
4173 137
4174 157
4175 156
4176 141
4177 138
4178 144
4179 148
4180 129
4181 127
4182 146
4183 138
4184 135
4185 170
4186 119
4187 161
4188 131
4189 124
4190 172
4191 141
4192 149
4193 128
4194 132
4195 122
4196 158
4197 145
4198 134
4199 136
4200 136
4201 151
4202 144
4203 155
4204 139
4205 134
4206 142
4207 139
4208 132
4209 132
4210 126
4211 134
4212 151
4213 146
4214 140
4215 149
4216 121
4217 135
4218 161
4219 140
4220 159
4221 140
4222 150
4223 148
4224 135
4225 150
4226 125
4227 118
4228 138
4229 139
4230 143
4231 157
4232 142
4233 138
4234 141
4235 153
4236 110
4237 136
4238 136
4239 148
4240 138
4241 151
4242 143
4243 152
4244 133
4245 130
4246 121
4247 170
4248 133
4249 135
4250 138
4251 140
4252 151
4253 147
4254 132
4255 145
4256 146
4257 140
4258 128
4259 130
4260 145
4261 142
4262 123
4263 127
4264 135
4265 154
4266 135
4267 141
4268 152
4269 121
4270 150
4271 140
4272 130
4273 154
4274 152
4275 154
4276 129
4277 134
4278 144
4279 139
4280 171
4281 138
4282 129
4283 120
4284 184
4285 133
4286 133
4287 150
4288 144
4289 130
4290 138
4291 138
4292 138
4293 142
4294 123
4295 140
4296 117
4297 138
4298 99
4299 130
4300 122
4301 133
4302 125
4303 120
4304 140
4305 133
4306 138
4307 129
4308 113
4309 147
4310 134
4311 146
4312 130
4313 132
4314 121
4315 127
4316 125
4317 131
4318 142
4319 142
4320 141
4321 126
4322 135
4323 139
4324 129
4325 144
4326 149
4327 148
4328 117
4329 145
4330 128
4331 130
4332 123
4333 145
4334 126
4335 128
4336 125
4337 127
4338 116
4339 146
4340 140
4341 130
4342 109
4343 151
4344 142
4345 134
4346 127
4347 150
4348 121
4349 126
4350 138
4351 140
4352 134
4353 155
4354 141
4355 118
4356 135
4357 124
4358 137
4359 151
4360 143
4361 115
4362 141
4363 136
4364 143
4365 128
4366 120
4367 139
4368 141
4369 136
4370 135
4371 105
4372 132
4373 159
4374 147
4375 107
4376 119
4377 120
4378 117
4379 130
4380 141
4381 142
4382 112
4383 148
4384 106
4385 138
4386 113
4387 103
4388 124
4389 154
4390 127
4391 121
4392 143
4393 137
4394 127
4395 132
4396 144
4397 132
4398 128
4399 148
4400 123
4401 136
4402 127
4403 147
4404 109
4405 120
4406 121
4407 119
4408 148
4409 118
4410 131
4411 150
4412 135
4413 138
4414 131
4415 109
4416 132
4417 130
4418 122
4419 151
4420 129
4421 120
4422 120
4423 125
4424 124
4425 115
4426 124
4427 133
4428 121
4429 128
4430 123
4431 119
4432 124
4433 137
4434 113
4435 118
4436 138
4437 108
4438 129
4439 110
4440 127
4441 143
4442 136
4443 129
4444 134
4445 112
4446 119
4447 107
4448 136
4449 138
4450 106
4451 108
4452 138
4453 107
4454 97
4455 130
4456 131
4457 107
4458 119
4459 149
4460 118
4461 124
4462 102
4463 115
4464 142
4465 126
4466 132
4467 125
4468 126
4469 128
4470 122
4471 107
4472 131
4473 125
4474 123
4475 131
4476 112
4477 119
4478 125
4479 133
4480 112
4481 126
4482 121
4483 127
4484 117
4485 113
4486 103
4487 100
4488 118
4489 115
4490 116
4491 127
4492 119
4493 107
4494 129
4495 113
4496 127
4497 127
4498 130
4499 110
4500 107
4501 135
4502 116
4503 119
4504 132
4505 118
4506 120
4507 121
4508 135
4509 111
4510 119
4511 118
4512 118
4513 122
4514 121
4515 108
4516 117
4517 120
4518 130
4519 109
4520 106
4521 122
4522 117
4523 104
4524 136
4525 112
4526 123
4527 96
4528 114
4529 125
4530 99
4531 106
4532 133
4533 96
4534 108
4535 129
4536 113
4537 134
4538 113
4539 130
4540 105
4541 114
4542 115
4543 108
4544 94
4545 135
4546 126
4547 115
4548 120
4549 105
4550 97
4551 116
4552 100
4553 134
4554 115
4555 100
4556 115
4557 110
4558 116
4559 129
4560 120
4561 99
4562 119
4563 114
4564 120
4565 121
4566 104
4567 125
4568 117
4569 114
4570 125
4571 129
4572 120
4573 112
4574 121
4575 118
4576 115
4577 115
4578 113
4579 140
4580 123
4581 120
4582 99
4583 133
4584 121
4585 87
4586 101
4587 109
4588 112
4589 115
4590 124
4591 114
4592 100
4593 108
4594 117
4595 121
4596 109
4597 123
4598 106
4599 131
4600 119
4601 98
4602 117
4603 122
4604 109
4605 97
4606 114
4607 115
4608 146
4609 110
4610 111
4611 118
4612 115
4613 112
4614 125
4615 117
4616 122
4617 120
4618 122
4619 132
4620 122
4621 113
4622 105
4623 108
4624 112
4625 92
4626 117
4627 140
4628 99
4629 120
4630 115
4631 123
4632 117
4633 103
4634 120
4635 122
4636 105
4637 117
4638 103
4639 113
4640 103
4641 109
4642 105
4643 110
4644 110
4645 129
4646 110
4647 122
4648 123
4649 98
4650 124
4651 116
4652 122
4653 118
4654 111
4655 109
4656 93
4657 108
4658 117
4659 108
4660 123
4661 107
4662 103
4663 106
4664 138
4665 113
4666 112
4667 124
4668 110
4669 86
4670 115
4671 87
4672 92
4673 84
4674 120
4675 114
4676 119
4677 105
4678 123
4679 127
4680 135
4681 115
4682 109
4683 110
4684 109
4685 102
4686 106
4687 104
4688 113
4689 122
4690 103
4691 115
4692 108
4693 110
4694 99
4695 119
4696 103
4697 127
4698 115
4699 89
4700 111
4701 110
4702 102
4703 95
4704 114
4705 100
4706 110
4707 101
4708 114
4709 112
4710 99
4711 110
4712 110
4713 105
4714 114
4715 99
4716 95
4717 119
4718 108
4719 112
4720 123
4721 128
4722 110
4723 114
4724 96
4725 106
4726 109
4727 103
4728 118
4729 119
4730 96
4731 95
4732 105
4733 108
4734 108
4735 97
4736 119
4737 111
4738 104
4739 99
4740 103
4741 102
4742 114
4743 113
4744 95
4745 108
4746 107
4747 112
4748 98
4749 96
4750 114
4751 110
4752 97
4753 128
4754 92
4755 100
4756 106
4757 123
4758 93
4759 109
4760 106
4761 97
4762 94
4763 107
4764 99
4765 111
4766 121
4767 119
4768 110
4769 102
4770 102
4771 105
4772 98
4773 113
4774 116
4775 107
4776 113
4777 96
4778 95
4779 121
4780 100
4781 100
4782 112
4783 100
4784 100
4785 95
4786 117
4787 98
4788 106
4789 101
4790 101
4791 126
4792 85
4793 83
4794 102
4795 105
4796 83
4797 104
4798 110
4799 80
4800 105
4801 84
4802 105
4803 99
4804 98
4805 94
4806 93
4807 103
4808 122
4809 112
4810 97
4811 109
4812 106
4813 96
4814 112
4815 94
4816 110
4817 104
4818 109
4819 99
4820 102
4821 94
4822 115
4823 96
4824 98
4825 99
4826 103
4827 109
4828 120
4829 102
4830 105
4831 96
4832 106
4833 94
4834 99
4835 92
4836 109
4837 104
4838 108
4839 109
4840 97
4841 95
4842 103
4843 94
4844 106
4845 93
4846 100
4847 103
4848 100
4849 102
4850 97
4851 95
4852 108
4853 89
4854 101
4855 86
4856 106
4857 107
4858 99
4859 109
4860 107
4861 103
4862 117
4863 102
4864 98
4865 93
4866 100
4867 107
4868 99
4869 97
4870 100
4871 92
4872 105
4873 95
4874 88
4875 90
4876 89
4877 109
4878 89
4879 107
4880 101
4881 116
4882 108
4883 89
4884 106
4885 117
4886 90
4887 99
4888 97
4889 107
4890 115
4891 100
4892 85
4893 115
4894 89
4895 104
4896 95
4897 103
4898 92
4899 119
4900 93
4901 97
4902 87
4903 87
4904 87
4905 104
4906 103
4907 101
4908 104
4909 99
4910 88
4911 83
4912 82
4913 114
4914 89
4915 92
4916 95
4917 97
4918 117
4919 87
4920 110
4921 94
4922 84
4923 90
4924 93
4925 112
4926 86
4927 92
4928 94
4929 94
4930 96
4931 83
4932 94
4933 106
4934 102
4935 96
4936 83
4937 107
4938 82
4939 94
4940 82
4941 94
4942 85
4943 96
4944 97
4945 100
4946 85
4947 82
4948 88
4949 83
4950 92
4951 109
4952 93
4953 95
4954 108
4955 98
4956 94
4957 88
4958 100
4959 93
4960 80
4961 92
4962 99
4963 106
4964 74
4965 88
4966 86
4967 74
4968 93
4969 108
4970 95
4971 83
4972 86
4973 106
4974 84
4975 89
4976 113
4977 120
4978 91
4979 97
4980 103
4981 67
4982 107
4983 96
4984 95
4985 96
4986 95
4987 92
4988 79
4989 91
4990 87
4991 81
4992 88
4993 92
4994 104
4995 82
4996 84
4997 88
4998 91
4999 102
5000 89
5001 88
5002 97
5003 73
5004 94
5005 89
5006 90
5007 78
5008 85
5009 99
5010 89
5011 89
5012 86
5013 90
5014 84
5015 104
5016 93
5017 103
5018 101
5019 99
5020 90
5021 84
5022 78
5023 86
5024 95
5025 95
5026 93
5027 96
5028 92
5029 83
5030 79
5031 102
5032 81
5033 90
5034 78
5035 103
5036 90
5037 86
5038 103
5039 74
5040 84
5041 83
5042 76
5043 85
5044 96
5045 92
5046 106
5047 83
5048 95
5049 94
5050 80
5051 95
5052 97
5053 80
5054 85
5055 91
5056 100
5057 103
5058 86
5059 89
5060 88
5061 92
5062 84
5063 89
5064 87
5065 73
5066 82
5067 90
5068 88
5069 95
5070 93
5071 95
5072 85
5073 70
5074 80
5075 93
5076 85
5077 85
5078 95
5079 86
5080 98
5081 77
5082 101
5083 104
5084 92
5085 106
5086 88
5087 85
5088 82
5089 76
5090 92
5091 89
5092 88
5093 99
5094 86
5095 93
5096 95
5097 90
5098 79
5099 91
5100 91
5101 92
5102 81
5103 73
5104 71
5105 78
5106 85
5107 85
5108 85
5109 106
5110 75
5111 81
5112 89
5113 83
5114 91
5115 95
5116 96
5117 78
5118 83
5119 95
5120 74
5121 79
5122 101
5123 89
5124 102
5125 82
5126 89
5127 90
5128 80
5129 83
5130 83
5131 78
5132 77
5133 79
5134 90
5135 106
5136 101
5137 91
5138 81
5139 100
5140 86
5141 79
5142 92
5143 83
5144 89
5145 98
5146 98
5147 80
5148 69
5149 75
5150 76
5151 88
5152 92
5153 84
5154 72
5155 94
5156 88
5157 85
5158 89
5159 90
5160 95
5161 77
5162 89
5163 87
5164 84
5165 106
5166 105
5167 83
5168 88
5169 93
5170 84
5171 82
5172 99
5173 75
5174 81
5175 82
5176 94
5177 80
5178 74
5179 107
5180 97
5181 98
5182 100
5183 98
5184 86
5185 86
5186 83
5187 99
5188 94
5189 94
5190 76
5191 92
5192 87
5193 78
5194 88
5195 83
5196 73
5197 91
5198 78
5199 87
5200 93
5201 89
5202 76
5203 99
5204 94
5205 94
5206 86
5207 107
5208 101
5209 96
5210 79
5211 93
5212 93
5213 85
5214 98
5215 79
5216 87
5217 81
5218 72
5219 77
5220 71
5221 93
5222 66
5223 91
5224 87
5225 84
5226 87
5227 75
5228 87
5229 105
5230 82
5231 80
5232 73
5233 79
5234 96
5235 83
5236 79
5237 70
5238 77
5239 94
5240 74
5241 95
5242 109
5243 78
5244 84
5245 66
5246 93
5247 77
5248 81
5249 79
5250 80
5251 79
5252 90
5253 81
5254 73
5255 78
5256 75
5257 76
5258 68
5259 80
5260 89
5261 101
5262 98
5263 80
5264 92
5265 90
5266 76
5267 88
5268 86
5269 88
5270 95
5271 80
5272 72
5273 88
5274 83
5275 71
5276 76
5277 82
5278 87
5279 77
5280 108
5281 84
5282 94
5283 85
5284 100
5285 78
5286 83
5287 78
5288 82
5289 90
5290 78
5291 97
5292 84
5293 78
5294 78
5295 92
5296 83
5297 83
5298 98
5299 90
5300 97
5301 85
5302 78
5303 87
5304 71
5305 84
5306 90
5307 101
5308 87
5309 78
5310 84
5311 77
5312 84
5313 70
5314 102
5315 91
5316 93
5317 86
5318 78
5319 96
5320 88
5321 76
5322 78
5323 57
5324 100
5325 66
5326 85
5327 90
5328 90
5329 79
5330 92
5331 81
5332 107
5333 83
5334 92
5335 47
5336 68
5337 69
5338 93
5339 75
5340 75
5341 81
5342 98
5343 84
5344 75
5345 101
5346 82
5347 87
5348 78
5349 87
5350 83
5351 82
5352 81
5353 87
5354 67
5355 74
5356 82
5357 67
5358 114
5359 70
5360 74
5361 83
5362 91
5363 73
5364 102
5365 92
5366 84
5367 81
5368 86
5369 84
5370 72
5371 87
5372 95
5373 67
5374 91
5375 81
5376 83
5377 76
5378 78
5379 94
5380 86
5381 91
5382 85
5383 82
5384 85
5385 79
5386 81
5387 80
5388 82
5389 87
5390 99
5391 105
5392 69
5393 89
5394 79
5395 88
5396 95
5397 99
5398 92
5399 82
5400 92
5401 73
5402 89
5403 94
5404 71
5405 76
5406 78
5407 64
5408 83
5409 89
5410 94
5411 90
5412 87
5413 83
5414 87
5415 90
5416 99
5417 75
5418 71
5419 88
5420 89
5421 87
5422 72
5423 93
5424 82
5425 80
5426 77
5427 92
5428 71
5429 72
5430 88
5431 84
5432 86
5433 72
5434 96
5435 82
5436 84
5437 82
5438 99
5439 87
5440 80
5441 83
5442 88
5443 84
5444 82
5445 87
5446 83
5447 68
5448 87
5449 92
5450 73
5451 81
5452 80
5453 75
5454 76
5455 76
5456 85
5457 81
5458 90
5459 81
5460 69
5461 74
5462 81
5463 72
5464 83
5465 61
5466 68
5467 73
5468 79
5469 76
5470 71
5471 85
5472 72
5473 87
5474 90
5475 100
5476 93
5477 84
5478 72
5479 84
5480 69
5481 76
5482 86
5483 92
5484 74
5485 62
5486 88
5487 69
5488 79
5489 90
5490 75
5491 61
5492 92
5493 88
5494 85
5495 70
5496 76
5497 78
5498 79
5499 67
5500 70
5501 82
5502 85
5503 83
5504 93
5505 80
5506 63
5507 83
5508 67
5509 89
5510 85
5511 96
5512 57
5513 70
5514 80
5515 73
5516 89
5517 81
5518 84
5519 67
5520 80
5521 72
5522 70
5523 76
5524 66
5525 96
5526 70
5527 69
5528 69
5529 93
5530 80
5531 72
5532 86
5533 73
5534 77
5535 55
5536 96
5537 93
5538 95
5539 79
5540 86
5541 82
5542 90
5543 70
5544 86
5545 70
5546 85
5547 82
5548 88
5549 82
5550 85
5551 87
5552 84
5553 93
5554 102
5555 83
5556 72
5557 62
5558 89
5559 83
5560 79
5561 78
5562 64
5563 89
5564 91
5565 88
5566 73
5567 72
5568 84
5569 93
5570 69
5571 88
5572 77
5573 75
5574 67
5575 70
5576 82
5577 80
5578 95
5579 84
5580 89
5581 79
5582 73
5583 83
5584 80
5585 80
5586 90
5587 75
5588 79
5589 79
5590 80
5591 76
5592 96
5593 95
5594 87
5595 90
5596 72
5597 79
5598 68
5599 77
5600 79
5601 81
5602 87
5603 93
5604 85
5605 95
5606 72
5607 65
5608 107
5609 64
5610 77
5611 77
5612 81
5613 91
5614 77
5615 76
5616 90
5617 72
5618 80
5619 77
5620 75
5621 96
5622 78
5623 96
5624 78
5625 73
5626 61
5627 81
5628 91
5629 84
5630 77
5631 81
5632 80
5633 90
5634 96
5635 78
5636 72
5637 75
5638 82
5639 71
5640 96
5641 70
5642 58
5643 88
5644 73
5645 74
5646 83
5647 76
5648 77
5649 74
5650 73
5651 77
5652 71
5653 67
5654 85
5655 86
5656 71
5657 82
5658 75
5659 75
5660 84
5661 58
5662 76
5663 82
5664 83
5665 78
5666 79
5667 73
5668 74
5669 75
5670 83
5671 64
5672 82
5673 78
5674 78
5675 64
5676 65
5677 86
5678 82
5679 86
5680 75
5681 71
5682 79
5683 75
5684 81
5685 73
5686 61
5687 78
5688 86
5689 79
5690 87
5691 70
5692 74
5693 85
5694 79
5695 84
5696 70
5697 64
5698 86
5699 65
5700 68
5701 71
5702 66
5703 73
5704 71
5705 74
5706 79
5707 85
5708 74
5709 78
5710 82
5711 76
5712 83
5713 87
5714 63
5715 78
5716 71
5717 60
5718 71
5719 63
5720 76
5721 61
5722 67
5723 78
5724 72
5725 87
5726 76
5727 90
5728 82
5729 86
5730 76
5731 67
5732 65
5733 82
5734 71
5735 75
5736 73
5737 73
5738 92
5739 68
5740 61
5741 73
5742 71
5743 87
5744 67
5745 62
5746 70
5747 59
5748 69
5749 86
5750 69
5751 66
5752 68
5753 88
5754 81
5755 63
5756 75
5757 69
5758 54
5759 78
5760 80
5761 69
5762 74
5763 70
5764 86
5765 77
5766 59
5767 64
5768 71
5769 57
5770 70
5771 79
5772 68
5773 63
5774 65
5775 66
5776 63
5777 60
5778 75
5779 76
5780 64
5781 69
5782 54
5783 77
5784 98
5785 67
5786 89
5787 81
5788 65
5789 66
5790 75
5791 76
5792 59
5793 82
5794 84
5795 66
5796 58
5797 78
5798 72
5799 76
5800 80
5801 76
5802 80
5803 71
5804 73
5805 70
5806 82
5807 57
5808 73
5809 85
5810 79
5811 74
5812 87
5813 78
5814 80
5815 65
5816 74
5817 58
5818 69
5819 71
5820 76
5821 69
5822 70
5823 84
5824 90
5825 74
5826 91
5827 65
5828 78
5829 74
5830 67
5831 69
5832 72
5833 81
5834 80
5835 75
5836 86
5837 76
5838 74
5839 62
5840 73
5841 73
5842 63
5843 88
5844 72
5845 87
5846 71
5847 69
5848 78
5849 85
5850 72
5851 80
5852 76
5853 86
5854 71
5855 71
5856 80
5857 81
5858 60
5859 75
5860 58
5861 72
5862 53
5863 70
5864 70
5865 88
5866 81
5867 68
5868 64
5869 77
5870 84
5871 78
5872 69
5873 73
5874 78
5875 71
5876 65
5877 80
5878 77
5879 82
5880 73
5881 78
5882 72
5883 85
5884 82
5885 77
5886 74
5887 68
5888 64
5889 63
5890 66
5891 68
5892 63
5893 68
5894 60
5895 75
5896 75
5897 72
5898 77
5899 70
5900 72
5901 65
5902 70
5903 81
5904 70
5905 73
5906 89
5907 65
5908 69
5909 76
5910 74
5911 83
5912 61
5913 56
5914 79
5915 68
5916 62
5917 74
5918 56
5919 58
5920 76
5921 72
5922 79
5923 63
5924 72
5925 63
5926 71
5927 70
5928 70
5929 66
5930 62
5931 66
5932 82
5933 62
5934 78
5935 69
5936 70
5937 69
5938 75
5939 60
5940 83
5941 80
5942 62
5943 72
5944 63
5945 75
5946 63
5947 78
5948 89
5949 76
5950 84
5951 60
5952 74
5953 70
5954 92
5955 80
5956 70
5957 68
5958 69
5959 71
5960 62
5961 65
5962 69
5963 81
5964 73
5965 83
5966 67
5967 60
5968 60
5969 80
5970 79
5971 60
5972 85
5973 60
5974 80
5975 67
5976 65
5977 68
5978 75
5979 81
5980 61
5981 83
5982 73
5983 76
5984 71
5985 73
5986 70
5987 56
5988 69
5989 60
5990 70
5991 76
5992 76
5993 81
5994 76
5995 71
5996 60
5997 68
5998 67
5999 74
6000 70
6001 68
6002 55
6003 68
6004 81
6005 62
6006 75
6007 67
6008 90
6009 77
6010 63
6011 71
6012 66
6013 64
6014 76
6015 75
6016 65
6017 57
6018 70
6019 64
6020 64
6021 65
6022 76
6023 70
6024 82
6025 71
6026 67
6027 89
6028 89
6029 77
6030 69
6031 58
6032 66
6033 63
6034 66
6035 57
6036 77
6037 67
6038 78
6039 63
6040 65
6041 67
6042 52
6043 87
6044 64
6045 68
6046 60
6047 72
6048 76
6049 65
6050 63
6051 73
6052 70
6053 75
6054 68
6055 71
6056 69
6057 77
6058 67
6059 84
6060 77
6061 75
6062 56
6063 68
6064 76
6065 78
6066 68
6067 79
6068 66
6069 63
6070 62
6071 70
6072 67
6073 71
6074 50
6075 74
6076 71
6077 74
6078 96
6079 77
6080 62
6081 75
6082 75
6083 66
6084 89
6085 65
6086 61
6087 70
6088 59
6089 63
6090 56
6091 75
6092 69
6093 71
6094 80
6095 73
6096 69
6097 67
6098 71
6099 71
6100 74
6101 73
6102 77
6103 67
6104 62
6105 77
6106 67
6107 69
6108 62
6109 76
6110 74
6111 59
6112 67
6113 83
6114 73
6115 69
6116 72
6117 65
6118 71
6119 62
6120 62
6121 51
6122 65
6123 69
6124 72
6125 67
6126 60
6127 64
6128 53
6129 57
6130 71
6131 68
6132 71
6133 55
6134 60
6135 61
6136 76
6137 72
6138 69
6139 71
6140 64
6141 67
6142 68
6143 65
6144 76
6145 58
6146 73
6147 68
6148 55
6149 63
6150 80
6151 71
6152 72
6153 67
6154 78
6155 68
6156 62
6157 75
6158 52
6159 73
6160 62
6161 68
6162 66
6163 81
6164 67
6165 62
6166 66
6167 73
6168 74
6169 63
6170 65
6171 62
6172 65
6173 76
6174 67
6175 71
6176 66
6177 76
6178 70
6179 72
6180 56
6181 67
6182 79
6183 79
6184 67
6185 75
6186 70
6187 58
6188 59
6189 75
6190 63
6191 68
6192 70
6193 69
6194 59
6195 68
6196 67
6197 57
6198 58
6199 70
6200 61
6201 81
6202 59
6203 66
6204 81
6205 90
6206 69
6207 77
6208 69
6209 67
6210 74
6211 61
6212 70
6213 69
6214 57
6215 81
6216 55
6217 86
6218 73
6219 67
6220 59
6221 61
6222 69
6223 53
6224 68
6225 63
6226 61
6227 71
6228 63
6229 63
6230 63
6231 77
6232 59
6233 75
6234 71
6235 69
6236 75
6237 70
6238 65
6239 50
6240 51
6241 61
6242 78
6243 54
6244 69
6245 74
6246 55
6247 66
6248 48
6249 58
6250 68
6251 60
6252 56
6253 53
6254 59
6255 54
6256 85
6257 57
6258 66
6259 71
6260 68
6261 78
6262 65
6263 71
6264 57
6265 58
6266 76
6267 60
6268 62
6269 65
6270 71
6271 63
6272 40
6273 77
6274 71
6275 65
6276 63
6277 78
6278 62
6279 49
6280 47
6281 55
6282 68
6283 67
6284 72
6285 76
6286 71
6287 66
6288 66
6289 70
6290 74
6291 68
6292 75
6293 62
6294 55
6295 63
6296 56
6297 64
6298 63
6299 61
6300 70
6301 57
6302 66
6303 68
6304 70
6305 62
6306 61
6307 59
6308 61
6309 57
6310 78
6311 60
6312 67
6313 55
6314 67
6315 61
6316 67
6317 79
6318 69
6319 55
6320 68
6321 59
6322 70
6323 59
6324 68
6325 65
6326 66
6327 70
6328 55
6329 61
6330 69
6331 62
6332 74
6333 69
6334 70
6335 63
6336 68
6337 64
6338 67
6339 52
6340 75
6341 62
6342 60
6343 45
6344 65
6345 58
6346 64
6347 67
6348 77
6349 63
6350 54
6351 63
6352 57
6353 58
6354 81
6355 61
6356 67
6357 55
6358 70
6359 69
6360 64
6361 59
6362 62
6363 57
6364 52
6365 65
6366 64
6367 68
6368 60
6369 74
6370 69
6371 65
6372 68
6373 66
6374 65
6375 48
6376 60
6377 45
6378 55
6379 69
6380 67
6381 54
6382 55
6383 56
6384 63
6385 70
6386 67
6387 74
6388 76
6389 55
6390 55
6391 59
6392 52
6393 57
6394 76
6395 73
6396 71
6397 60
6398 64
6399 51
6400 65
6401 73
6402 70
6403 74
6404 64
6405 67
6406 46
6407 62
6408 57
6409 56
6410 69
6411 56
6412 60
6413 76
6414 69
6415 59
6416 49
6417 65
6418 62
6419 73
6420 63
6421 62
6422 57
6423 58
6424 63
6425 47
6426 61
6427 62
6428 60
6429 68
6430 66
6431 53
6432 80
6433 71
6434 64
6435 53
6436 64
6437 58
6438 61
6439 60
6440 47
6441 78
6442 63
6443 67
6444 54
6445 62
6446 69
6447 67
6448 59
6449 64
6450 61
6451 77
6452 61
6453 54
6454 59
6455 74
6456 65
6457 52
6458 65
6459 64
6460 52
6461 73
6462 54
6463 76
6464 63
6465 71
6466 69
6467 64
6468 61
6469 66
6470 77
6471 58
6472 64
6473 66
6474 43
6475 70
6476 65
6477 50
6478 54
6479 70
6480 63
6481 66
6482 59
6483 62
6484 62
6485 86
6486 73
6487 73
6488 60
6489 62
6490 62
6491 62
6492 62
6493 51
6494 67
6495 72
6496 63
6497 62
6498 63
6499 69
6500 64
6501 60
6502 54
6503 50
6504 61
6505 58
6506 67
6507 67
6508 55
6509 73
6510 52
6511 68
6512 56
6513 66
6514 62
6515 65
6516 62
6517 64
6518 67
6519 74
6520 62
6521 58
6522 61
6523 62
6524 66
6525 66
6526 59
6527 63
6528 52
6529 65
6530 54
6531 62
6532 52
6533 65
6534 63
6535 70
6536 66
6537 62
6538 54
6539 72
6540 60
6541 51
6542 65
6543 59
6544 62
6545 52
6546 69
6547 76
6548 64
6549 70
6550 71
6551 67
6552 69
6553 64
6554 61
6555 62
6556 56
6557 59
6558 58
6559 71
6560 54
6561 70
6562 69
6563 49
6564 61
6565 66
6566 55
6567 73
6568 46
6569 60
6570 61
6571 63
6572 60
6573 54
6574 67
6575 70
6576 62
6577 54
6578 58
6579 56
6580 63
6581 59
6582 55
6583 52
6584 60
6585 65
6586 67
6587 56
6588 57
6589 64
6590 44
6591 65
6592 64
6593 58
6594 74
6595 51
6596 55
6597 57
6598 45
6599 52
6600 69
6601 53
6602 67
6603 77
6604 55
6605 66
6606 59
6607 47
6608 69
6609 71
6610 53
6611 57
6612 59
6613 64
6614 52
6615 54
6616 67
6617 77
6618 61
6619 80
6620 71
6621 58
6622 61
6623 70
6624 64
6625 69
6626 49
6627 61
6628 65
6629 72
6630 56
6631 68
6632 49
6633 55
6634 66
6635 73
6636 61
6637 61
6638 53
6639 66
6640 51
6641 54
6642 66
6643 59
6644 77
6645 58
6646 58
6647 51
6648 56
6649 74
6650 66
6651 58
6652 59
6653 66
6654 50
6655 69
6656 56
6657 56
6658 67
6659 63
6660 64
6661 62
6662 67
6663 65
6664 64
6665 55
6666 66
6667 59
6668 66
6669 65
6670 54
6671 67
6672 63
6673 70
6674 69
6675 54
6676 62
6677 61
6678 40
6679 51
6680 67
6681 74
6682 47
6683 56
6684 72
6685 53
6686 60
6687 69
6688 78
6689 54
6690 59
6691 73
6692 63
6693 55
6694 70
6695 64
6696 65
6697 77
6698 64
6699 55
6700 59
6701 70
6702 58
6703 54
6704 64
6705 74
6706 64
6707 72
6708 73
6709 64
6710 60
6711 51
6712 68
6713 65
6714 62
6715 58
6716 61
6717 71
6718 63
6719 60
6720 54
6721 66
6722 66
6723 66
6724 72
6725 55
6726 66
6727 55
6728 52
6729 73
6730 68
6731 72
6732 57
6733 62
6734 59
6735 58
6736 63
6737 50
6738 65
6739 69
6740 49
6741 55
6742 52
6743 67
6744 57
6745 61
6746 56
6747 64
6748 59
6749 46
6750 58
6751 51
6752 49
6753 52
6754 73
6755 65
6756 57
6757 87
6758 50
6759 56
6760 54
6761 50
6762 52
6763 72
6764 65
6765 62
6766 73
6767 70
6768 52
6769 57
6770 57
6771 60
6772 69
6773 57
6774 46
6775 65
6776 58
6777 53
6778 62
6779 90
6780 53
6781 67
6782 59
6783 40
6784 69
6785 62
6786 70
6787 55
6788 54
6789 52
6790 55
6791 53
6792 62
6793 52
6794 53
6795 46
6796 51
6797 53
6798 51
6799 49
6800 62
6801 58
6802 48
6803 51
6804 64
6805 54
6806 59
6807 62
6808 61
6809 58
6810 49
6811 65
6812 55
6813 59
6814 61
6815 77
6816 57
6817 59
6818 74
6819 47
6820 55
6821 52
6822 53
6823 61
6824 57
6825 52
6826 59
6827 52
6828 49
6829 50
6830 58
6831 47
6832 62
6833 54
6834 57
6835 48
6836 73
6837 72
6838 54
6839 55
6840 58
6841 73
6842 48
6843 69
6844 58
6845 58
6846 56
6847 44
6848 46
6849 59
6850 58
6851 65
6852 57
6853 67
6854 54
6855 57
6856 55
6857 55
6858 56
6859 56
6860 48
6861 61
6862 63
6863 53
6864 62
6865 58
6866 64
6867 73
6868 63
6869 53
6870 51
6871 66
6872 49
6873 60
6874 72
6875 52
6876 50
6877 52
6878 61
6879 48
6880 60
6881 50
6882 55
6883 57
6884 57
6885 54
6886 44
6887 48
6888 46
6889 53
6890 67
6891 56
6892 54
6893 54
6894 62
6895 44
6896 60
6897 46
6898 56
6899 58
6900 40
6901 51
6902 58
6903 66
6904 60
6905 55
6906 61
6907 52
6908 59
6909 57
6910 52
6911 53
6912 58
6913 76
6914 53
6915 58
6916 45
6917 45
6918 56
6919 56
6920 56
6921 54
6922 50
6923 66
6924 60
6925 57
6926 58
6927 52
6928 50
6929 59
6930 66
6931 49
6932 67
6933 59
6934 58
6935 61
6936 47
6937 51
6938 45
6939 48
6940 50
6941 59
6942 42
6943 73
6944 44
6945 60
6946 58
6947 58
6948 41
6949 60
6950 52
6951 54
6952 49
6953 55
6954 45
6955 51
6956 52
6957 59
6958 51
6959 66
6960 55
6961 55
6962 47
6963 54
6964 51
6965 49
6966 52
6967 69
6968 53
6969 52
6970 46
6971 66
6972 50
6973 50
6974 51
6975 63
6976 61
6977 51
6978 53
6979 58
6980 52
6981 43
6982 56
6983 36
6984 55
6985 63
6986 50
6987 74
6988 53
6989 63
6990 43
6991 51
6992 55
6993 63
6994 60
6995 66
6996 56
6997 49
6998 54
6999 56
7000 45
7001 59
7002 54
7003 52
7004 50
7005 46
7006 38
7007 52
7008 53
7009 56
7010 52
7011 64
7012 45
7013 55
7014 57
7015 49
7016 49
7017 51
7018 44
7019 55
7020 47
7021 60
7022 59
7023 47
7024 60
7025 52
7026 55
7027 67
7028 56
7029 40
7030 44
7031 58
7032 59
7033 52
7034 49
7035 45
7036 63
7037 63
7038 52
7039 58
7040 49
7041 50
7042 40
7043 52
7044 61
7045 61
7046 54
7047 53
7048 49
7049 57
7050 44
7051 59
7052 69
7053 49
7054 52
7055 50
7056 47
7057 71
7058 45
7059 44
7060 51
7061 53
7062 58
7063 58
7064 49
7065 45
7066 47
7067 45
7068 56
7069 50
7070 53
7071 70
7072 52
7073 47
7074 48
7075 43
7076 61
7077 43
7078 40
7079 52
7080 50
7081 51
7082 61
7083 45
7084 62
7085 40
7086 68
7087 55
7088 50
7089 49
7090 49
7091 55
7092 40
7093 56
7094 45
7095 64
7096 53
7097 49
7098 54
7099 51
7100 46
7101 60
7102 56
7103 52
7104 50
7105 68
7106 54
7107 58
7108 55
7109 49
7110 46
7111 51
7112 63
7113 54
7114 43
7115 57
7116 65
7117 62
7118 59
7119 60
7120 48
7121 42
7122 42
7123 53
7124 54
7125 44
7126 50
7127 54
7128 38
7129 70
7130 53
7131 46
7132 47
7133 56
7134 54
7135 52
7136 42
7137 65
7138 57
7139 59
7140 65
7141 52
7142 53
7143 46
7144 34
7145 46
7146 54
7147 49
7148 57
7149 41
7150 48
7151 73
7152 48
7153 54
7154 57
7155 47
7156 48
7157 52
7158 43
7159 52
7160 49
7161 57
7162 42
7163 47
7164 43
7165 50
7166 53
7167 48
7168 69
7169 54
7170 37
7171 50
7172 46
7173 60
7174 49
7175 56
7176 49
7177 50
7178 57
7179 47
7180 38
7181 46
7182 47
7183 65
7184 51
7185 48
7186 52
7187 56
7188 53
7189 53
7190 51
7191 57
7192 52
7193 52
7194 61
7195 70
7196 54
7197 56
7198 52
7199 54
7200 49
7201 60
7202 52
7203 59
7204 54
7205 45
7206 58
7207 58
7208 55
7209 52
7210 48
7211 55
7212 48
7213 50
7214 39
7215 58
7216 50
7217 62
7218 49
7219 48
7220 45
7221 40
7222 46
7223 52
7224 62
7225 44
7226 48
7227 48
7228 45
7229 34
7230 63
7231 39
7232 53
7233 60
7234 41
7235 43
7236 49
7237 58
7238 39
7239 50
7240 46
7241 57
7242 44
7243 57
7244 48
7245 56
7246 44
7247 40
7248 47
7249 53
7250 47
7251 57
7252 47
7253 68
7254 47
7255 53
7256 55
7257 46
7258 57
7259 55
7260 37
7261 49
7262 52
7263 51
7264 74
7265 42
7266 42
7267 52
7268 48
7269 57
7270 48
7271 58
7272 47
7273 48
7274 44
7275 61
7276 59
7277 47
7278 58
7279 50
7280 58
7281 53
7282 47
7283 51
7284 46
7285 52
7286 53
7287 51
7288 53
7289 59
7290 46
7291 53
7292 62
7293 57
7294 49
7295 53
7296 38
7297 46
7298 54
7299 62
7300 53
7301 52
7302 61
7303 47
7304 48
7305 56
7306 51
7307 66
7308 52
7309 57
7310 59
7311 56
7312 53
7313 51
7314 54
7315 47
7316 57
7317 53
7318 56
7319 51
7320 52
7321 48
7322 55
7323 43
7324 53
7325 48
7326 55
7327 58
7328 47
7329 40
7330 45
7331 44
7332 48
7333 51
7334 51
7335 40
7336 54
7337 45
7338 54
7339 56
7340 56
7341 50
7342 36
7343 49
7344 55
7345 54
7346 50
7347 46
7348 59
7349 56
7350 47
7351 51
7352 47
7353 53
7354 44
7355 47
7356 60
7357 56
7358 37
7359 57
7360 50
7361 54
7362 57
7363 46
7364 48
7365 60
7366 68
7367 51
7368 50
7369 58
7370 45
7371 69
7372 50
7373 43
7374 41
7375 44
7376 50
7377 38
7378 48
7379 62
7380 48
7381 62
7382 43
7383 45
7384 58
7385 58
7386 50
7387 50
7388 62
7389 56
7390 51
7391 43
7392 49
7393 44
7394 56
7395 44
7396 45
7397 47
7398 48
7399 64
7400 56
7401 62
7402 51
7403 50
7404 49
7405 49
7406 53
7407 50
7408 70
7409 39
7410 46
7411 50
7412 47
7413 44
7414 47
7415 63
7416 35
7417 51
7418 52
7419 49
7420 42
7421 52
7422 55
7423 60
7424 38
7425 50
7426 55
7427 52
7428 44
7429 47
7430 56
7431 50
7432 61
7433 46
7434 55
7435 47
7436 57
7437 54
7438 49
7439 51
7440 52
7441 60
7442 44
7443 47
7444 54
7445 60
7446 43
7447 52
7448 56
7449 46
7450 48
7451 41
7452 53
7453 42
7454 45
7455 54
7456 37
7457 49
7458 46
7459 44
7460 56
7461 50
7462 50
7463 58
7464 50
7465 42
7466 39
7467 56
7468 47
7469 40
7470 49
7471 51
7472 38
7473 47
7474 47
7475 59
7476 56
7477 53
7478 46
7479 39
7480 41
7481 46
7482 48
7483 33
7484 54
7485 49
7486 41
7487 40
7488 45
7489 53
7490 47
7491 48
7492 56
7493 60
7494 57
7495 54
7496 38
7497 58
7498 42
7499 37
7500 41
7501 60
7502 48
7503 53
7504 35
7505 49
7506 50
7507 57
7508 57
7509 52
7510 39
7511 51
7512 45
7513 46
7514 47
7515 47
7516 57
7517 46
7518 55
7519 37
7520 51
7521 54
7522 60
7523 47
7524 43
7525 51
7526 54
7527 47
7528 43
7529 39
7530 36
7531 52
7532 56
7533 43
7534 48
7535 47
7536 43
7537 39
7538 66
7539 56
7540 45
7541 52
7542 40
7543 59
7544 49
7545 50
7546 46
7547 41
7548 63
7549 46
7550 58
7551 35
7552 43
7553 41
7554 54
7555 45
7556 60
7557 60
7558 48
7559 48
7560 61
7561 55
7562 46
7563 59
7564 43
7565 39
7566 49
7567 41
7568 50
7569 45
7570 58
7571 61
7572 48
7573 51
7574 43
7575 52
7576 50
7577 45
7578 49
7579 52
7580 44
7581 47
7582 54
7583 43
7584 57
7585 47
7586 55
7587 39
7588 42
7589 47
7590 58
7591 46
7592 43
7593 47
7594 52
7595 46
7596 49
7597 64
7598 47
7599 38
7600 44
7601 52
7602 45
7603 54
7604 41
7605 53
7606 48
7607 43
7608 51
7609 44
7610 46
7611 49
7612 50
7613 44
7614 42
7615 51
7616 48
7617 37
7618 48
7619 44
7620 51
7621 56
7622 50
7623 56
7624 52
7625 52
7626 51
7627 45
7628 34
7629 47
7630 53
7631 41
7632 50
7633 55
7634 44
7635 37
7636 52
7637 51
7638 57
7639 45
7640 50
7641 31
7642 43
7643 50
7644 36
7645 48
7646 50
7647 48
7648 39
7649 63
7650 52
7651 41
7652 46
7653 44
7654 55
7655 40
7656 55
7657 46
7658 46
7659 40
7660 50
7661 46
7662 58
7663 47
7664 45
7665 52
7666 57
7667 50
7668 56
7669 49
7670 39
7671 51
7672 56
7673 55
7674 42
7675 40
7676 41
7677 56
7678 51
7679 39
7680 51
7681 54
7682 53
7683 66
7684 66
7685 38
7686 42
7687 50
7688 49
7689 40
7690 50
7691 41
7692 44
7693 38
7694 54
7695 44
7696 51
7697 49
7698 44
7699 56
7700 57
7701 49
7702 40
7703 38
7704 59
7705 39
7706 32
7707 48
7708 52
7709 48
7710 43
7711 44
7712 50
7713 47
7714 44
7715 54
7716 46
7717 54
7718 47
7719 31
7720 56
7721 39
7722 48
7723 45
7724 40
7725 54
7726 41
7727 28
7728 51
7729 42
7730 48
7731 32
7732 53
7733 46
7734 56
7735 47
7736 52
7737 42
7738 46
7739 52
7740 54
7741 47
7742 52
7743 49
7744 40
7745 39
7746 40
7747 44
7748 55
7749 42
7750 46
7751 40
7752 41
7753 41
7754 50
7755 45
7756 47
7757 48
7758 52
7759 43
7760 47
7761 40
7762 50
7763 45
7764 40
7765 49
7766 44
7767 60
7768 48
7769 34
7770 53
7771 57
7772 53
7773 39
7774 45
7775 49
7776 45
7777 41
7778 45
7779 53
7780 45
7781 54
7782 37
7783 43
7784 38
7785 39
7786 41
7787 39
7788 53
7789 52
7790 36
7791 44
7792 39
7793 55
7794 49
7795 43
7796 53
7797 38
7798 38
7799 48
7800 40
7801 49
7802 40
7803 38
7804 52
7805 42
7806 53
7807 51
7808 58
7809 54
7810 42
7811 37
7812 40
7813 45
7814 41
7815 42
7816 50
7817 45
7818 37
7819 35
7820 46
7821 54
7822 34
7823 64
7824 52
7825 42
7826 52
7827 45
7828 40
7829 32
7830 59
7831 44
7832 38
7833 43
7834 48
7835 33
7836 46
7837 45
7838 39
7839 43
7840 31
7841 36
7842 38
7843 61
7844 48
7845 37
7846 39
7847 37
7848 55
7849 40
7850 53
7851 53
7852 40
7853 34
7854 35
7855 44
7856 50
7857 31
7858 32
7859 43
7860 47
7861 39
7862 43
7863 42
7864 36
7865 51
7866 37
7867 33
7868 43
7869 42
7870 40
7871 30
7872 35
7873 53
7874 49
7875 42
7876 39
7877 40
7878 45
7879 39
7880 56
7881 47
7882 56
7883 56
7884 48
7885 46
7886 37
7887 42
7888 50
7889 41
7890 36
7891 39
7892 29
7893 45
7894 44
7895 45
7896 43
7897 34
7898 44
7899 39
7900 45
7901 39
7902 37
7903 33
7904 36
7905 56
7906 25
7907 42
7908 46
7909 37
7910 52
7911 44
7912 46
7913 41
7914 39
7915 39
7916 44
7917 43
7918 51
7919 62
7920 51
7921 46
7922 40
7923 37
7924 42
7925 37
7926 43
7927 39
7928 41
7929 46
7930 35
7931 38
7932 50
7933 44
7934 43
7935 44
7936 36
7937 40
7938 47
7939 44
7940 48
7941 42
7942 47
7943 39
7944 39
7945 43
7946 43
7947 45
7948 48
7949 45
7950 50
7951 46
7952 46
7953 48
7954 37
7955 40
7956 53
7957 43
7958 55
7959 42
7960 41
7961 32
7962 37
7963 37
7964 40
7965 45
7966 45
7967 42
7968 44
7969 48
7970 39
7971 42
7972 34
7973 48
7974 44
7975 42
7976 40
7977 48
7978 48
7979 44
7980 52
7981 39
7982 47
7983 37
7984 40
7985 42
7986 33
7987 43
7988 30
7989 37
7990 31
7991 47
7992 46
7993 46
7994 56
7995 48
7996 45
7997 43
7998 36
7999 48
8000 36
8001 38
8002 33
8003 41
8004 39
8005 33
8006 39
8007 47
8008 48
8009 34
8010 46
8011 44
8012 37
8013 41
8014 37
8015 37
8016 44
8017 51
8018 35
8019 45
8020 45
8021 43
8022 38
8023 48
8024 47
8025 35
8026 42
8027 35
8028 33
8029 43
8030 47
8031 40
8032 56
8033 48
8034 46
8035 47
8036 42
8037 40
8038 47
8039 44
8040 30
8041 52
8042 40
8043 42
8044 47
8045 42
8046 44
8047 45
8048 41
8049 45
8050 46
8051 41
8052 47
8053 36
8054 51
8055 36
8056 38
8057 51
8058 48
8059 34
8060 49
8061 42
8062 42
8063 41
8064 39
8065 47
8066 46
8067 32
8068 48
8069 45
8070 37
8071 42
8072 43
8073 36
8074 41
8075 40
8076 32
8077 40
8078 42
8079 42
8080 35
8081 39
8082 41
8083 42
8084 48
8085 42
8086 39
8087 41
8088 32
8089 33
8090 51
8091 49
8092 44
8093 42
8094 45
8095 53
8096 43
8097 37
8098 48
8099 30
8100 37
8101 55
8102 40
8103 44
8104 43
8105 44
8106 47
8107 37
8108 49
8109 44
8110 36
8111 37
8112 45
8113 36
8114 45
8115 39
8116 39
8117 39
8118 46
8119 34
8120 55
8121 45
8122 48
8123 38
8124 38
8125 38
8126 44
8127 38
8128 49
8129 41
8130 47
8131 47
8132 47
8133 34
8134 37
8135 36
8136 34
8137 44
8138 60
8139 41
8140 38
8141 42
8142 42
8143 33
8144 54
8145 51
8146 34
8147 37
8148 48
8149 38
8150 36
8151 42
8152 41
8153 33
8154 48
8155 45
8156 40
8157 45
8158 32
8159 46
8160 40
8161 45
8162 32
8163 42
8164 37
8165 39
8166 39
8167 44
8168 51
8169 37
8170 37
8171 44
8172 38
8173 33
8174 51
8175 41
8176 41
8177 33
8178 44
8179 49
8180 38
8181 46
8182 40
8183 37
8184 30
8185 54
8186 46
8187 38
8188 48
8189 44
8190 42
8191 41
8192 48
8193 47
8194 58
8195 43
8196 43
8197 30
8198 41
8199 39
8200 36
8201 43
8202 44
8203 36
8204 44
8205 49
8206 38
8207 47
8208 36
8209 34
8210 43
8211 36
8212 37
8213 43
8214 38
8215 38
8216 28
8217 39
8218 46
8219 37
8220 43
8221 37
8222 42
8223 53
8224 38
8225 42
8226 55
8227 45
8228 47
8229 39
8230 41
8231 46
8232 42
8233 39
8234 39
8235 48
8236 50
8237 36
8238 41
8239 38
8240 46
8241 42
8242 55
8243 44
8244 34
8245 41
8246 38
8247 32
8248 30
8249 39
8250 47
8251 41
8252 33
8253 47
8254 33
8255 40
8256 56
8257 47
8258 38
8259 45
8260 39
8261 42
8262 44
8263 39
8264 43
8265 41
8266 49
8267 34
8268 43
8269 46
8270 48
8271 38
8272 44
8273 38
8274 35
8275 39
8276 36
8277 36
8278 33
8279 50
8280 39
8281 49
8282 28
8283 32
8284 47
8285 34
8286 42
8287 43
8288 40
8289 47
8290 40
8291 37
8292 49
8293 33
8294 36
8295 46
8296 35
8297 43
8298 33
8299 44
8300 37
8301 32
8302 42
8303 42
8304 47
8305 42
8306 50
8307 37
8308 42
8309 41
8310 40
8311 44
8312 39
8313 37
8314 52
8315 46
8316 42
8317 31
8318 57
8319 40
8320 36
8321 30
8322 42
8323 34
8324 46
8325 43
8326 35
8327 34
8328 44
8329 32
8330 45
8331 33
8332 44
8333 37
8334 42
8335 40
8336 43
8337 39
8338 39
8339 44
8340 52
8341 38
8342 47
8343 51
8344 44
8345 37
8346 40
8347 39
8348 42
8349 39
8350 38
8351 40
8352 52
8353 35
8354 49
8355 37
8356 42
8357 36
8358 35
8359 35
8360 52
8361 41
8362 45
8363 40
8364 31
8365 42
8366 28
8367 45
8368 40
8369 48
8370 46
8371 53
8372 36
8373 39
8374 37
8375 58
8376 36
8377 37
8378 52
8379 42
8380 38
8381 25
8382 41
8383 37
8384 34
8385 45
8386 40
8387 43
8388 38
8389 32
8390 36
8391 36
8392 42
8393 42
8394 39
8395 37
8396 33
8397 48
8398 44
8399 35
8400 45
8401 38
8402 46
8403 48
8404 36
8405 39
8406 40
8407 45
8408 43
8409 42
8410 42
8411 39
8412 39
8413 34
8414 47
8415 28
8416 41
8417 38
8418 36
8419 44
8420 38
8421 41
8422 49
8423 51
8424 47
8425 47
8426 34
8427 40
8428 29
8429 39
8430 38
8431 35
8432 44
8433 45
8434 54
8435 48
8436 30
8437 44
8438 33
8439 32
8440 29
8441 36
8442 39
8443 47
8444 44
8445 34
8446 47
8447 33
8448 30
8449 43
8450 50
8451 46
8452 47
8453 33
8454 44
8455 35
8456 38
8457 41
8458 29
8459 52
8460 44
8461 39
8462 28
8463 45
8464 26
8465 37
8466 41
8467 40
8468 41
8469 41
8470 40
8471 41
8472 54
8473 39
8474 46
8475 36
8476 39
8477 33
8478 36
8479 39
8480 48
8481 35
8482 57
8483 36
8484 41
8485 51
8486 32
8487 47
8488 39
8489 42
8490 38
8491 40
8492 40
8493 45
8494 45
8495 43
8496 48
8497 44
8498 41
8499 41
8500 53
8501 29
8502 29
8503 40
8504 47
8505 36
8506 28
8507 38
8508 29
8509 39
8510 42
8511 47
8512 42
8513 25
8514 40
8515 44
8516 35
8517 32
8518 42
8519 40
8520 38
8521 49
8522 44
8523 33
8524 42
8525 48
8526 39
8527 47
8528 51
8529 38
8530 33
8531 39
8532 52
8533 46
8534 42
8535 37
8536 48
8537 38
8538 41
8539 49
8540 43
8541 39
8542 44
8543 44
8544 40
8545 45
8546 38
8547 43
8548 40
8549 51
8550 32
8551 26
8552 45
8553 47
8554 36
8555 35
8556 51
8557 36
8558 38
8559 38
8560 43
8561 48
8562 38
8563 47
8564 46
8565 35
8566 38
8567 28
8568 38
8569 48
8570 37
8571 44
8572 45
8573 35
8574 48
8575 38
8576 33
8577 35
8578 42
8579 52
8580 34
8581 40
8582 45
8583 38
8584 28
8585 37
8586 36
8587 40
8588 40
8589 29
8590 32
8591 42
8592 39
8593 45
8594 48
8595 38
8596 47
8597 46
8598 34
8599 38
8600 37
8601 36
8602 44
8603 34
8604 40
8605 40
8606 48
8607 35
8608 42
8609 49
8610 40
8611 28
8612 38
8613 41
8614 37
8615 38
8616 37
8617 38
8618 38
8619 42
8620 29
8621 47
8622 31
8623 25
8624 47
8625 31
8626 41
8627 44
8628 47
8629 41
8630 42
8631 49
8632 35
8633 44
8634 43
8635 37
8636 46
8637 42
8638 41
8639 34
8640 34
8641 29
8642 34
8643 36
8644 45
8645 40
8646 34
8647 47
8648 49
8649 34
8650 44
8651 48
8652 33
8653 31
8654 52
8655 39
8656 36
8657 43
8658 53
8659 37
8660 33
8661 40
8662 33
8663 39
8664 43
8665 37
8666 43
8667 36
8668 43
8669 36
8670 42
8671 39
8672 51
8673 29
8674 30
8675 32
8676 25
8677 35
8678 50
8679 43
8680 40
8681 32
8682 38
8683 33
8684 42
8685 27
8686 34
8687 42
8688 42
8689 40
8690 35
8691 40
8692 37
8693 35
8694 46
8695 34
8696 41
8697 47
8698 31
8699 53
8700 35
8701 36
8702 39
8703 52
8704 41
8705 37
8706 47
8707 46
8708 49
8709 42
8710 35
8711 47
8712 44
8713 52
8714 39
8715 30
8716 37
8717 29
8718 32
8719 31
8720 41
8721 31
8722 45
8723 35
8724 37
8725 33
8726 45
8727 41
8728 38
8729 29
8730 45
8731 48
8732 31
8733 26
8734 41
8735 39
8736 41
8737 38
8738 34
8739 45
8740 38
8741 40
8742 42
8743 45
8744 39
8745 49
8746 41
8747 37
8748 41
8749 38
8750 39
8751 37
8752 33
8753 40
8754 38
8755 33
8756 47
8757 43
8758 37
8759 36
8760 40
8761 43
8762 33
8763 30
8764 42
8765 41
8766 49
8767 34
8768 40
8769 42
8770 42
8771 34
8772 33
8773 40
8774 36
8775 33
8776 48
8777 37
8778 40
8779 42
8780 39
8781 46
8782 36
8783 35
8784 35
8785 40
8786 43
8787 48
8788 38
8789 38
8790 30
8791 45
8792 33
8793 42
8794 39
8795 43
8796 49
8797 43
8798 42
8799 30
8800 40
8801 33
8802 45
8803 37
8804 35
8805 43
8806 38
8807 41
8808 33
8809 40
8810 33
8811 24
8812 36
8813 53
8814 38
8815 35
8816 42
8817 50
8818 23
8819 51
8820 42
8821 32
8822 35
8823 34
8824 36
8825 44
8826 38
8827 26
8828 48
8829 36
8830 44
8831 46
8832 28
8833 50
8834 32
8835 41
8836 44
8837 39
8838 45
8839 35
8840 38
8841 49
8842 39
8843 46
8844 44
8845 43
8846 30
8847 45
8848 49
8849 43
8850 35
8851 43
8852 45
8853 40
8854 37
8855 35
8856 45
8857 38
8858 27
8859 41
8860 34
8861 30
8862 43
8863 43
8864 40
8865 37
8866 31
8867 32
8868 41
8869 40
8870 45
8871 36
8872 39
8873 53
8874 42
8875 36
8876 38
8877 41
8878 43
8879 32
8880 34
8881 43
8882 42
8883 39
8884 38
8885 43
8886 23
8887 35
8888 37
8889 50
8890 30
8891 25
8892 41
8893 42
8894 35
8895 35
8896 49
8897 39
8898 40
8899 36
8900 42
8901 33
8902 26
8903 47
8904 46
8905 39
8906 37
8907 45
8908 35
8909 41
8910 34
8911 34
8912 44
8913 42
8914 42
8915 35
8916 44
8917 34
8918 49
8919 54
8920 46
8921 30
8922 39
8923 39
8924 36
8925 42
8926 38
8927 39
8928 47
8929 32
8930 38
8931 50
8932 43
8933 32
8934 42
8935 29
8936 41
8937 37
8938 42
8939 36
8940 47
8941 36
8942 49
8943 32
8944 34
8945 42
8946 50
8947 47
8948 40
8949 36
8950 42
8951 36
8952 54
8953 50
8954 35
8955 37
8956 30
8957 30
8958 45
8959 36
8960 44
8961 32
8962 42
8963 36
8964 36
8965 43
8966 36
8967 41
8968 33
8969 34
8970 36
8971 30
8972 44
8973 40
8974 38
8975 34
8976 38
8977 35
8978 48
8979 39
8980 46
8981 34
8982 35
8983 37
8984 32
8985 26
8986 36
8987 35
8988 35
8989 33
8990 41
8991 32
8992 40
8993 38
8994 41
8995 35
8996 29
8997 42
8998 42
8999 32
9000 34
9001 33
9002 42
9003 45
9004 30
9005 29
9006 37
9007 43
9008 38
9009 37
9010 39
9011 41
9012 36
9013 31
9014 35
9015 34
9016 46
9017 46
9018 41
9019 43
9020 32
9021 36
9022 35
9023 49
9024 46
9025 36
9026 26
9027 41
9028 31
9029 26
9030 27
9031 44
9032 34
9033 43
9034 41
9035 30
9036 47
9037 35
9038 39
9039 43
9040 40
9041 37
9042 28
9043 31
9044 39
9045 32
9046 51
9047 34
9048 31
9049 31
9050 38
9051 42
9052 28
9053 48
9054 38
9055 33
9056 41
9057 27
9058 39
9059 30
9060 45
9061 39
9062 43
9063 38
9064 35
9065 39
9066 35
9067 27
9068 34
9069 31
9070 37
9071 37
9072 39
9073 32
9074 44
9075 48
9076 42
9077 34
9078 30
9079 42
9080 39
9081 40
9082 42
9083 36
9084 38
9085 37
9086 34
9087 42
9088 39
9089 50
9090 33
9091 47
9092 42
9093 34
9094 35
9095 51
9096 49
9097 41
9098 31
9099 30
9100 42
9101 36
9102 29
9103 38
9104 36
9105 47
9106 40
9107 42
9108 43
9109 36
9110 38
9111 32
9112 41
9113 28
9114 34
9115 51
9116 46
9117 25
9118 39
9119 38
9120 41
9121 47
9122 40
9123 42
9124 48
9125 41
9126 41
9127 51
9128 51
9129 36
9130 44
9131 29
9132 47
9133 42
9134 41
9135 36
9136 31
9137 39
9138 32
9139 41
9140 42
9141 38
9142 32
9143 25
9144 29
9145 42
9146 29
9147 46
9148 43
9149 36
9150 30
9151 34
9152 38
9153 35
9154 43
9155 42
9156 39
9157 42
9158 34
9159 40
9160 42
9161 40
9162 32
9163 38
9164 36
9165 33
9166 43
9167 36
9168 45
9169 27
9170 46
9171 38
9172 43
9173 44
9174 33
9175 33
9176 39
9177 39
9178 42
9179 52
9180 37
9181 39
9182 36
9183 40
9184 28
9185 36
9186 35
9187 46
9188 41
9189 51
9190 35
9191 44
9192 32
9193 45
9194 41
9195 37
9196 50
9197 41
9198 44
9199 54
9200 40
9201 45
9202 38
9203 36
9204 44
9205 40
9206 51
9207 34
9208 36
9209 45
9210 49
9211 36
9212 48
9213 32
9214 30
9215 39
9216 32
9217 41
9218 54
9219 43
9220 45
9221 46
9222 37
9223 44
9224 31
9225 35
9226 38
9227 35
9228 39
9229 39
9230 36
9231 33
9232 36
9233 37
9234 30
9235 46
9236 33
9237 29
9238 40
9239 31
9240 34
9241 36
9242 40
9243 39
9244 33
9245 55
9246 30
9247 41
9248 32
9249 40
9250 35
9251 34
9252 44
9253 31
9254 35
9255 33
9256 40
9257 40
9258 32
9259 49
9260 31
9261 39
9262 29
9263 52
9264 41
9265 36
9266 38
9267 47
9268 46
9269 43
9270 44
9271 43
9272 41
9273 28
9274 29
9275 48
9276 37
9277 33
9278 47
9279 41
9280 37
9281 38
9282 34
9283 38
9284 23
9285 38
9286 41
9287 44
9288 43
9289 48
9290 40
9291 42
9292 35
9293 35
9294 48
9295 42
9296 33
9297 38
9298 47
9299 39
9300 33
9301 29
9302 44
9303 42
9304 41
9305 35
9306 29
9307 28
9308 34
9309 37
9310 55
9311 42
9312 43
9313 45
9314 41
9315 39
9316 38
9317 32
9318 35
9319 39
9320 42
9321 42
9322 44
9323 32
9324 27
9325 28
9326 32
9327 43
9328 33
9329 41
9330 37
9331 47
9332 36
9333 46
9334 40
9335 34
9336 35
9337 34
9338 34
9339 35
9340 35
9341 37
9342 38
9343 31
9344 34
9345 41
9346 40
9347 36
9348 45
9349 39
9350 32
9351 38
9352 39
9353 27
9354 33
9355 38
9356 39
9357 37
9358 34
9359 34
9360 38
9361 30
9362 30
9363 30
9364 45
9365 37
9366 36
9367 31
9368 39
9369 35
9370 23
9371 45
9372 36
9373 36
9374 50
9375 24
9376 36
9377 37
9378 34
9379 37
9380 43
9381 35
9382 32
9383 34
9384 35
9385 35
9386 40
9387 30
9388 38
9389 37
9390 32
9391 30
9392 30
9393 38
9394 31
9395 32
9396 24
9397 33
9398 33
9399 39
9400 38
9401 41
9402 30
9403 41
9404 42
9405 33
9406 28
9407 41
9408 44
9409 28
9410 46
9411 32
9412 34
9413 31
9414 41
9415 52
9416 40
9417 49
9418 31
9419 42
9420 40
9421 31
9422 44
9423 37
9424 32
9425 42
9426 40
9427 37
9428 31
9429 38
9430 37
9431 33
9432 31
9433 40
9434 34
9435 38
9436 31
9437 35
9438 33
9439 26
9440 43
9441 36
9442 35
9443 28
9444 34
9445 44
9446 38
9447 34
9448 31
9449 39
9450 45
9451 44
9452 34
9453 27
9454 41
9455 45
9456 29
9457 35
9458 34
9459 33
9460 42
9461 43
9462 26
9463 40
9464 37
9465 54
9466 44
9467 38
9468 28
9469 45
9470 37
9471 34
9472 37
9473 35
9474 40
9475 26
9476 39
9477 41
9478 40
9479 34
9480 31
9481 35
9482 35
9483 23
9484 38
9485 39
9486 27
9487 49
9488 36
9489 42
9490 43
9491 29
9492 37
9493 32
9494 41
9495 33
9496 38
9497 43
9498 38
9499 39
9500 40
9501 39
9502 41
9503 48
9504 45
9505 30
9506 44
9507 51
9508 30
9509 44
9510 49
9511 37
9512 41
9513 40
9514 43
9515 40
9516 27
9517 39
9518 38
9519 43
9520 35
9521 30
9522 38
9523 39
9524 50
9525 49
9526 39
9527 38
9528 36
9529 39
9530 32
9531 32
9532 30
9533 25
9534 40
9535 41
9536 38
9537 35
9538 38
9539 34
9540 43
9541 31
9542 38
9543 38
9544 41
9545 46
9546 34
9547 32
9548 44
9549 44
9550 33
9551 26
9552 37
9553 45
9554 25
9555 44
9556 31
9557 33
9558 36
9559 44
9560 28
9561 37
9562 32
9563 34
9564 30
9565 40
9566 40
9567 33
9568 44
9569 54
9570 39
9571 43
9572 37
9573 34
9574 34
9575 31
9576 28
9577 31
9578 38
9579 37
9580 31
9581 56
9582 25
9583 38
9584 35
9585 43
9586 41
9587 25
9588 39
9589 36
9590 39
9591 34
9592 30
9593 33
9594 35
9595 36
9596 36
9597 29
9598 45
9599 31
9600 36
9601 45
9602 43
9603 41
9604 44
9605 37
9606 39
9607 43
9608 49
9609 34
9610 41
9611 42
9612 31
9613 32
9614 26
9615 33
9616 40
9617 33
9618 39
9619 32
9620 40
9621 46
9622 41
9623 33
9624 41
9625 39
9626 37
9627 29
9628 39
9629 34
9630 31
9631 29
9632 28
9633 23
9634 28
9635 26
9636 35
9637 46
9638 38
9639 36
9640 34
9641 29
9642 31
9643 38
9644 45
9645 41
9646 43
9647 49
9648 29
9649 37
9650 27
9651 40
9652 38
9653 37
9654 38
9655 35
9656 38
9657 29
9658 35
9659 41
9660 34
9661 33
9662 33
9663 36
9664 37
9665 28
9666 30
9667 34
9668 40
9669 44
9670 32
9671 40
9672 37
9673 35
9674 45
9675 37
9676 34
9677 31
9678 33
9679 40
9680 36
9681 33
9682 38
9683 38
9684 22
9685 38
9686 32
9687 31
9688 31
9689 28
9690 34
9691 33
9692 32
9693 35
9694 32
9695 32
9696 26
9697 35
9698 40
9699 35
9700 39
9701 43
9702 30
9703 31
9704 36
9705 35
9706 36
9707 28
9708 35
9709 28
9710 43
9711 28
9712 34
9713 37
9714 31
9715 33
9716 37
9717 41
9718 39
9719 25
9720 28
9721 29
9722 38
9723 33
9724 38
9725 32
9726 36
9727 29
9728 30
9729 34
9730 36
9731 35
9732 44
9733 42
9734 33
9735 29
9736 38
9737 39
9738 34
9739 37
9740 36
9741 39
9742 39
9743 34
9744 44
9745 42
9746 32
9747 27
9748 36
9749 33
9750 38
9751 25
9752 49
9753 34
9754 46
9755 33
9756 32
9757 27
9758 37
9759 31
9760 38
9761 34
9762 38
9763 26
9764 26
9765 47
9766 39
9767 34
9768 40
9769 30
9770 45
9771 37
9772 33
9773 31
9774 25
9775 38
9776 45
9777 36
9778 32
9779 44
9780 41
9781 38
9782 43
9783 29
9784 39
9785 41
9786 33
9787 36
9788 36
9789 27
9790 32
9791 32
9792 44
9793 39
9794 35
9795 36
9796 38
9797 42
9798 37
9799 30
9800 33
9801 31
9802 37
9803 36
9804 30
9805 26
9806 28
9807 39
9808 31
9809 33
9810 31
9811 34
9812 30
9813 31
9814 35
9815 34
9816 40
9817 37
9818 34
9819 25
9820 42
9821 33
9822 29
9823 30
9824 46
9825 33
9826 36
9827 44
9828 33
9829 46
9830 24
9831 33
9832 37
9833 37
9834 25
9835 38
9836 36
9837 48
9838 26
9839 32
9840 37
9841 33
9842 35
9843 36
9844 40
9845 44
9846 36
9847 31
9848 35
9849 33
9850 40
9851 36
9852 42
9853 26
9854 32
9855 31
9856 29
9857 31
9858 31
9859 43
9860 31
9861 40
9862 33
9863 32
9864 34
9865 34
9866 46
9867 38
9868 35
9869 37
9870 32
9871 37
9872 38
9873 44
9874 27
9875 40
9876 34
9877 39
9878 39
9879 33
9880 37
9881 34
9882 41
9883 30
9884 37
9885 35
9886 22
9887 23
9888 32
9889 30
9890 39
9891 40
9892 31
9893 35
9894 39
9895 24
9896 35
9897 34
9898 36
9899 29
9900 37
9901 35
9902 41
9903 25
9904 37
9905 29
9906 40
9907 40
9908 28
9909 34
9910 35
9911 29
9912 28
9913 34
9914 34
9915 36
9916 42
9917 35
9918 31
9919 33
9920 35
9921 47
9922 37
9923 30
9924 48
9925 27
9926 31
9927 51
9928 31
9929 33
9930 39
9931 32
9932 43
9933 36
9934 24
9935 32
9936 37
9937 34
9938 37
9939 33
9940 28
9941 34
9942 38
9943 28
9944 33
9945 27
9946 31
9947 31
9948 44
9949 35
9950 35
9951 41
9952 32
9953 41
9954 33
9955 29
9956 36
9957 43
9958 27
9959 30
9960 42
9961 30
9962 34
9963 31
9964 28
9965 40
9966 28
9967 26
9968 36
9969 39
9970 32
9971 30
9972 37
9973 27
9974 29
9975 20
9976 35
9977 37
9978 34
9979 31
9980 34
9981 42
9982 32
9983 35
9984 32
9985 45
9986 35
9987 34
9988 22
9989 36
9990 29
9991 36
9992 35
9993 34
9994 37
9995 38
9996 35
9997 33
9998 34
9999 41
10000 31
10001 387336
