2 123412210
3 73837454
4 43397106
5 26393701
6 17145726
7 12142396
8 9462186
9 8056385
10 7334299
11 6983365
12 6801496
13 6692770
14 6615229
15 6565828
16 6586201
17 6679280
18 6869700
19 7156207
20 7511318
21 7908904
22 8291194
23 8626530
24 8859520
25 8972743
26 8938817
27 8769291
28 8465640
29 8067183
30 7586529
31 7056035
32 6507818
33 5979038
34 5479310
35 5012346
36 4604276
37 4260712
38 3972093
39 3733851
40 3547816
41 3404996
42 3293044
43 3207189
44 3140926
45 3096825
46 3052553
47 3022031
48 2988973
49 2950735
50 2914220
51 2864730
52 2812616
53 2754626
54 2688160
55 2617789
56 2540004
57 2463331
58 2382504
59 2296750
60 2218660
61 2140518
62 2065484
63 1991518
64 1926708
65 1865267
66 1805680
67 1754642
68 1706587
69 1662051
70 1621344
71 1584856
72 1551934
73 1521050
74 1489757
75 1460894
76 1430356
77 1403783
78 1375210
79 1347511
80 1320441
81 1294041
82 1267478
83 1238603
84 1210873
85 1183704
86 1158615
87 1130369
88 1107205
89 1082194
90 1059397
91 1036480
92 1015294
93 992342
94 973474
95 953067
96 933740
97 915711
98 898116
99 882820
100 867394
101 850115
102 835355
103 819662
104 804869
105 790578
106 777942
107 762588
108 751107
109 736436
110 724256
111 711696
112 700019
113 687477
114 675512
115 664188
116 652762
117 641247
118 630495
119 618389
120 609899
121 600531
122 590024
123 579984
124 569929
125 560843
126 553505
127 543793
128 535936
129 528153
130 519051
131 511031
132 504443
133 497270
134 488645
135 480732
136 473780
137 467522
138 460244
139 454369
140 447676
141 441737
142 433440
143 428682
144 422261
145 416110
146 409812
147 405494
148 398610
149 394153
150 388519
151 382546
152 376401
153 372166
154 366084
155 361588
156 356899
157 353658
158 347156
159 343037
160 339315
161 335422
162 331345
163 325496
164 321901
165 317313
166 313361
167 309259
168 305990
169 301702
170 298033
171 294434
172 291087
173 286887
174 284220
175 280122
176 277890
177 273828
178 270063
179 267124
180 263874
181 260186
182 257867
183 254303
184 251834
185 248810
186 245729
187 242640
188 240196
189 237416
190 234600
191 231460
192 229511
193 226865
194 224022
195 221372
196 219348
197 216860
198 214756
199 211812
200 210248
201 205907
202 205429
203 203795
204 202095
205 199378
206 196554
207 194656
208 192268
209 190138
210 188308
211 186075
212 184782
213 182929
214 180159
215 178681
216 176986
217 175525
218 173782
219 171955
220 170440
221 168735
222 166571
223 164912
224 163267
225 161793
226 160425
227 158871
228 156940
229 156226
230 154662
231 152409
232 150857
233 149866
234 148705
235 147083
236 145078
237 143408
238 142187
239 141674
240 140179
241 138337
242 136793
243 136473
244 135086
245 133902
246 133018
247 131191
248 130102
249 128596
250 128306
251 126441
252 125535
253 124068
254 123308
255 121913
256 121049
257 120054
258 118747
259 117694
260 116606
261 115914
262 114939
263 114153
264 112430
265 112101
266 110713
267 110400
268 108771
269 107740
270 107129
271 106583
272 105109
273 104732
274 103822
275 103016
276 102079
277 101537
278 100543
279 99439
280 99063
281 98083
282 97141
283 96215
284 95542
285 95067
286 93614
287 93013
288 92198
289 91369
290 90924
291 90783
292 89977
293 88986
294 88388
295 87467
296 87133
297 86823
298 85593
299 85252
300 83572
301 83790
302 83368
303 82553
304 81754
305 81236
306 80299
307 79701
308 78935
309 78263
310 78304
311 77597
312 77103
313 76882
314 76031
315 75304
316 74841
317 74367
318 73361
319 73628
320 72851
321 72025
322 71234
323 70754
324 70263
325 70045
326 69327
327 69196
328 68590
329 68300
330 67586
331 67158
332 66353
333 66044
334 65824
335 65168
336 64346
337 63919
338 63776
339 63627
340 63268
341 62728
342 61925
343 62122
344 61371
345 60927
346 60578
347 60198
348 59895
349 59473
350 59068
351 58257
352 58137
353 57630
354 56993
355 56757
356 56575
357 56186
358 55713
359 55371
360 55031
361 54769
362 54192
363 54385
364 53651
365 53068
366 53061
367 52707
368 52283
369 51948
370 51751
371 51322
372 51070
373 51017
374 50866
375 50459
376 49702
377 49459
378 49062
379 48656
380 48648
381 47889
382 47789
383 47619
384 47362
385 47233
386 47100
387 46762
388 46323
389 46398
390 45251
391 45372
392 45016
393 44544
394 45189
395 44657
396 43848
397 44097
398 43339
399 43202
400 42943
401 42974
402 42682
403 42505
404 42067
405 41935
406 41577
407 41257
408 41316
409 40684
410 40932
411 40339
412 40009
413 39760
414 39864
415 39441
416 39347
417 39409
418 38901
419 38787
420 38395
421 38117
422 37775
423 37894
424 37670
425 37543
426 37173
427 36815
428 36567
429 36510
430 36299
431 36036
432 36319
433 35550
434 35275
435 35645
436 34890
437 34691
438 34464
439 34490
440 33880
441 34183
442 33939
443 33550
444 33715
445 33250
446 33087
447 33234
448 32890
449 33139
450 32145
451 32358
452 31890
453 31841
454 31893
455 31646
456 31557
457 31249
458 30992
459 31270
460 30829
461 30932
462 30421
463 30349
464 30418
465 30346
466 29952
467 29942
468 29544
469 29648
470 29401
471 29225
472 28916
473 28941
474 28774
475 28671
476 28633
477 28197
478 28296
479 28276
480 27819
481 27564
482 27472
483 27606
484 27079
485 27468
486 27209
487 27031
488 26591
489 26484
490 26230
491 26304
492 26257
493 26031
494 25875
495 26039
496 25707
497 25403
498 25498
499 25339
500 25245
501 24912
502 25085
503 25129
504 24463
505 24965
506 24361
507 24520
508 24476
509 24307
510 24000
511 24147
512 23926
513 23663
514 23628
515 23567
516 23224
517 23259
518 23512
519 22894
520 22907
521 22993
522 22963
523 22666
524 22504
525 22929
526 22438
527 22432
528 22088
529 21912
530 21781
531 21967
532 21759
533 21561
534 21771
535 21388
536 21654
537 21090
538 21169
539 21223
540 20756
541 20688
542 20942
543 20702
544 20498
545 20580
546 20363
547 20384
548 20158
549 20240
550 20296
551 20089
552 19972
553 19896
554 19803
555 19716
556 19515
557 19476
558 19160
559 19318
560 19423
561 19112
562 19091
563 18952
564 18912
565 18952
566 18811
567 18605
568 18513
569 18469
570 18364
571 18541
572 18474
573 18270
574 18402
575 18095
576 17836
577 17897
578 18017
579 17622
580 17645
581 17609
582 17644
583 17511
584 17404
585 17208
586 17233
587 17119
588 16968
589 17104
590 16831
591 17221
592 16952
593 16891
594 16708
595 16766
596 16694
597 16351
598 16636
599 16645
600 16216
601 16337
602 16237
603 16296
604 15894
605 16183
606 16004
607 16168
608 15598
609 15761
610 15787
611 15694
612 15706
613 15668
614 15562
615 15482
616 15287
617 15515
618 15311
619 15259
620 15326
621 15013
622 15228
623 15228
624 15052
625 14935
626 14863
627 15012
628 14742
629 14768
630 14655
631 14779
632 14448
633 14581
634 14292
635 14532
636 14698
637 14636
638 14288
639 14294
640 14597
641 14277
642 14430
643 14191
644 14101
645 14051
646 13910
647 14108
648 14124
649 13661
650 13680
651 13695
652 13808
653 13770
654 13571
655 13694
656 13494
657 13750
658 13177
659 13450
660 13338
661 13262
662 13291
663 13279
664 13206
665 13308
666 13393
667 13177
668 13428
669 13050
670 12963
671 13207
672 12919
673 12983
674 12759
675 12956
676 13074
677 12695
678 12828
679 12634
680 12756
681 12817
682 12607
683 12442
684 12609
685 12765
686 12520
687 12377
688 12406
689 12413
690 12352
691 12287
692 12360
693 12423
694 12173
695 12149
696 12279
697 11986
698 12131
699 12018
700 12169
701 12221
702 12151
703 11955
704 11832
705 11801
706 11845
707 11740
708 11939
709 11828
710 11760
711 11651
712 11725
713 11712
714 11822
715 11339
716 11700
717 11425
718 11611
719 11453
720 11651
721 11535
722 11529
723 11589
724 11599
725 11436
726 11493
727 11359
728 11229
729 11265
730 11381
731 11329
732 11383
733 11348
734 11356
735 11060
736 11244
737 11225
738 11116
739 11231
740 11213
741 11070
742 11024
743 10993
744 11116
745 10898
746 11089
747 10933
748 10946
749 10876
750 10951
751 10858
752 10893
753 11009
754 10821
755 10726
756 10876
757 10810
758 10655
759 10645
760 10952
761 10728
762 10676
763 10584
764 10830
765 10626
766 10498
767 10556
768 10434
769 10462
770 10474
771 10585
772 10515
773 10264
774 10404
775 10392
776 10525
777 10389
778 10267
779 10304
780 10236
781 10291
782 10238
783 10318
784 10240
785 10038
786 10172
787 10190
788 9996
789 10247
790 9931
791 10062
792 9940
793 10115
794 10025
795 9916
796 10123
797 9892
798 9918
799 10117
800 9885
801 10060
802 9704
803 9891
804 9633
805 9928
806 9707
807 9824
808 9663
809 9689
810 9568
811 9654
812 9682
813 9716
814 9691
815 9576
816 9720
817 9645
818 9664
819 9500
820 9384
821 9662
822 9295
823 9598
824 9447
825 9295
826 9382
827 9401
828 9400
829 9460
830 9273
831 9445
832 9218
833 9302
834 9248
835 9215
836 9115
837 9262
838 9167
839 9305
840 9370
841 9057
842 9190
843 9095
844 9112
845 9264
846 9163
847 8998
848 8995
849 8936
850 9031
851 8794
852 8878
853 8878
854 8865
855 8926
856 8947
857 8787
858 8622
859 8737
860 8824
861 8738
862 8762
863 8568
864 8740
865 8674
866 8478
867 8558
868 8590
869 8679
870 8356
871 8613
872 8459
873 8463
874 8324
875 8472
876 8343
877 8260
878 8418
879 8430
880 8362
881 8187
882 8344
883 8230
884 8055
885 8210
886 8209
887 8014
888 8205
889 8085
890 8060
891 8043
892 7926
893 8037
894 8044
895 7960
896 7838
897 7957
898 8012
899 7861
900 7787
901 7849
902 7886
903 7749
904 7855
905 7806
906 7814
907 7762
908 7753
909 7614
910 7806
911 7659
912 7815
913 7731
914 7556
915 7608
916 7554
917 7633
918 7524
919 7430
920 7439
921 7670
922 7447
923 7513
924 7366
925 7215
926 7297
927 7338
928 7412
929 7390
930 7184
931 7212
932 7269
933 7249
934 7191
935 7104
936 7090
937 7127
938 7072
939 7015
940 7049
941 6942
942 6968
943 7132
944 7057
945 6984
946 6973
947 6949
948 6911
949 6959
950 6905
951 6878
952 6788
953 6773
954 6890
955 6842
956 6574
957 6749
958 6650
959 6748
960 6694
961 6673
962 6644
963 6549
964 6617
965 6569
966 6484
967 6467
968 6599
969 6364
970 6387
971 6416
972 6376
973 6488
974 6368
975 6158
976 6347
977 6567
978 6211
979 6285
980 6274
981 6321
982 6372
983 6263
984 6050
985 6129
986 6102
987 6105
988 6112
989 5970
990 6201
991 6046
992 6095
993 5839
994 5930
995 5972
996 5899
997 5954
998 5913
999 5834
1000 5908
1001 5982
1002 5838
1003 5810
1004 5775
1005 5752
1006 5708
1007 5907
1008 5801
1009 5677
1010 5529
1011 5678
1012 5573
1013 5577
1014 5548
1015 5760
1016 5517
1017 5659
1018 5494
1019 5471
1020 5631
1021 5442
1022 5468
1023 5535
1024 5338
1025 5412
1026 5381
1027 5480
1028 5304
1029 5218
1030 5400
1031 5472
1032 5364
1033 5428
1034 5380
1035 5338
1036 5234
1037 5153
1038 5308
1039 5249
1040 5150
1041 5190
1042 5193
1043 5061
1044 5080
1045 5067
1046 5161
1047 5013
1048 5161
1049 4984
1050 5060
1051 5016
1052 5086
1053 5147
1054 4950
1055 4917
1056 4990
1057 5031
1058 4976
1059 4944
1060 4906
1061 4981
1062 4840
1063 4886
1064 4731
1065 4716
1066 4698
1067 4771
1068 4798
1069 4762
1070 4789
1071 4862
1072 4763
1073 4704
1074 4567
1075 4689
1076 4687
1077 4678
1078 4623
1079 4624
1080 4716
1081 4418
1082 4519
1083 4580
1084 4484
1085 4580
1086 4583
1087 4492
1088 4472
1089 4501
1090 4435
1091 4336
1092 4359
1093 4411
1094 4438
1095 4357
1096 4457
1097 4450
1098 4216
1099 4417
1100 4396
1101 4365
1102 4423
1103 4264
1104 4239
1105 4331
1106 4355
1107 4145
1108 4286
1109 4089
1110 4322
1111 4243
1112 4205
1113 4318
1114 4156
1115 4192
1116 4076
1117 4094
1118 4196
1119 4016
1120 4119
1121 4079
1122 4068
1123 3999
1124 4153
1125 4058
1126 4043
1127 4061
1128 3926
1129 4113
1130 3876
1131 3994
1132 4037
1133 4023
1134 3963
1135 3974
1136 3918
1137 3928
1138 3935
1139 3958
1140 3865
1141 3866
1142 3771
1143 3845
1144 3872
1145 3820
1146 3785
1147 3850
1148 3746
1149 3841
1150 3838
1151 3804
1152 3807
1153 3842
1154 3798
1155 3808
1156 3823
1157 3769
1158 3633
1159 3800
1160 3683
1161 3735
1162 3740
1163 3690
1164 3702
1165 3742
1166 3644
1167 3769
1168 3620
1169 3677
1170 3691
1171 3491
1172 3710
1173 3585
1174 3590
1175 3627
1176 3492
1177 3629
1178 3606
1179 3551
1180 3582
1181 3642
1182 3622
1183 3588
1184 3540
1185 3499
1186 3518
1187 3402
1188 3498
1189 3469
1190 3493
1191 3519
1192 3431
1193 3509
1194 3523
1195 3468
1196 3456
1197 3320
1198 3391
1199 3490
1200 3538
1201 3425
1202 3458
1203 3412
1204 3536
1205 3437
1206 3456
1207 3377
1208 3336
1209 3338
1210 3379
1211 3323
1212 3427
1213 3364
1214 3432
1215 3417
1216 3273
1217 3238
1218 3455
1219 3338
1220 3300
1221 3257
1222 3169
1223 3270
1224 3272
1225 3306
1226 3296
1227 3248
1228 3158
1229 3200
1230 3247
1231 3205
1232 3179
1233 3189
1234 3278
1235 3117
1236 3145
1237 3208
1238 3137
1239 3184
1240 3150
1241 3228
1242 3238
1243 3154
1244 3097
1245 3155
1246 3048
1247 3165
1248 3102
1249 3153
1250 3135
1251 3141
1252 3123
1253 3041
1254 3046
1255 3121
1256 3007
1257 3019
1258 3161
1259 3029
1260 3016
1261 2967
1262 2975
1263 3129
1264 3105
1265 3087
1266 2993
1267 2966
1268 2955
1269 3027
1270 2997
1271 3082
1272 2933
1273 2968
1274 3043
1275 2892
1276 3049
1277 3008
1278 2888
1279 2962
1280 2956
1281 3013
1282 2892
1283 2941
1284 2940
1285 2944
1286 2925
1287 2970
1288 2890
1289 2914
1290 2990
1291 2864
1292 2862
1293 2877
1294 2942
1295 2892
1296 2852
1297 2834
1298 2721
1299 2893
1300 2829
1301 2785
1302 2757
1303 2807
1304 2924
1305 2780
1306 2839
1307 2802
1308 2797
1309 2746
1310 2691
1311 2863
1312 2810
1313 2779
1314 2826
1315 2744
1316 2756
1317 2743
1318 2699
1319 2733
1320 2662
1321 2819
1322 2771
1323 2726
1324 2699
1325 2775
1326 2560
1327 2735
1328 2746
1329 2630
1330 2644
1331 2750
1332 2851
1333 2764
1334 2730
1335 2653
1336 2647
1337 2642
1338 2678
1339 2543
1340 2681
1341 2701
1342 2637
1343 2585
1344 2682
1345 2648
1346 2618
1347 2525
1348 2687
1349 2616
1350 2635
1351 2587
1352 2655
1353 2585
1354 2543
1355 2619
1356 2547
1357 2608
1358 2567
1359 2575
1360 2603
1361 2624
1362 2506
1363 2457
1364 2530
1365 2570
1366 2654
1367 2430
1368 2613
1369 2635
1370 2545
1371 2438
1372 2513
1373 2467
1374 2576
1375 2493
1376 2535
1377 2450
1378 2353
1379 2522
1380 2470
1381 2438
1382 2482
1383 2441
1384 2496
1385 2402
1386 2530
1387 2442
1388 2427
1389 2433
1390 2429
1391 2354
1392 2399
1393 2378
1394 2534
1395 2410
1396 2425
1397 2486
1398 2390
1399 2403
1400 2396
1401 2343
1402 2391
1403 2402
1404 2342
1405 2381
1406 2394
1407 2399
1408 2331
1409 2276
1410 2276
1411 2362
1412 2357
1413 2278
1414 2364
1415 2267
1416 2331
1417 2188
1418 2235
1419 2287
1420 2286
1421 2277
1422 2274
1423 2303
1424 2271
1425 2220
1426 2190
1427 2302
1428 2258
1429 2393
1430 2251
1431 2300
1432 2199
1433 2252
1434 2275
1435 2267
1436 2313
1437 2214
1438 2176
1439 2236
1440 2250
1441 2135
1442 2178
1443 2214
1444 2176
1445 2202
1446 2305
1447 2209
1448 2186
1449 2155
1450 2173
1451 2218
1452 2199
1453 2106
1454 2194
1455 2175
1456 2103
1457 2106
1458 2201
1459 2266
1460 2083
1461 2212
1462 2148
1463 2132
1464 2164
1465 2133
1466 2224
1467 2118
1468 2081
1469 2084
1470 2105
1471 2078
1472 2015
1473 2182
1474 2007
1475 2051
1476 2093
1477 2100
1478 1982
1479 2090
1480 2063
1481 2049
1482 2044
1483 1904
1484 2033
1485 1912
1486 2080
1487 2030
1488 1956
1489 2020
1490 1996
1491 1992
1492 2050
1493 2021
1494 1922
1495 1980
1496 2080
1497 1965
1498 1932
1499 1915
1500 1988
1501 1946
1502 1934
1503 1957
1504 1935
1505 2070
1506 1923
1507 1893
1508 1938
1509 1866
1510 1985
1511 1940
1512 2024
1513 1920
1514 2016
1515 1984
1516 1968
1517 1942
1518 1864
1519 1868
1520 1799
1521 1992
1522 1995
1523 1926
1524 1902
1525 1943
1526 1838
1527 1872
1528 1912
1529 1909
1530 1844
1531 1876
1532 1890
1533 1899
1534 1883
1535 1840
1536 1839
1537 1968
1538 1869
1539 1851
1540 1833
1541 1868
1542 1884
1543 1841
1544 1888
1545 1841
1546 1888
1547 1799
1548 1747
1549 1951
1550 1801
1551 1820
1552 1856
1553 1739
1554 1785
1555 1782
1556 1746
1557 1820
1558 1756
1559 1832
1560 1765
1561 1783
1562 1787
1563 1810
1564 1793
1565 1832
1566 1800
1567 1765
1568 1742
1569 1803
1570 1696
1571 1829
1572 1760
1573 1747
1574 1740
1575 1699
1576 1748
1577 1748
1578 1757
1579 1759
1580 1660
1581 1768
1582 1732
1583 1724
1584 1656
1585 1638
1586 1752
1587 1670
1588 1692
1589 1721
1590 1665
1591 1747
1592 1658
1593 1696
1594 1685
1595 1731
1596 1649
1597 1647
1598 1679
1599 1681
1600 1624
1601 1626
1602 1706
1603 1711
1604 1744
1605 1723
1606 1675
1607 1660
1608 1631
1609 1661
1610 1709
1611 1655
1612 1605
1613 1595
1614 1662
1615 1554
1616 1598
1617 1679
1618 1557
1619 1559
1620 1620
1621 1582
1622 1644
1623 1633
1624 1612
1625 1553
1626 1553
1627 1612
1628 1638
1629 1611
1630 1600
1631 1579
1632 1577
1633 1599
1634 1624
1635 1511
1636 1619
1637 1562
1638 1577
1639 1632
1640 1590
1641 1577
1642 1574
1643 1548
1644 1540
1645 1544
1646 1546
1647 1612
1648 1538
1649 1574
1650 1505
1651 1559
1652 1542
1653 1564
1654 1567
1655 1532
1656 1475
1657 1465
1658 1539
1659 1582
1660 1461
1661 1564
1662 1539
1663 1456
1664 1565
1665 1510
1666 1518
1667 1603
1668 1558
1669 1542
1670 1519
1671 1573
1672 1384
1673 1499
1674 1453
1675 1598
1676 1498
1677 1578
1678 1514
1679 1510
1680 1503
1681 1420
1682 1425
1683 1496
1684 1377
1685 1493
1686 1458
1687 1507
1688 1429
1689 1508
1690 1462
1691 1495
1692 1436
1693 1426
1694 1478
1695 1380
1696 1487
1697 1438
1698 1411
1699 1476
1700 1431
1701 1410
1702 1403
1703 1439
1704 1431
1705 1396
1706 1418
1707 1437
1708 1463
1709 1370
1710 1439
1711 1409
1712 1503
1713 1408
1714 1360
1715 1392
1716 1485
1717 1434
1718 1430
1719 1359
1720 1346
1721 1378
1722 1383
1723 1388
1724 1370
1725 1360
1726 1387
1727 1464
1728 1385
1729 1373
1730 1336
1731 1394
1732 1374
1733 1398
1734 1341
1735 1388
1736 1302
1737 1325
1738 1378
1739 1343
1740 1376
1741 1323
1742 1318
1743 1287
1744 1273
1745 1284
1746 1287
1747 1293
1748 1288
1749 1361
1750 1284
1751 1324
1752 1295
1753 1378
1754 1332
1755 1331
1756 1317
1757 1305
1758 1296
1759 1291
1760 1354
1761 1301
1762 1315
1763 1271
1764 1356
1765 1298
1766 1271
1767 1293
1768 1295
1769 1326
1770 1277
1771 1293
1772 1271
1773 1274
1774 1222
1775 1277
1776 1216
1777 1278
1778 1293
1779 1265
1780 1175
1781 1328
1782 1329
1783 1253
1784 1244
1785 1300
1786 1245
1787 1200
1788 1192
1789 1267
1790 1261
1791 1282
1792 1264
1793 1297
1794 1269
1795 1245
1796 1230
1797 1278
1798 1185
1799 1215
1800 1246
1801 1247
1802 1249
1803 1181
1804 1260
1805 1184
1806 1248
1807 1283
1808 1220
1809 1249
1810 1274
1811 1196
1812 1250
1813 1133
1814 1215
1815 1231
1816 1174
1817 1180
1818 1201
1819 1183
1820 1184
1821 1197
1822 1248
1823 1212
1824 1208
1825 1178
1826 1209
1827 1186
1828 1177
1829 1099
1830 1163
1831 1205
1832 1135
1833 1165
1834 1151
1835 1104
1836 1185
1837 1132
1838 1198
1839 1216
1840 1183
1841 1146
1842 1162
1843 1150
1844 1128
1845 1083
1846 1146
1847 1145
1848 1169
1849 1205
1850 1114
1851 1155
1852 1154
1853 1113
1854 1123
1855 1140
1856 1104
1857 1060
1858 1186
1859 1193
1860 1085
1861 1163
1862 1107
1863 1151
1864 1088
1865 1136
1866 1149
1867 1158
1868 1123
1869 1131
1870 1127
1871 1153
1872 1147
1873 1093
1874 1091
1875 1118
1876 1138
1877 1127
1878 1114
1879 1142
1880 1146
1881 1081
1882 1088
1883 1037
1884 1124
1885 1124
1886 1114
1887 1113
1888 1084
1889 1105
1890 1060
1891 1042
1892 1064
1893 1061
1894 1106
1895 1089
1896 1124
1897 1074
1898 1100
1899 1103
1900 1065
1901 1093
1902 1013
1903 1078
1904 1014
1905 1022
1906 1042
1907 1071
1908 1020
1909 1030
1910 1044
1911 1063
1912 1131
1913 1052
1914 1085
1915 1033
1916 1067
1917 1026
1918 1072
1919 1023
1920 1058
1921 1125
1922 1089
1923 1077
1924 1047
1925 1034
1926 1003
1927 1041
1928 1088
1929 1046
1930 1034
1931 1049
1932 1010
1933 1007
1934 1092
1935 1011
1936 1041
1937 1041
1938 1022
1939 1054
1940 1000
1941 983
1942 1019
1943 1052
1944 1065
1945 1009
1946 1013
1947 1062
1948 957
1949 1064
1950 1015
1951 986
1952 977
1953 982
1954 997
1955 971
1956 982
1957 1019
1958 977
1959 966
1960 1002
1961 1051
1962 966
1963 1013
1964 1021
1965 1043
1966 953
1967 956
1968 915
1969 974
1970 956
1971 1009
1972 970
1973 1035
1974 1033
1975 945
1976 931
1977 993
1978 1022
1979 987
1980 996
1981 948
1982 961
1983 962
1984 1013
1985 942
1986 945
1987 958
1988 986
1989 947
1990 981
1991 937
1992 976
1993 974
1994 880
1995 929
1996 973
1997 982
1998 912
1999 967
2000 955
2001 910
2002 918
2003 938
2004 975
2005 940
2006 932
2007 967
2008 923
2009 962
2010 880
2011 939
2012 949
2013 940
2014 962
2015 914
2016 947
2017 963
2018 933
2019 932
2020 920
2021 925
2022 921
2023 912
2024 921
2025 875
2026 974
2027 989
2028 942
2029 834
2030 895
2031 935
2032 897
2033 919
2034 910
2035 869
2036 929
2037 857
2038 896
2039 976
2040 885
2041 849
2042 861
2043 906
2044 888
2045 865
2046 858
2047 873
2048 883
2049 832
2050 880
2051 878
2052 933
2053 929
2054 848
2055 881
2056 905
2057 893
2058 933
2059 858
2060 854
2061 852
2062 845
2063 842
2064 919
2065 907
2066 848
2067 905
2068 880
2069 875
2070 838
2071 845
2072 876
2073 896
2074 887
2075 875
2076 893
2077 880
2078 871
2079 891
2080 852
2081 774
2082 854
2083 825
2084 896
2085 899
2086 832
2087 941
2088 832
2089 886
2090 852
2091 907
2092 838
2093 880
2094 795
2095 851
2096 821
2097 856
2098 800
2099 870
2100 808
2101 854
2102 822
2103 892
2104 897
2105 813
2106 873
2107 833
2108 831
2109 876
2110 828
2111 851
2112 854
2113 832
2114 867
2115 892
2116 850
2117 820
2118 819
2119 863
2120 828
2121 897
2122 800
2123 784
2124 873
2125 789
2126 839
2127 792
2128 819
2129 855
2130 826
2131 775
2132 784
2133 823
2134 783
2135 856
2136 792
2137 859
2138 814
2139 842
2140 787
2141 844
2142 794
2143 765
2144 788
2145 772
2146 830
2147 806
2148 871
2149 829
2150 762
2151 782
2152 839
2153 818
2154 804
2155 755
2156 758
2157 795
2158 815
2159 789
2160 818
2161 805
2162 794
2163 788
2164 812
2165 820
2166 799
2167 744
2168 769
2169 813
2170 773
2171 770
2172 783
2173 758
2174 791
2175 776
2176 754
2177 772
2178 773
2179 756
2180 755
2181 813
2182 770
2183 770
2184 778
2185 720
2186 765
2187 780
2188 762
2189 779
2190 742
2191 721
2192 749
2193 771
2194 785
2195 745
2196 727
2197 738
2198 770
2199 728
2200 705
2201 720
2202 800
2203 779
2204 766
2205 722
2206 749
2207 787
2208 757
2209 778
2210 692
2211 816
2212 735
2213 716
2214 772
2215 758
2216 804
2217 736
2218 765
2219 733
2220 716
2221 759
2222 764
2223 687
2224 718
2225 737
2226 710
2227 761
2228 727
2229 755
2230 716
2231 756
2232 728
2233 751
2234 775
2235 690
2236 722
2237 738
2238 761
2239 715
2240 761
2241 738
2242 715
2243 723
2244 758
2245 701
2246 757
2247 766
2248 719
2249 740
2250 709
2251 708
2252 714
2253 705
2254 774
2255 740
2256 701
2257 697
2258 717
2259 718
2260 733
2261 753
2262 706
2263 677
2264 684
2265 694
2266 726
2267 694
2268 670
2269 670
2270 740
2271 663
2272 729
2273 687
2274 661
2275 711
2276 721
2277 707
2278 710
2279 693
2280 655
2281 750
2282 704
2283 667
2284 724
2285 648
2286 699
2287 679
2288 677
2289 679
2290 656
2291 717
2292 750
2293 714
2294 689
2295 688
2296 693
2297 686
2298 697
2299 645
2300 685
2301 643
2302 661
2303 689
2304 635
2305 640
2306 687
2307 671
2308 659
2309 662
2310 652
2311 704
2312 663
2313 646
2314 661
2315 659
2316 688
2317 680
2318 639
2319 663
2320 661
2321 675
2322 657
2323 636
2324 678
2325 688
2326 665
2327 616
2328 720
2329 618
2330 697
2331 663
2332 646
2333 641
2334 615
2335 689
2336 688
2337 665
2338 650
2339 686
2340 675
2341 664
2342 633
2343 645
2344 668
2345 662
2346 646
2347 678
2348 652
2349 625
2350 635
2351 661
2352 654
2353 635
2354 659
2355 693
2356 665
2357 688
2358 661
2359 632
2360 618
2361 591
2362 627
2363 647
2364 671
2365 676
2366 663
2367 655
2368 655
2369 644
2370 602
2371 616
2372 669
2373 673
2374 613
2375 616
2376 631
2377 663
2378 646
2379 673
2380 678
2381 640
2382 644
2383 603
2384 656
2385 653
2386 648
2387 667
2388 606
2389 613
2390 649
2391 626
2392 631
2393 627
2394 643
2395 646
2396 631
2397 638
2398 608
2399 612
2400 658
2401 613
2402 618
2403 662
2404 605
2405 618
2406 582
2407 617
2408 700
2409 594
2410 630
2411 670
2412 616
2413 616
2414 635
2415 622
2416 583
2417 644
2418 614
2419 644
2420 624
2421 614
2422 627
2423 637
2424 562
2425 633
2426 628
2427 656
2428 633
2429 622
2430 629
2431 627
2432 685
2433 635
2434 581
2435 609
2436 604
2437 618
2438 575
2439 610
2440 596
2441 589
2442 605
2443 573
2444 607
2445 635
2446 580
2447 614
2448 623
2449 603
2450 556
2451 624
2452 585
2453 577
2454 591
2455 596
2456 607
2457 614
2458 661
2459 579
2460 613
2461 584
2462 627
2463 592
2464 624
2465 630
2466 574
2467 548
2468 575
2469 600
2470 540
2471 584
2472 573
2473 580
2474 611
2475 600
2476 584
2477 609
2478 589
2479 605
2480 569
2481 607
2482 558
2483 611
2484 582
2485 592
2486 556
2487 602
2488 569
2489 563
2490 563
2491 550
2492 555
2493 574
2494 573
2495 558
2496 616
2497 556
2498 569
2499 631
2500 544
2501 548
2502 567
2503 558
2504 582
2505 566
2506 539
2507 597
2508 544
2509 581
2510 545
2511 578
2512 547
2513 577
2514 561
2515 549
2516 544
2517 559
2518 549
2519 581
2520 569
2521 539
2522 583
2523 551
2524 563
2525 585
2526 550
2527 568
2528 537
2529 592
2530 593
2531 605
2532 531
2533 583
2534 597
2535 522
2536 552
2537 588
2538 548
2539 548
2540 571
2541 555
2542 552
2543 588
2544 557
2545 559
2546 558
2547 592
2548 564
2549 551
2550 546
2551 552
2552 564
2553 493
2554 550
2555 581
2556 516
2557 536
2558 552
2559 548
2560 573
2561 578
2562 500
2563 561
2564 529
2565 558
2566 542
2567 564
2568 495
2569 563
2570 555
2571 574
2572 536
2573 518
2574 548
2575 526
2576 518
2577 560
2578 537
2579 556
2580 547
2581 486
2582 568
2583 549
2584 503
2585 517
2586 523
2587 522
2588 515
2589 505
2590 559
2591 454
2592 550
2593 568
2594 535
2595 531
2596 546
2597 510
2598 531
2599 527
2600 528
2601 528
2602 517
2603 511
2604 467
2605 510
2606 530
2607 500
2608 543
2609 538
2610 509
2611 532
2612 512
2613 500
2614 523
2615 518
2616 550
2617 499
2618 510
2619 569
2620 509
2621 523
2622 517
2623 558
2624 526
2625 496
2626 520
2627 517
2628 507
2629 507
2630 520
2631 530
2632 551
2633 492
2634 524
2635 483
2636 474
2637 493
2638 560
2639 546
2640 508
2641 498
2642 543
2643 532
2644 476
2645 529
2646 487
2647 498
2648 534
2649 528
2650 498
2651 502
2652 497
2653 464
2654 489
2655 495
2656 536
2657 517
2658 524
2659 531
2660 517
2661 510
2662 506
2663 531
2664 512
2665 456
2666 486
2667 514
2668 504
2669 523
2670 486
2671 503
2672 471
2673 477
2674 525
2675 515
2676 543
2677 517
2678 479
2679 522
2680 530
2681 498
2682 524
2683 517
2684 444
2685 523
2686 475
2687 484
2688 472
2689 528
2690 536
2691 523
2692 467
2693 490
2694 506
2695 553
2696 485
2697 504
2698 553
2699 536
2700 494
2701 477
2702 461
2703 506
2704 492
2705 459
2706 501
2707 504
2708 497
2709 476
2710 455
2711 504
2712 506
2713 460
2714 484
2715 502
2716 490
2717 478
2718 514
2719 485
2720 473
2721 479
2722 484
2723 543
2724 489
2725 502
2726 469
2727 494
2728 486
2729 475
2730 495
2731 541
2732 469
2733 468
2734 468
2735 485
2736 493
2737 495
2738 454
2739 500
2740 479
2741 478
2742 482
2743 497
2744 471
2745 492
2746 472
2747 469
2748 454
2749 488
2750 475
2751 455
2752 470
2753 478
2754 499
2755 458
2756 465
2757 483
2758 463
2759 455
2760 464
2761 481
2762 459
2763 506
2764 476
2765 474
2766 451
2767 497
2768 462
2769 480
2770 490
2771 442
2772 471
2773 482
2774 485
2775 461
2776 455
2777 487
2778 444
2779 457
2780 474
2781 457
2782 454
2783 491
2784 461
2785 460
2786 484
2787 454
2788 435
2789 473
2790 453
2791 451
2792 466
2793 433
2794 460
2795 489
2796 423
2797 451
2798 472
2799 447
2800 475
2801 421
2802 454
2803 434
2804 421
2805 498
2806 456
2807 432
2808 458
2809 447
2810 423
2811 454
2812 442
2813 475
2814 434
2815 460
2816 480
2817 444
2818 447
2819 493
2820 447
2821 440
2822 501
2823 444
2824 439
2825 440
2826 466
2827 434
2828 472
2829 441
2830 464
2831 463
2832 450
2833 444
2834 481
2835 471
2836 457
2837 455
2838 439
2839 417
2840 438
2841 460
2842 449
2843 439
2844 423
2845 444
2846 460
2847 427
2848 444
2849 426
2850 467
2851 422
2852 449
2853 434
2854 438
2855 462
2856 450
2857 398
2858 451
2859 468
2860 444
2861 430
2862 460
2863 451
2864 466
2865 423
2866 418
2867 437
2868 422
2869 423
2870 463
2871 464
2872 453
2873 428
2874 420
2875 440
2876 435
2877 491
2878 403
2879 431
2880 428
2881 418
2882 435
2883 420
2884 413
2885 435
2886 420
2887 406
2888 427
2889 477
2890 447
2891 410
2892 414
2893 422
2894 453
2895 465
2896 415
2897 436
2898 418
2899 429
2900 401
2901 425
2902 410
2903 392
2904 441
2905 387
2906 428
2907 455
2908 441
2909 454
2910 422
2911 430
2912 415
2913 422
2914 439
2915 423
2916 380
2917 406
2918 417
2919 476
2920 391
2921 422
2922 413
2923 407
2924 424
2925 436
2926 387
2927 440
2928 437
2929 442
2930 414
2931 423
2932 432
2933 440
2934 412
2935 458
2936 421
2937 349
2938 406
2939 388
2940 427
2941 410
2942 419
2943 437
2944 378
2945 438
2946 407
2947 419
2948 428
2949 404
2950 415
2951 424
2952 431
2953 394
2954 409
2955 405
2956 413
2957 364
2958 400
2959 392
2960 412
2961 419
2962 421
2963 435
2964 399
2965 409
2966 406
2967 433
2968 435
2969 378
2970 402
2971 403
2972 402
2973 400
2974 428
2975 417
2976 386
2977 374
2978 373
2979 419
2980 406
2981 368
2982 366
2983 380
2984 396
2985 383
2986 414
2987 380
2988 361
2989 433
2990 416
2991 389
2992 412
2993 385
2994 383
2995 386
2996 400
2997 423
2998 406
2999 394
3000 383
3001 373
3002 430
3003 387
3004 362
3005 407
3006 397
3007 435
3008 434
3009 373
3010 418
3011 372
3012 433
3013 379
3014 429
3015 413
3016 405
3017 411
3018 418
3019 389
3020 366
3021 387
3022 394
3023 348
3024 393
3025 430
3026 388
3027 343
3028 428
3029 394
3030 377
3031 423
3032 415
3033 390
3034 381
3035 408
3036 408
3037 406
3038 385
3039 390
3040 405
3041 373
3042 358
3043 385
3044 436
3045 360
3046 376
3047 411
3048 380
3049 360
3050 369
3051 366
3052 399
3053 394
3054 367
3055 421
3056 393
3057 377
3058 400
3059 346
3060 383
3061 356
3062 355
3063 381
3064 371
3065 375
3066 357
3067 359
3068 390
3069 381
3070 339
3071 382
3072 373
3073 371
3074 417
3075 392
3076 360
3077 396
3078 360
3079 366
3080 354
3081 372
3082 390
3083 383
3084 355
3085 383
3086 390
3087 363
3088 346
3089 381
3090 366
3091 345
3092 338
3093 337
3094 371
3095 356
3096 347
3097 393
3098 351
3099 352
3100 343
3101 339
3102 379
3103 394
3104 384
3105 351
3106 397
3107 377
3108 376
3109 348
3110 357
3111 378
3112 342
3113 339
3114 348
3115 366
3116 372
3117 360
3118 388
3119 357
3120 362
3121 333
3122 351
3123 378
3124 347
3125 363
3126 342
3127 373
3128 377
3129 367
3130 341
3131 369
3132 378
3133 347
3134 329
3135 379
3136 360
3137 377
3138 337
3139 340
3140 358
3141 352
3142 378
3143 325
3144 339
3145 319
3146 363
3147 357
3148 364
3149 363
3150 353
3151 344
3152 375
3153 357
3154 359
3155 376
3156 334
3157 348
3158 364
3159 339
3160 379
3161 342
3162 323
3163 354
3164 330
3165 382
3166 358
3167 372
3168 366
3169 360
3170 363
3171 317
3172 362
3173 326
3174 347
3175 348
3176 384
3177 298
3178 364
3179 377
3180 352
3181 360
3182 363
3183 357
3184 350
3185 328
3186 353
3187 354
3188 351
3189 305
3190 315
3191 335
3192 351
3193 321
3194 327
3195 335
3196 348
3197 340
3198 340
3199 346
3200 361
3201 336
3202 337
3203 328
3204 341
3205 290
3206 323
3207 347
3208 350
3209 332
3210 324
3211 362
3212 325
3213 383
3214 332
3215 335
3216 339
3217 341
3218 351
3219 342
3220 331
3221 314
3222 355
3223 332
3224 310
3225 301
3226 317
3227 337
3228 355
3229 311
3230 321
3231 314
3232 344
3233 334
3234 334
3235 343
3236 320
3237 343
3238 338
3239 377
3240 332
3241 327
3242 340
3243 355
3244 342
3245 347
3246 368
3247 330
3248 334
3249 354
3250 318
3251 338
3252 319
3253 331
3254 337
3255 328
3256 321
3257 305
3258 319
3259 343
3260 344
3261 341
3262 338
3263 292
3264 311
3265 313
3266 332
3267 344
3268 304
3269 295
3270 334
3271 346
3272 311
3273 330
3274 290
3275 326
3276 319
3277 355
3278 341
3279 352
3280 296
3281 353
3282 357
3283 364
3284 311
3285 315
3286 338
3287 317
3288 296
3289 327
3290 369
3291 331
3292 319
3293 338
3294 318
3295 314
3296 327
3297 330
3298 322
3299 334
3300 315
3301 321
3302 337
3303 308
3304 341
3305 333
3306 309
3307 346
3308 370
3309 303
3310 322
3311 290
3312 340
3313 335
3314 327
3315 318
3316 325
3317 330
3318 328
3319 327
3320 292
3321 290
3322 344
3323 281
3324 329
3325 296
3326 292
3327 331
3328 334
3329 294
3330 287
3331 319
3332 319
3333 346
3334 309
3335 316
3336 333
3337 307
3338 311
3339 318
3340 317
3341 316
3342 304
3343 314
3344 263
3345 323
3346 349
3347 343
3348 325
3349 320
3350 303
3351 300
3352 345
3353 306
3354 318
3355 304
3356 345
3357 331
3358 343
3359 318
3360 277
3361 285
3362 321
3363 310
3364 304
3365 321
3366 282
3367 293
3368 307
3369 313
3370 321
3371 299
3372 307
3373 280
3374 312
3375 287
3376 320
3377 304
3378 296
3379 292
3380 298
3381 308
3382 305
3383 313
3384 290
3385 276
3386 311
3387 312
3388 282
3389 286
3390 298
3391 303
3392 323
3393 315
3394 302
3395 289
3396 294
3397 315
3398 308
3399 305
3400 315
3401 324
3402 302
3403 316
3404 321
3405 314
3406 310
3407 310
3408 283
3409 303
3410 299
3411 312
3412 328
3413 313
3414 314
3415 298
3416 312
3417 340
3418 316
3419 309
3420 287
3421 300
3422 289
3423 264
3424 278
3425 318
3426 286
3427 295
3428 261
3429 281
3430 303
3431 295
3432 282
3433 287
3434 304
3435 303
3436 299
3437 314
3438 313
3439 321
3440 321
3441 257
3442 320
3443 278
3444 269
3445 278
3446 256
3447 303
3448 313
3449 310
3450 266
3451 318
3452 285
3453 323
3454 320
3455 309
3456 315
3457 299
3458 305
3459 301
3460 277
3461 306
3462 314
3463 318
3464 322
3465 275
3466 303
3467 291
3468 309
3469 310
3470 288
3471 305
3472 298
3473 277
3474 274
3475 268
3476 342
3477 251
3478 272
3479 287
3480 292
3481 297
3482 277
3483 268
3484 323
3485 273
3486 316
3487 281
3488 278
3489 270
3490 308
3491 312
3492 288
3493 281
3494 292
3495 278
3496 270
3497 314
3498 307
3499 284
3500 253
3501 270
3502 270
3503 309
3504 311
3505 283
3506 300
3507 290
3508 305
3509 291
3510 264
3511 303
3512 314
3513 288
3514 299
3515 288
3516 283
3517 307
3518 301
3519 273
3520 275
3521 271
3522 258
3523 282
3524 254
3525 302
3526 291
3527 277
3528 288
3529 270
3530 303
3531 301
3532 287
3533 295
3534 289
3535 279
3536 278
3537 285
3538 303
3539 264
3540 307
3541 297
3542 287
3543 243
3544 274
3545 272
3546 252
3547 285
3548 268
3549 275
3550 253
3551 297
3552 317
3553 283
3554 260
3555 270
3556 278
3557 254
3558 286
3559 284
3560 302
3561 279
3562 269
3563 262
3564 287
3565 253
3566 283
3567 264
3568 274
3569 273
3570 292
3571 284
3572 309
3573 266
3574 279
3575 287
3576 282
3577 285
3578 259
3579 253
3580 289
3581 280
3582 265
3583 318
3584 273
3585 280
3586 286
3587 311
3588 286
3589 293
3590 257
3591 288
3592 258
3593 276
3594 252
3595 268
3596 269
3597 282
3598 296
3599 295
3600 281
3601 272
3602 265
3603 291
3604 278
3605 259
3606 257
3607 283
3608 271
3609 264
3610 290
3611 276
3612 272
3613 291
3614 274
3615 283
3616 279
3617 273
3618 278
3619 309
3620 247
3621 271
3622 271
3623 262
3624 296
3625 234
3626 246
3627 243
3628 289
3629 250
3630 249
3631 275
3632 268
3633 302
3634 285
3635 261
3636 275
3637 287
3638 273
3639 290
3640 253
3641 277
3642 256
3643 253
3644 252
3645 262
3646 254
3647 279
3648 283
3649 287
3650 244
3651 246
3652 263
3653 273
3654 279
3655 245
3656 281
3657 270
3658 269
3659 271
3660 263
3661 253
3662 245
3663 282
3664 259
3665 264
3666 267
3667 278
3668 278
3669 241
3670 284
3671 259
3672 271
3673 261
3674 247
3675 259
3676 260
3677 259
3678 293
3679 265
3680 258
3681 263
3682 282
3683 271
3684 248
3685 260
3686 264
3687 239
3688 277
3689 276
3690 257
3691 282
3692 277
3693 287
3694 245
3695 232
3696 253
3697 277
3698 256
3699 283
3700 244
3701 267
3702 278
3703 266
3704 243
3705 249
3706 279
3707 245
3708 268
3709 237
3710 239
3711 270
3712 258
3713 250
3714 267
3715 242
3716 257
3717 208
3718 265
3719 271
3720 265
3721 252
3722 266
3723 228
3724 268
3725 234
3726 271
3727 245
3728 278
3729 264
3730 248
3731 230
3732 238
3733 246
3734 256
3735 256
3736 274
3737 233
3738 251
3739 275
3740 247
3741 262
3742 263
3743 257
3744 242
3745 265
3746 278
3747 272
3748 278
3749 257
3750 232
3751 283
3752 246
3753 244
3754 249
3755 268
3756 220
3757 286
3758 256
3759 248
3760 270
3761 250
3762 213
3763 231
3764 231
3765 267
3766 286
3767 230
3768 248
3769 239
3770 229
3771 249
3772 260
3773 263
3774 262
3775 241
3776 241
3777 251
3778 233
3779 229
3780 264
3781 252
3782 256
3783 250
3784 257
3785 228
3786 250
3787 248
3788 243
3789 253
3790 256
3791 240
3792 242
3793 252
3794 228
3795 244
3796 271
3797 220
3798 254
3799 238
3800 248
3801 255
3802 245
3803 229
3804 253
3805 248
3806 232
3807 271
3808 248
3809 236
3810 234
3811 267
3812 216
3813 240
3814 231
3815 233
3816 234
3817 242
3818 270
3819 235
3820 244
3821 231
3822 242
3823 246
3824 251
3825 232
3826 235
3827 277
3828 241
3829 271
3830 257
3831 215
3832 241
3833 223
3834 248
3835 258
3836 254
3837 242
3838 239
3839 230
3840 256
3841 227
3842 264
3843 235
3844 231
3845 265
3846 243
3847 230
3848 269
3849 236
3850 218
3851 260
3852 247
3853 255
3854 217
3855 246
3856 227
3857 247
3858 226
3859 218
3860 243
3861 245
3862 265
3863 228
3864 221
3865 251
3866 219
3867 238
3868 249
3869 213
3870 214
3871 252
3872 257
3873 247
3874 236
3875 233
3876 253
3877 234
3878 226
3879 231
3880 223
3881 243
3882 229
3883 253
3884 234
3885 237
3886 239
3887 248
3888 244
3889 236
3890 226
3891 239
3892 204
3893 243
3894 250
3895 239
3896 231
3897 261
3898 229
3899 227
3900 241
3901 231
3902 227
3903 216
3904 233
3905 230
3906 262
3907 231
3908 237
3909 233
3910 236
3911 241
3912 215
3913 228
3914 250
3915 214
3916 250
3917 245
3918 247
3919 226
3920 221
3921 191
3922 261
3923 236
3924 216
3925 208
3926 237
3927 227
3928 260
3929 240
3930 246
3931 222
3932 253
3933 221
3934 214
3935 234
3936 207
3937 226
3938 244
3939 218
3940 225
3941 257
3942 239
3943 223
3944 221
3945 270
3946 255
3947 229
3948 215
3949 237
3950 235
3951 219
3952 241
3953 234
3954 243
3955 218
3956 222
3957 229
3958 240
3959 242
3960 210
3961 223
3962 244
3963 235
3964 243
3965 238
3966 240
3967 214
3968 239
3969 223
3970 239
3971 219
3972 237
3973 209
3974 218
3975 217
3976 232
3977 202
3978 232
3979 223
3980 223
3981 238
3982 240
3983 237
3984 241
3985 216
3986 188
3987 225
3988 213
3989 261
3990 233
3991 213
3992 231
3993 224
3994 217
3995 212
3996 222
3997 253
3998 230
3999 213
4000 228
4001 239
4002 222
4003 217
4004 222
4005 238
4006 238
4007 215
4008 224
4009 244
4010 225
4011 211
4012 212
4013 232
4014 219
4015 226
4016 190
4017 215
4018 224
4019 199
4020 228
4021 237
4022 226
4023 229
4024 221
4025 197
4026 230
4027 225
4028 240
4029 259
4030 240
4031 234
4032 191
4033 225
4034 209
4035 253
4036 230
4037 234
4038 211
4039 241
4040 243
4041 225
4042 223
4043 241
4044 228
4045 211
4046 209
4047 223
4048 238
4049 211
4050 236
4051 199
4052 217
4053 223
4054 206
4055 224
4056 236
4057 229
4058 237
4059 194
4060 258
4061 183
4062 206
4063 197
4064 248
4065 225
4066 200
4067 194
4068 189
4069 215
4070 213
4071 228
4072 213
4073 219
4074 224
4075 218
4076 213
4077 228
4078 250
4079 226
4080 180
4081 213
4082 208
4083 228
4084 212
4085 212
4086 194
4087 216
4088 205
4089 212
4090 240
4091 193
4092 218
4093 224
4094 213
4095 235
4096 208
4097 224
4098 264
4099 206
4100 223
4101 219
4102 225
4103 216
4104 211
4105 218
4106 220
4107 186
4108 201
4109 214
4110 212
4111 214
4112 213
4113 213
4114 205
4115 223
4116 224
4117 203
4118 196
4119 211
4120 219
4121 216
4122 202
4123 212
4124 226
4125 203
4126 218
4127 207
4128 183
4129 201
4130 212
4131 241
4132 221
4133 200
4134 224
4135 204
4136 204
4137 213
4138 190
4139 213
4140 222
4141 206
4142 225
4143 214
4144 214
4145 204
4146 227
4147 192
4148 213
4149 216
4150 224
4151 190
4152 202
4153 209
4154 185
4155 213
4156 216
4157 218
4158 191
4159 221
4160 242
4161 222
4162 241
4163 209
4164 210
4165 187
4166 226
4167 208
4168 223
4169 211
4170 210
4171 214
4172 210
4173 208
4174 211
4175 219
4176 208
4177 204
4178 206
4179 213
4180 218
4181 217
4182 196
4183 198
4184 194
4185 214
4186 215
4187 206
4188 228
4189 224
4190 181
4191 216
4192 195
4193 194
4194 194
4195 187
4196 200
4197 217
4198 221
4199 207
4200 222
4201 182
4202 232
4203 202
4204 207
4205 204
4206 185
4207 208
4208 223
4209 200
4210 210
4211 193
4212 172
4213 208
4214 195
4215 211
4216 227
4217 191
4218 205
4219 196
4220 175
4221 210
4222 211
4223 201
4224 220
4225 176
4226 235
4227 210
4228 218
4229 208
4230 205
4231 184
4232 184
4233 216
4234 164
4235 196
4236 204
4237 214
4238 185
4239 188
4240 201
4241 211
4242 200
4243 218
4244 181
4245 190
4246 209
4247 182
4248 183
4249 186
4250 208
4251 205
4252 194
4253 199
4254 200
4255 195
4256 193
4257 183
4258 232
4259 214
4260 198
4261 188
4262 196
4263 211
4264 208
4265 197
4266 197
4267 182
4268 217
4269 187
4270 208
4271 213
4272 178
4273 190
4274 188
4275 184
4276 185
4277 202
4278 194
4279 216
4280 211
4281 202
4282 212
4283 202
4284 198
4285 193
4286 226
4287 218
4288 193
4289 202
4290 207
4291 233
4292 208
4293 187
4294 199
4295 220
4296 206
4297 170
4298 197
4299 202
4300 204
4301 187
4302 174
4303 186
4304 209
4305 206
4306 217
4307 214
4308 226
4309 195
4310 184
4311 184
4312 218
4313 188
4314 203
4315 206
4316 188
4317 223
4318 180
4319 174
4320 199
4321 218
4322 199
4323 208
4324 206
4325 172
4326 203
4327 201
4328 182
4329 191
4330 201
4331 196
4332 194
4333 203
4334 216
4335 176
4336 197
4337 164
4338 185
4339 187
4340 206
4341 193
4342 200
4343 208
4344 187
4345 208
4346 189
4347 188
4348 200
4349 195
4350 217
4351 201
4352 205
4353 193
4354 196
4355 194
4356 194
4357 198
4358 159
4359 183
4360 169
4361 186
4362 189
4363 186
4364 203
4365 189
4366 168
4367 217
4368 215
4369 200
4370 198
4371 206
4372 203
4373 188
4374 221
4375 190
4376 172
4377 192
4378 206
4379 194
4380 167
4381 211
4382 187
4383 209
4384 197
4385 166
4386 184
4387 178
4388 181
4389 192
4390 184
4391 199
4392 193
4393 174
4394 187
4395 191
4396 175
4397 205
4398 213
4399 191
4400 179
4401 204
4402 188
4403 187
4404 173
4405 182
4406 181
4407 189
4408 182
4409 217
4410 180
4411 176
4412 190
4413 213
4414 186
4415 196
4416 183
4417 181
4418 192
4419 199
4420 192
4421 191
4422 167
4423 194
4424 171
4425 170
4426 204
4427 183
4428 194
4429 192
4430 185
4431 186
4432 187
4433 160
4434 185
4435 189
4436 178
4437 197
4438 161
4439 182
4440 206
4441 215
4442 186
4443 201
4444 190
4445 188
4446 166
4447 187
4448 167
4449 180
4450 184
4451 208
4452 204
4453 156
4454 199
4455 189
4456 183
4457 178
4458 203
4459 181
4460 180
4461 178
4462 171
4463 162
4464 182
4465 171
4466 187
4467 178
4468 179
4469 190
4470 177
4471 179
4472 185
4473 164
4474 181
4475 185
4476 167
4477 184
4478 173
4479 206
4480 156
4481 169
4482 214
4483 185
4484 170
4485 173
4486 164
4487 163
4488 167
4489 180
4490 184
4491 175
4492 185
4493 166
4494 171
4495 177
4496 175
4497 182
4498 194
4499 190
4500 167
4501 190
4502 178
4503 179
4504 163
4505 173
4506 183
4507 164
4508 190
4509 174
4510 171
4511 172
4512 190
4513 167
4514 182
4515 165
4516 177
4517 170
4518 176
4519 182
4520 190
4521 155
4522 162
4523 177
4524 150
4525 168
4526 168
4527 161
4528 175
4529 156
4530 186
4531 148
4532 181
4533 191
4534 211
4535 171
4536 194
4537 154
4538 191
4539 174
4540 176
4541 179
4542 160
4543 191
4544 141
4545 187
4546 190
4547 161
4548 195
4549 148
4550 191
4551 176
4552 175
4553 190
4554 153
4555 150
4556 165
4557 195
4558 178
4559 160
4560 169
4561 151
4562 168
4563 175
4564 178
4565 172
4566 176
4567 166
4568 182
4569 173
4570 178
4571 171
4572 176
4573 192
4574 172
4575 166
4576 173
4577 177
4578 165
4579 175
4580 188
4581 173
4582 180
4583 161
4584 139
4585 179
4586 182
4587 175
4588 174
4589 150
4590 184
4591 155
4592 182
4593 151
4594 184
4595 179
4596 169
4597 183
4598 157
4599 179
4600 152
4601 170
4602 166
4603 171
4604 164
4605 168
4606 167
4607 167
4608 161
4609 170
4610 167
4611 169
4612 152
4613 179
4614 167
4615 162
4616 148
4617 172
4618 159
4619 145
4620 161
4621 175
4622 158
4623 169
4624 185
4625 164
4626 190
4627 168
4628 180
4629 171
4630 169
4631 157
4632 203
4633 151
4634 182
4635 172
4636 179
4637 140
4638 159
4639 162
4640 164
4641 158
4642 176
4643 186
4644 170
4645 168
4646 176
4647 162
4648 170
4649 170
4650 156
4651 155
4652 150
4653 164
4654 167
4655 178
4656 144
4657 185
4658 178
4659 177
4660 181
4661 172
4662 164
4663 169
4664 145
4665 176
4666 141
4667 157
4668 138
4669 149
4670 155
4671 166
4672 161
4673 163
4674 158
4675 183
4676 169
4677 147
4678 167
4679 167
4680 173
4681 155
4682 145
4683 158
4684 136
4685 173
4686 158
4687 158
4688 177
4689 172
4690 151
4691 139
4692 167
4693 154
4694 148
4695 163
4696 179
4697 142
4698 169
4699 166
4700 145
4701 150
4702 146
4703 159
4704 162
4705 162
4706 155
4707 174
4708 155
4709 167
4710 177
4711 150
4712 160
4713 141
4714 169
4715 162
4716 154
4717 165
4718 163
4719 186
4720 147
4721 143
4722 155
4723 144
4724 162
4725 164
4726 130
4727 155
4728 156
4729 139
4730 159
4731 163
4732 159
4733 147
4734 158
4735 163
4736 181
4737 170
4738 152
4739 165
4740 154
4741 150
4742 162
4743 148
4744 167
4745 141
4746 177
4747 128
4748 170
4749 150
4750 174
4751 153
4752 153
4753 164
4754 164
4755 166
4756 152
4757 173
4758 158
4759 143
4760 157
4761 171
4762 159
4763 192
4764 166
4765 160
4766 150
4767 148
4768 161
4769 152
4770 148
4771 151
4772 161
4773 147
4774 158
4775 166
4776 163
4777 159
4778 156
4779 141
4780 146
4781 176
4782 147
4783 150
4784 131
4785 153
4786 153
4787 155
4788 156
4789 143
4790 159
4791 149
4792 142
4793 145
4794 166
4795 156
4796 166
4797 155
4798 146
4799 162
4800 152
4801 167
4802 138
4803 177
4804 146
4805 152
4806 164
4807 158
4808 171
4809 158
4810 156
4811 160
4812 154
4813 145
4814 130
4815 153
4816 165
4817 162
4818 182
4819 150
4820 150
4821 148
4822 141
4823 159
4824 157
4825 131
4826 156
4827 160
4828 139
4829 121
4830 151
4831 154
4832 116
4833 165
4834 170
4835 147
4836 149
4837 142
4838 148
4839 156
4840 146
4841 147
4842 145
4843 158
4844 146
4845 157
4846 139
4847 168
4848 141
4849 159
4850 167
4851 149
4852 140
4853 131
4854 143
4855 134
4856 141
4857 152
4858 141
4859 114
4860 159
4861 127
4862 131
4863 160
4864 143
4865 144
4866 136
4867 148
4868 146
4869 131
4870 132
4871 162
4872 138
4873 148
4874 161
4875 153
4876 146
4877 141
4878 149
4879 158
4880 145
4881 151
4882 136
4883 142
4884 163
4885 142
4886 126
4887 144
4888 139
4889 163
4890 131
4891 152
4892 142
4893 157
4894 148
4895 154
4896 134
4897 144
4898 133
4899 146
4900 153
4901 146
4902 139
4903 122
4904 132
4905 161
4906 140
4907 143
4908 144
4909 154
4910 143
4911 138
4912 156
4913 154
4914 129
4915 122
4916 188
4917 131
4918 147
4919 125
4920 162
4921 141
4922 126
4923 127
4924 155
4925 141
4926 141
4927 145
4928 137
4929 144
4930 147
4931 150
4932 159
4933 133
4934 142
4935 144
4936 142
4937 142
4938 141
4939 146
4940 138
4941 134
4942 138
4943 153
4944 140
4945 128
4946 126
4947 161
4948 129
4949 143
4950 144
4951 148
4952 140
4953 148
4954 136
4955 150
4956 141
4957 153
4958 112
4959 125
4960 140
4961 130
4962 152
4963 148
4964 139
4965 127
4966 123
4967 142
4968 165
4969 161
4970 128
4971 121
4972 124
4973 114
4974 143
4975 143
4976 159
4977 144
4978 141
4979 123
4980 117
4981 139
4982 130
4983 165
4984 134
4985 123
4986 143
4987 111
4988 153
4989 143
4990 127
4991 142
4992 153
4993 134
4994 138
4995 126
4996 132
4997 125
4998 137
4999 163
5000 133
5001 125
5002 147
5003 121
5004 142
5005 161
5006 114
5007 150
5008 133
5009 131
5010 154
5011 141
5012 123
5013 106
5014 135
5015 124
5016 146
5017 161
5018 128
5019 153
5020 140
5021 116
5022 131
5023 123
5024 159
5025 134
5026 131
5027 144
5028 143
5029 148
5030 159
5031 133
5032 133
5033 117
5034 140
5035 116
5036 129
5037 141
5038 118
5039 142
5040 142
5041 129
5042 147
5043 135
5044 143
5045 133
5046 135
5047 122
5048 136
5049 113
5050 122
5051 150
5052 127
5053 143
5054 125
5055 145
5056 139
5057 144
5058 120
5059 141
5060 143
5061 146
5062 135
5063 155
5064 141
5065 149
5066 142
5067 129
5068 140
5069 122
5070 135
5071 117
5072 135
5073 134
5074 119
5075 138
5076 138
5077 148
5078 144
5079 120
5080 125
5081 134
5082 110
5083 118
5084 133
5085 145
5086 128
5087 125
5088 135
5089 136
5090 135
5091 133
5092 127
5093 127
5094 137
5095 145
5096 115
5097 135
5098 135
5099 119
5100 145
5101 136
5102 106
5103 126
5104 129
5105 155
5106 123
5107 120
5108 114
5109 115
5110 157
5111 143
5112 140
5113 140
5114 155
5115 123
5116 136
5117 127
5118 136
5119 138
5120 136
5121 145
5122 118
5123 124
5124 128
5125 126
5126 144
5127 112
5128 124
5129 143
5130 135
5131 134
5132 145
5133 139
5134 92
5135 146
5136 131
5137 143
5138 118
5139 109
5140 131
5141 103
5142 130
5143 127
5144 117
5145 132
5146 148
5147 129
5148 115
5149 129
5150 138
5151 141
5152 123
5153 140
5154 107
5155 122
5156 121
5157 136
5158 125
5159 119
5160 118
5161 135
5162 119
5163 122
5164 130
5165 130
5166 127
5167 142
5168 116
5169 110
5170 112
5171 130
5172 128
5173 122
5174 127
5175 123
5176 134
5177 105
5178 142
5179 127
5180 148
5181 131
5182 133
5183 108
5184 117
5185 126
5186 124
5187 122
5188 122
5189 136
5190 129
5191 118
5192 137
5193 119
5194 129
5195 104
5196 112
5197 132
5198 122
5199 128
5200 127
5201 129
5202 126
5203 119
5204 115
5205 110
5206 125
5207 110
5208 138
5209 124
5210 126
5211 135
5212 125
5213 116
5214 116
5215 127
5216 131
5217 115
5218 131
5219 128
5220 130
5221 125
5222 140
5223 102
5224 103
5225 144
5226 121
5227 134
5228 113
5229 132
5230 121
5231 118
5232 124
5233 118
5234 134
5235 108
5236 120
5237 120
5238 138
5239 136
5240 118
5241 124
5242 106
5243 120
5244 140
5245 122
5246 116
5247 121
5248 137
5249 119
5250 114
5251 111
5252 108
5253 112
5254 117
5255 102
5256 135
5257 107
5258 131
5259 127
5260 103
5261 142
5262 129
5263 110
5264 120
5265 127
5266 92
5267 124
5268 134
5269 115
5270 129
5271 114
5272 110
5273 133
5274 132
5275 100
5276 110
5277 124
5278 127
5279 114
5280 114
5281 124
5282 115
5283 126
5284 112
5285 148
5286 111
5287 132
5288 126
5289 134
5290 123
5291 121
5292 139
5293 124
5294 127
5295 138
5296 123
5297 133
5298 112
5299 137
5300 119
5301 103
5302 128
5303 145
5304 108
5305 125
5306 106
5307 146
5308 110
5309 116
5310 120
5311 124
5312 126
5313 129
5314 132
5315 127
5316 123
5317 110
5318 121
5319 132
5320 113
5321 118
5322 128
5323 120
5324 126
5325 135
5326 122
5327 117
5328 136
5329 123
5330 114
5331 109
5332 104
5333 102
5334 131
5335 140
5336 128
5337 129
5338 119
5339 112
5340 107
5341 135
5342 126
5343 111
5344 96
5345 111
5346 128
5347 105
5348 109
5349 120
5350 100
5351 110
5352 135
5353 97
5354 136
5355 112
5356 126
5357 135
5358 124
5359 121
5360 112
5361 120
5362 127
5363 106
5364 112
5365 123
5366 116
5367 124
5368 119
5369 109
5370 119
5371 135
5372 121
5373 143
5374 105
5375 116
5376 132
5377 109
5378 134
5379 118
5380 104
5381 134
5382 118
5383 123
5384 112
5385 108
5386 135
5387 126
5388 111
5389 113
5390 111
5391 113
5392 113
5393 134
5394 109
5395 120
5396 116
5397 126
5398 115
5399 105
5400 119
5401 130
5402 124
5403 92
5404 122
5405 127
5406 123
5407 111
5408 131
5409 126
5410 120
5411 118
5412 118
5413 117
5414 130
5415 117
5416 116
5417 134
5418 121
5419 97
5420 109
5421 100
5422 119
5423 127
5424 121
5425 127
5426 124
5427 116
5428 125
5429 103
5430 127
5431 128
5432 113
5433 128
5434 127
5435 119
5436 111
5437 111
5438 120
5439 136
5440 120
5441 114
5442 119
5443 111
5444 116
5445 113
5446 113
5447 113
5448 107
5449 114
5450 134
5451 109
5452 116
5453 115
5454 133
5455 113
5456 119
5457 120
5458 111
5459 113
5460 104
5461 129
5462 111
5463 119
5464 102
5465 130
5466 123
5467 119
5468 115
5469 113
5470 102
5471 135
5472 113
5473 106
5474 115
5475 128
5476 101
5477 107
5478 122
5479 107
5480 103
5481 138
5482 139
5483 87
5484 106
5485 120
5486 146
5487 116
5488 119
5489 122
5490 111
5491 124
5492 111
5493 111
5494 108
5495 120
5496 128
5497 107
5498 121
5499 104
5500 107
5501 119
5502 109
5503 122
5504 131
5505 110
5506 109
5507 122
5508 128
5509 99
5510 127
5511 119
5512 112
5513 119
5514 106
5515 121
5516 112
5517 122
5518 111
5519 133
5520 105
5521 107
5522 97
5523 109
5524 108
5525 112
5526 103
5527 97
5528 134
5529 109
5530 141
5531 97
5532 121
5533 113
5534 123
5535 133
5536 127
5537 111
5538 109
5539 95
5540 140
5541 131
5542 119
5543 128
5544 124
5545 105
5546 118
5547 111
5548 122
5549 101
5550 110
5551 107
5552 117
5553 129
5554 108
5555 111
5556 115
5557 119
5558 102
5559 101
5560 112
5561 105
5562 123
5563 112
5564 118
5565 129
5566 136
5567 126
5568 111
5569 132
5570 92
5571 113
5572 120
5573 118
5574 123
5575 90
5576 122
5577 109
5578 112
5579 95
5580 93
5581 131
5582 101
5583 116
5584 130
5585 118
5586 131
5587 127
5588 99
5589 116
5590 122
5591 112
5592 126
5593 125
5594 104
5595 114
5596 108
5597 135
5598 128
5599 111
5600 104
5601 108
5602 125
5603 108
5604 115
5605 110
5606 102
5607 116
5608 108
5609 107
5610 104
5611 93
5612 107
5613 119
5614 107
5615 131
5616 120
5617 102
5618 115
5619 103
5620 108
5621 116
5622 103
5623 99
5624 109
5625 121
5626 115
5627 138
5628 131
5629 109
5630 102
5631 124
5632 116
5633 115
5634 115
5635 116
5636 117
5637 115
5638 125
5639 131
5640 105
5641 98
5642 125
5643 98
5644 84
5645 111
5646 105
5647 118
5648 111
5649 101
5650 109
5651 104
5652 113
5653 120
5654 120
5655 113
5656 139
5657 124
5658 104
5659 89
5660 118
5661 90
5662 108
5663 127
5664 136
5665 104
5666 112
5667 132
5668 115
5669 117
5670 113
5671 117
5672 115
5673 106
5674 115
5675 119
5676 100
5677 117
5678 109
5679 137
5680 121
5681 107
5682 133
5683 149
5684 113
5685 113
5686 119
5687 129
5688 104
5689 109
5690 129
5691 122
5692 130
5693 116
5694 114
5695 125
5696 116
5697 116
5698 126
5699 106
5700 107
5701 118
5702 102
5703 110
5704 112
5705 122
5706 103
5707 126
5708 113
5709 122
5710 108
5711 101
5712 136
5713 111
5714 106
5715 118
5716 118
5717 125
5718 98
5719 125
5720 117
5721 117
5722 109
5723 105
5724 118
5725 122
5726 105
5727 127
5728 117
5729 126
5730 117
5731 138
5732 120
5733 116
5734 128
5735 127
5736 117
5737 100
5738 97
5739 119
5740 123
5741 100
5742 128
5743 124
5744 116
5745 118
5746 116
5747 97
5748 124
5749 108
5750 103
5751 107
5752 106
5753 111
5754 116
5755 133
5756 96
5757 148
5758 118
5759 107
5760 110
5761 131
5762 119
5763 139
5764 110
5765 111
5766 113
5767 121
5768 106
5769 120
5770 136
5771 121
5772 129
5773 122
5774 109
5775 125
5776 111
5777 124
5778 123
5779 115
5780 112
5781 144
5782 148
5783 113
5784 115
5785 123
5786 130
5787 120
5788 95
5789 94
5790 132
5791 106
5792 133
5793 115
5794 108
5795 127
5796 131
5797 127
5798 131
5799 118
5800 107
5801 113
5802 140
5803 129
5804 124
5805 131
5806 142
5807 124
5808 112
5809 108
5810 102
5811 105
5812 147
5813 116
5814 115
5815 125
5816 115
5817 107
5818 118
5819 121
5820 142
5821 104
5822 138
5823 129
5824 130
5825 119
5826 114
5827 109
5828 121
5829 128
5830 138
5831 124
5832 107
5833 125
5834 122
5835 110
5836 113
5837 106
5838 123
5839 120
5840 128
5841 120
5842 112
5843 119
5844 111
5845 132
5846 108
5847 120
5848 123
5849 135
5850 133
5851 134
5852 121
5853 119
5854 129
5855 126
5856 107
5857 113
5858 126
5859 114
5860 126
5861 115
5862 108
5863 101
5864 113
5865 122
5866 117
5867 143
5868 128
5869 103
5870 118
5871 119
5872 104
5873 125
5874 110
5875 128
5876 128
5877 130
5878 130
5879 114
5880 116
5881 101
5882 117
5883 119
5884 112
5885 121
5886 121
5887 121
5888 109
5889 117
5890 139
5891 119
5892 112
5893 142
5894 133
5895 136
5896 107
5897 124
5898 118
5899 126
5900 120
5901 118
5902 121
5903 127
5904 127
5905 123
5906 111
5907 113
5908 141
5909 122
5910 136
5911 135
5912 127
5913 108
5914 106
5915 99
5916 113
5917 115
5918 132
5919 118
5920 134
5921 122
5922 121
5923 112
5924 123
5925 113
5926 128
5927 135
5928 118
5929 135
5930 136
5931 155
5932 137
5933 144
5934 108
5935 133
5936 135
5937 123
5938 104
5939 128
5940 115
5941 144
5942 126
5943 111
5944 123
5945 131
5946 134
5947 116
5948 116
5949 99
5950 120
5951 128
5952 148
5953 132
5954 133
5955 115
5956 108
5957 126
5958 121
5959 161
5960 117
5961 132
5962 108
5963 127
5964 131
5965 139
5966 138
5967 113
5968 119
5969 110
5970 134
5971 111
5972 138
5973 135
5974 124
5975 124
5976 130
5977 119
5978 119
5979 138
5980 112
5981 126
5982 112
5983 132
5984 112
5985 108
5986 132
5987 142
5988 131
5989 121
5990 124
5991 136
5992 126
5993 148
5994 137
5995 121
5996 134
5997 112
5998 127
5999 143
6000 143
6001 116
6002 141
6003 139
6004 130
6005 134
6006 139
6007 141
6008 135
6009 120
6010 142
6011 138
6012 138
6013 131
6014 125
6015 144
6016 129
6017 129
6018 115
6019 156
6020 123
6021 139
6022 144
6023 146
6024 128
6025 141
6026 114
6027 133
6028 161
6029 140
6030 126
6031 125
6032 127
6033 121
6034 131
6035 133
6036 137
6037 139
6038 116
6039 139
6040 110
6041 116
6042 110
6043 132
6044 132
6045 125
6046 134
6047 129
6048 137
6049 144
6050 143
6051 127
6052 136
6053 129
6054 115
6055 124
6056 135
6057 141
6058 127
6059 133
6060 119
6061 152
6062 123
6063 138
6064 106
6065 133
6066 126
6067 136
6068 138
6069 132
6070 131
6071 149
6072 134
6073 113
6074 148
6075 132
6076 144
6077 139
6078 138
6079 161
6080 149
6081 128
6082 125
6083 137
6084 142
6085 127
6086 129
6087 148
6088 133
6089 167
6090 126
6091 131
6092 126
6093 118
6094 120
6095 124
6096 124
6097 124
6098 123
6099 131
6100 160
6101 140
6102 118
6103 128
6104 123
6105 133
6106 128
6107 125
6108 130
6109 121
6110 127
6111 134
6112 147
6113 143
6114 130
6115 136
6116 127
6117 137
6118 157
6119 131
6120 145
6121 145
6122 141
6123 145
6124 137
6125 129
6126 135
6127 146
6128 158
6129 117
6130 133
6131 130
6132 135
6133 135
6134 109
6135 153
6136 147
6137 146
6138 140
6139 138
6140 139
6141 146
6142 131
6143 120
6144 125
6145 153
6146 142
6147 130
6148 123
6149 118
6150 152
6151 117
6152 157
6153 133
6154 140
6155 133
6156 139
6157 117
6158 134
6159 129
6160 137
6161 158
6162 135
6163 116
6164 150
6165 156
6166 147
6167 137
6168 158
6169 145
6170 135
6171 127
6172 136
6173 149
6174 126
6175 162
6176 147
6177 157
6178 135
6179 130
6180 146
6181 126
6182 141
6183 165
6184 138
6185 139
6186 134
6187 135
6188 130
6189 149
6190 137
6191 148
6192 145
6193 165
6194 139
6195 146
6196 145
6197 140
6198 144
6199 156
6200 154
6201 142
6202 153
6203 153
6204 137
6205 135
6206 128
6207 138
6208 147
6209 152
6210 148
6211 120
6212 153
6213 151
6214 141
6215 144
6216 142
6217 151
6218 152
6219 142
6220 142
6221 141
6222 140
6223 135
6224 128
6225 143
6226 128
6227 149
6228 156
6229 125
6230 157
6231 130
6232 157
6233 127
6234 143
6235 149
6236 154
6237 139
6238 138
6239 127
6240 147
6241 146
6242 165
6243 155
6244 136
6245 144
6246 142
6247 152
6248 139
6249 167
6250 160
6251 159
6252 135
6253 161
6254 151
6255 160
6256 131
6257 149
6258 139
6259 165
6260 153
6261 152
6262 141
6263 151
6264 136
6265 138
6266 159
6267 144
6268 160
6269 162
6270 157
6271 156
6272 160
6273 170
6274 137
6275 143
6276 178
6277 132
6278 150
6279 148
6280 157
6281 158
6282 131
6283 146
6284 156
6285 157
6286 167
6287 156
6288 157
6289 155
6290 151
6291 156
6292 157
6293 136
6294 155
6295 151
6296 150
6297 155
6298 149
6299 148
6300 168
6301 162
6302 153
6303 174
6304 135
6305 141
6306 138
6307 152
6308 169
6309 176
6310 157
6311 161
6312 152
6313 167
6314 154
6315 153
6316 150
6317 159
6318 161
6319 162
6320 147
6321 154
6322 166
6323 168
6324 169
6325 171
6326 148
6327 161
6328 147
6329 169
6330 149
6331 165
6332 156
6333 155
6334 167
6335 166
6336 153
6337 148
6338 171
6339 176
6340 164
6341 164
6342 168
6343 138
6344 156
6345 155
6346 132
6347 159
6348 172
6349 184
6350 167
6351 159
6352 153
6353 157
6354 152
6355 146
6356 156
6357 176
6358 141
6359 179
6360 149
6361 178
6362 157
6363 189
6364 168
6365 176
6366 169
6367 175
6368 154
6369 168
6370 161
6371 159
6372 173
6373 143
6374 150
6375 159
6376 175
6377 156
6378 176
6379 176
6380 172
6381 162
6382 148
6383 155
6384 144
6385 181
6386 172
6387 152
6388 166
6389 155
6390 164
6391 150
6392 155
6393 157
6394 170
6395 151
6396 167
6397 147
6398 160
6399 150
6400 157
6401 172
6402 166
6403 144
6404 150
6405 161
6406 166
6407 148
6408 181
6409 179
6410 141
6411 147
6412 178
6413 159
6414 170
6415 179
6416 151
6417 159
6418 172
6419 177
6420 174
6421 166
6422 138
6423 151
6424 157
6425 158
6426 146
6427 182
6428 181
6429 164
6430 166
6431 167
6432 153
6433 149
6434 162
6435 187
6436 189
6437 150
6438 160
6439 160
6440 151
6441 144
6442 175
6443 155
6444 144
6445 185
6446 160
6447 158
6448 179
6449 164
6450 180
6451 177
6452 175
6453 150
6454 154
6455 210
6456 162
6457 174
6458 149
6459 172
6460 176
6461 157
6462 169
6463 184
6464 144
6465 189
6466 178
6467 185
6468 169
6469 169
6470 158
6471 157
6472 189
6473 162
6474 176
6475 165
6476 145
6477 157
6478 185
6479 194
6480 152
6481 165
6482 174
6483 192
6484 194
6485 166
6486 183
6487 190
6488 169
6489 154
6490 184
6491 177
6492 188
6493 182
6494 172
6495 185
6496 165
6497 167
6498 190
6499 183
6500 169
6501 179
6502 175
6503 177
6504 183
6505 163
6506 160
6507 180
6508 169
6509 201
6510 174
6511 176
6512 159
6513 160
6514 184
6515 195
6516 174
6517 163
6518 168
6519 176
6520 184
6521 170
6522 195
6523 209
6524 218
6525 182
6526 179
6527 170
6528 185
6529 168
6530 182
6531 189
6532 183
6533 229
6534 157
6535 172
6536 177
6537 187
6538 173
6539 174
6540 178
6541 165
6542 168
6543 181
6544 178
6545 185
6546 176
6547 190
6548 176
6549 160
6550 173
6551 188
6552 185
6553 192
6554 160
6555 188
6556 187
6557 177
6558 184
6559 169
6560 181
6561 180
6562 156
6563 173
6564 180
6565 186
6566 177
6567 178
6568 188
6569 166
6570 177
6571 170
6572 203
6573 182
6574 187
6575 184
6576 209
6577 173
6578 194
6579 157
6580 203
6581 193
6582 185
6583 188
6584 199
6585 190
6586 171
6587 144
6588 178
6589 191
6590 185
6591 214
6592 187
6593 156
6594 179
6595 187
6596 205
6597 185
6598 181
6599 185
6600 182
6601 182
6602 161
6603 175
6604 183
6605 185
6606 183
6607 169
6608 218
6609 159
6610 180
6611 197
6612 172
6613 205
6614 182
6615 192
6616 182
6617 203
6618 182
6619 184
6620 183
6621 183
6622 186
6623 208
6624 187
6625 194
6626 170
6627 175
6628 192
6629 194
6630 184
6631 178
6632 194
6633 197
6634 187
6635 193
6636 183
6637 189
6638 191
6639 188
6640 163
6641 181
6642 163
6643 166
6644 195
6645 177
6646 192
6647 224
6648 195
6649 183
6650 188
6651 207
6652 180
6653 173
6654 192
6655 189
6656 206
6657 188
6658 198
6659 207
6660 195
6661 196
6662 181
6663 200
6664 164
6665 177
6666 206
6667 208
6668 189
6669 186
6670 173
6671 200
6672 183
6673 202
6674 196
6675 182
6676 191
6677 207
6678 178
6679 176
6680 219
6681 180
6682 169
6683 180
6684 183
6685 195
6686 203
6687 163
6688 186
6689 180
6690 210
6691 200
6692 174
6693 207
6694 210
6695 209
6696 184
6697 190
6698 178
6699 170
6700 205
6701 190
6702 191
6703 190
6704 217
6705 200
6706 190
6707 188
6708 181
6709 172
6710 195
6711 198
6712 186
6713 191
6714 212
6715 198
6716 196
6717 197
6718 196
6719 161
6720 204
6721 173
6722 198
6723 204
6724 205
6725 199
6726 180
6727 212
6728 208
6729 172
6730 176
6731 183
6732 196
6733 200
6734 187
6735 193
6736 182
6737 195
6738 197
6739 195
6740 182
6741 205
6742 191
6743 187
6744 212
6745 183
6746 189
6747 205
6748 195
6749 169
6750 205
6751 176
6752 174
6753 164
6754 218
6755 187
6756 214
6757 187
6758 194
6759 187
6760 200
6761 198
6762 187
6763 194
6764 181
6765 193
6766 220
6767 192
6768 197
6769 192
6770 182
6771 192
6772 212
6773 195
6774 210
6775 182
6776 177
6777 199
6778 199
6779 205
6780 183
6781 209
6782 212
6783 182
6784 186
6785 197
6786 185
6787 176
6788 185
6789 205
6790 202
6791 194
6792 167
6793 195
6794 182
6795 188
6796 167
6797 191
6798 175
6799 189
6800 192
6801 187
6802 193
6803 190
6804 208
6805 210
6806 220
6807 186
6808 175
6809 186
6810 188
6811 184
6812 180
6813 207
6814 211
6815 189
6816 187
6817 184
6818 200
6819 193
6820 216
6821 203
6822 194
6823 206
6824 178
6825 203
6826 173
6827 191
6828 192
6829 184
6830 187
6831 164
6832 182
6833 207
6834 201
6835 193
6836 212
6837 176
6838 194
6839 207
6840 188
6841 179
6842 194
6843 187
6844 178
6845 179
6846 205
6847 169
6848 184
6849 193
6850 219
6851 186
6852 197
6853 208
6854 197
6855 180
6856 180
6857 170
6858 189
6859 218
6860 206
6861 199
6862 171
6863 192
6864 176
6865 198
6866 187
6867 184
6868 186
6869 198
6870 188
6871 205
6872 207
6873 177
6874 190
6875 212
6876 184
6877 205
6878 188
6879 188
6880 190
6881 179
6882 180
6883 201
6884 174
6885 205
6886 200
6887 176
6888 213
6889 208
6890 185
6891 183
6892 206
6893 194
6894 204
6895 186
6896 198
6897 183
6898 214
6899 169
6900 205
6901 182
6902 192
6903 182
6904 199
6905 173
6906 171
6907 190
6908 216
6909 164
6910 192
6911 199
6912 188
6913 188
6914 205
6915 202
6916 209
6917 189
6918 188
6919 179
6920 179
6921 176
6922 189
6923 188
6924 187
6925 219
6926 203
6927 142
6928 182
6929 190
6930 189
6931 188
6932 201
6933 187
6934 227
6935 189
6936 208
6937 167
6938 206
6939 196
6940 179
6941 175
6942 203
6943 187
6944 178
6945 193
6946 198
6947 164
6948 203
6949 180
6950 179
6951 202
6952 214
6953 167
6954 174
6955 165
6956 184
6957 190
6958 189
6959 187
6960 192
6961 192
6962 194
6963 218
6964 193
6965 170
6966 186
6967 166
6968 188
6969 180
6970 176
6971 185
6972 190
6973 194
6974 211
6975 172
6976 190
6977 190
6978 193
6979 206
6980 184
6981 180
6982 180
6983 200
6984 208
6985 192
6986 168
6987 196
6988 178
6989 188
6990 213
6991 191
6992 177
6993 201
6994 167
6995 198
6996 168
6997 181
6998 172
6999 181
7000 188
7001 194
7002 180
7003 191
7004 174
7005 175
7006 195
7007 181
7008 181
7009 204
7010 174
7011 150
7012 200
7013 163
7014 203
7015 188
7016 170
7017 191
7018 192
7019 186
7020 185
7021 189
7022 167
7023 179
7024 179
7025 183
7026 186
7027 199
7028 191
7029 188
7030 198
7031 191
7032 193
7033 188
7034 176
7035 178
7036 164
7037 163
7038 197
7039 159
7040 194
7041 182
7042 194
7043 193
7044 167
7045 177
7046 184
7047 186
7048 168
7049 165
7050 189
7051 188
7052 184
7053 146
7054 180
7055 169
7056 140
7057 136
7058 171
7059 183
7060 172
7061 178
7062 187
7063 184
7064 175
7065 176
7066 179
7067 154
7068 180
7069 164
7070 163
7071 183
7072 174
7073 155
7074 143
7075 190
7076 191
7077 181
7078 197
7079 192
7080 143
7081 196
7082 174
7083 178
7084 179
7085 177
7086 198
7087 166
7088 169
7089 187
7090 169
7091 183
7092 168
7093 166
7094 149
7095 168
7096 185
7097 190
7098 158
7099 156
7100 194
7101 183
7102 173
7103 176
7104 177
7105 164
7106 166
7107 164
7108 166
7109 181
7110 176
7111 173
7112 165
7113 166
7114 175
7115 147
7116 164
7117 169
7118 184
7119 155
7120 181
7121 161
7122 191
7123 159
7124 163
7125 180
7126 161
7127 168
7128 149
7129 185
7130 165
7131 185
7132 170
7133 182
7134 178
7135 154
7136 158
7137 179
7138 149
7139 192
7140 180
7141 173
7142 163
7143 155
7144 161
7145 185
7146 183
7147 159
7148 182
7149 169
7150 166
7151 173
7152 190
7153 169
7154 146
7155 179
7156 160
7157 157
7158 177
7159 166
7160 161
7161 165
7162 183
7163 164
7164 157
7165 164
7166 166
7167 160
7168 170
7169 148
7170 167
7171 144
7172 162
7173 166
7174 162
7175 164
7176 156
7177 146
7178 184
7179 162
7180 177
7181 167
7182 168
7183 170
7184 169
7185 153
7186 149
7187 165
7188 149
7189 145
7190 176
7191 169
7192 168
7193 157
7194 166
7195 169
7196 146
7197 153
7198 170
7199 202
7200 160
7201 172
7202 162
7203 148
7204 148
7205 180
7206 148
7207 156
7208 159
7209 180
7210 151
7211 164
7212 171
7213 148
7214 167
7215 176
7216 171
7217 156
7218 172
7219 160
7220 163
7221 150
7222 141
7223 167
7224 175
7225 145
7226 164
7227 157
7228 169
7229 166
7230 162
7231 170
7232 152
7233 171
7234 166
7235 183
7236 169
7237 152
7238 159
7239 146
7240 141
7241 172
7242 140
7243 130
7244 156
7245 162
7246 155
7247 158
7248 175
7249 142
7250 162
7251 160
7252 178
7253 158
7254 157
7255 157
7256 147
7257 142
7258 126
7259 157
7260 175
7261 161
7262 152
7263 145
7264 142
7265 151
7266 143
7267 144
7268 171
7269 157
7270 137
7271 151
7272 168
7273 155
7274 137
7275 184
7276 140
7277 141
7278 165
7279 160
7280 143
7281 150
7282 162
7283 152
7284 138
7285 148
7286 153
7287 171
7288 152
7289 143
7290 134
7291 148
7292 146
7293 159
7294 148
7295 124
7296 168
7297 167
7298 152
7299 149
7300 164
7301 175
7302 158
7303 137
7304 165
7305 158
7306 143
7307 127
7308 133
7309 146
7310 159
7311 138
7312 156
7313 154
7314 166
7315 142
7316 141
7317 146
7318 168
7319 172
7320 147
7321 142
7322 162
7323 130
7324 143
7325 153
7326 140
7327 140
7328 164
7329 153
7330 156
7331 154
7332 140
7333 142
7334 157
7335 140
7336 170
7337 146
7338 136
7339 125
7340 143
7341 117
7342 140
7343 144
7344 143
7345 140
7346 141
7347 146
7348 142
7349 119
7350 138
7351 162
7352 179
7353 126
7354 146
7355 149
7356 127
7357 156
7358 153
7359 139
7360 137
7361 139
7362 154
7363 148
7364 145
7365 134
7366 124
7367 156
7368 154
7369 155
7370 136
7371 130
7372 132
7373 164
7374 163
7375 136
7376 143
7377 129
7378 148
7379 136
7380 152
7381 143
7382 157
7383 164
7384 140
7385 140
7386 143
7387 149
7388 124
7389 139
7390 122
7391 166
7392 123
7393 127
7394 142
7395 130
7396 144
7397 135
7398 146
7399 134
7400 132
7401 139
7402 133
7403 137
7404 152
7405 141
7406 158
7407 131
7408 121
7409 149
7410 140
7411 132
7412 124
7413 161
7414 130
7415 138
7416 135
7417 137
7418 143
7419 130
7420 139
7421 147
7422 131
7423 134
7424 124
7425 133
7426 142
7427 126
7428 153
7429 137
7430 130
7431 132
7432 133
7433 118
7434 115
7435 137
7436 135
7437 113
7438 141
7439 162
7440 155
7441 141
7442 122
7443 141
7444 152
7445 153
7446 136
7447 123
7448 135
7449 151
7450 139
7451 143
7452 129
7453 132
7454 149
7455 145
7456 143
7457 139
7458 120
7459 136
7460 126
7461 137
7462 131
7463 129
7464 132
7465 118
7466 148
7467 133
7468 149
7469 119
7470 117
7471 122
7472 147
7473 155
7474 143
7475 134
7476 138
7477 139
7478 138
7479 101
7480 157
7481 129
7482 128
7483 116
7484 138
7485 126
7486 136
7487 128
7488 132
7489 125
7490 149
7491 137
7492 149
7493 142
7494 140
7495 158
7496 121
7497 129
7498 130
7499 126
7500 146
7501 123
7502 112
7503 123
7504 138
7505 135
7506 147
7507 116
7508 112
7509 123
7510 173
7511 134
7512 123
7513 127
7514 110
7515 128
7516 117
7517 127
7518 132
7519 103
7520 122
7521 120
7522 128
7523 125
7524 122
7525 115
7526 130
7527 129
7528 114
7529 126
7530 125
7531 119
7532 141
7533 126
7534 122
7535 121
7536 120
7537 131
7538 122
7539 125
7540 129
7541 128
7542 119
7543 122
7544 118
7545 108
7546 104
7547 122
7548 125
7549 124
7550 133
7551 152
7552 120
7553 139
7554 147
7555 115
7556 118
7557 101
7558 115
7559 134
7560 125
7561 117
7562 109
7563 109
7564 93
7565 128
7566 124
7567 101
7568 114
7569 127
7570 129
7571 109
7572 109
7573 111
7574 111
7575 115
7576 123
7577 118
7578 140
7579 129
7580 117
7581 122
7582 121
7583 104
7584 109
7585 112
7586 104
7587 105
7588 105
7589 118
7590 120
7591 121
7592 125
7593 104
7594 92
7595 109
7596 109
7597 99
7598 118
7599 121
7600 130
7601 124
7602 96
7603 118
7604 102
7605 121
7606 112
7607 108
7608 117
7609 109
7610 124
7611 112
7612 107
7613 119
7614 104
7615 129
7616 104
7617 118
7618 111
7619 132
7620 99
7621 111
7622 110
7623 111
7624 118
7625 116
7626 95
7627 113
7628 111
7629 100
7630 91
7631 127
7632 121
7633 97
7634 102
7635 91
7636 110
7637 123
7638 109
7639 114
7640 109
7641 111
7642 123
7643 119
7644 107
7645 113
7646 112
7647 106
7648 86
7649 124
7650 97
7651 118
7652 120
7653 124
7654 104
7655 98
7656 111
7657 91
7658 132
7659 108
7660 97
7661 115
7662 108
7663 88
7664 107
7665 109
7666 85
7667 101
7668 98
7669 129
7670 97
7671 91
7672 108
7673 93
7674 99
7675 92
7676 118
7677 116
7678 103
7679 98
7680 89
7681 77
7682 107
7683 105
7684 93
7685 114
7686 102
7687 107
7688 107
7689 106
7690 98
7691 123
7692 90
7693 99
7694 100
7695 97
7696 101
7697 101
7698 96
7699 116
7700 102
7701 108
7702 93
7703 83
7704 98
7705 106
7706 107
7707 95
7708 83
7709 120
7710 112
7711 83
7712 95
7713 100
7714 98
7715 84
7716 101
7717 120
7718 93
7719 100
7720 87
7721 104
7722 81
7723 79
7724 100
7725 96
7726 106
7727 92
7728 94
7729 76
7730 100
7731 94
7732 101
7733 87
7734 89
7735 95
7736 92
7737 118
7738 86
7739 96
7740 88
7741 97
7742 90
7743 95
7744 104
7745 95
7746 97
7747 92
7748 98
7749 82
7750 117
7751 86
7752 105
7753 91
7754 87
7755 87
7756 89
7757 97
7758 90
7759 109
7760 108
7761 92
7762 88
7763 101
7764 111
7765 101
7766 103
7767 83
7768 96
7769 84
7770 97
7771 100
7772 73
7773 81
7774 84
7775 81
7776 89
7777 91
7778 102
7779 79
7780 98
7781 89
7782 93
7783 96
7784 84
7785 74
7786 97
7787 91
7788 83
7789 85
7790 87
7791 97
7792 103
7793 89
7794 85
7795 92
7796 101
7797 101
7798 82
7799 89
7800 90
7801 105
7802 87
7803 91
7804 79
7805 87
7806 89
7807 90
7808 110
7809 74
7810 98
7811 94
7812 99
7813 98
7814 85
7815 90
7816 99
7817 101
7818 104
7819 81
7820 91
7821 87
7822 92
7823 100
7824 78
7825 85
7826 95
7827 90
7828 83
7829 100
7830 97
7831 91
7832 83
7833 76
7834 109
7835 84
7836 84
7837 72
7838 91
7839 65
7840 92
7841 69
7842 97
7843 74
7844 77
7845 74
7846 99
7847 91
7848 80
7849 80
7850 76
7851 82
7852 95
7853 86
7854 76
7855 73
7856 78
7857 84
7858 94
7859 73
7860 93
7861 81
7862 71
7863 90
7864 100
7865 83
7866 79
7867 100
7868 74
7869 87
7870 86
7871 83
7872 80
7873 88
7874 69
7875 87
7876 88
7877 82
7878 77
7879 81
7880 82
7881 88
7882 93
7883 98
7884 68
7885 73
7886 90
7887 69
7888 68
7889 85
7890 88
7891 72
7892 84
7893 62
7894 92
7895 74
7896 76
7897 96
7898 88
7899 72
7900 81
7901 78
7902 76
7903 90
7904 77
7905 74
7906 87
7907 97
7908 89
7909 84
7910 89
7911 75
7912 83
7913 85
7914 66
7915 77
7916 74
7917 82
7918 65
7919 86
7920 74
7921 66
7922 86
7923 86
7924 83
7925 77
7926 76
7927 81
7928 84
7929 90
7930 97
7931 73
7932 80
7933 77
7934 66
7935 66
7936 70
7937 76
7938 86
7939 98
7940 80
7941 66
7942 79
7943 72
7944 61
7945 95
7946 105
7947 85
7948 78
7949 61
7950 79
7951 78
7952 71
7953 73
7954 65
7955 79
7956 81
7957 90
7958 74
7959 81
7960 76
7961 63
7962 86
7963 81
7964 71
7965 82
7966 95
7967 77
7968 82
7969 91
7970 81
7971 87
7972 75
7973 71
7974 80
7975 84
7976 63
7977 72
7978 61
7979 66
7980 74
7981 78
7982 62
7983 75
7984 64
7985 83
7986 74
7987 71
7988 62
7989 65
7990 80
7991 69
7992 83
7993 73
7994 66
7995 64
7996 80
7997 79
7998 81
7999 82
8000 59
8001 79
8002 75
8003 65
8004 64
8005 72
8006 78
8007 83
8008 70
8009 66
8010 59
8011 60
8012 65
8013 53
8014 68
8015 61
8016 57
8017 75
8018 71
8019 92
8020 64
8021 67
8022 70
8023 83
8024 77
8025 80
8026 69
8027 77
8028 69
8029 61
8030 70
8031 78
8032 72
8033 57
8034 58
8035 74
8036 56
8037 72
8038 61
8039 72
8040 57
8041 80
8042 62
8043 61
8044 62
8045 75
8046 61
8047 75
8048 78
8049 76
8050 61
8051 87
8052 74
8053 62
8054 56
8055 68
8056 59
8057 63
8058 82
8059 71
8060 60
8061 81
8062 64
8063 77
8064 80
8065 63
8066 76
8067 72
8068 64
8069 66
8070 67
8071 68
8072 73
8073 61
8074 72
8075 64
8076 67
8077 74
8078 79
8079 75
8080 69
8081 58
8082 53
8083 61
8084 56
8085 66
8086 80
8087 72
8088 58
8089 70
8090 78
8091 71
8092 49
8093 56
8094 69
8095 65
8096 69
8097 62
8098 76
8099 69
8100 79
8101 66
8102 77
8103 79
8104 79
8105 77
8106 69
8107 60
8108 62
8109 76
8110 71
8111 63
8112 72
8113 55
8114 71
8115 58
8116 77
8117 46
8118 63
8119 56
8120 70
8121 59
8122 76
8123 67
8124 68
8125 55
8126 70
8127 47
8128 49
8129 67
8130 66
8131 73
8132 57
8133 76
8134 72
8135 77
8136 61
8137 68
8138 73
8139 55
8140 58
8141 69
8142 70
8143 71
8144 71
8145 61
8146 67
8147 55
8148 63
8149 58
8150 60
8151 57
8152 66
8153 60
8154 58
8155 32
8156 52
8157 63
8158 63
8159 69
8160 60
8161 74
8162 63
8163 58
8164 53
8165 61
8166 70
8167 61
8168 67
8169 55
8170 63
8171 61
8172 72
8173 48
8174 63
8175 63
8176 67
8177 82
8178 64
8179 73
8180 55
8181 69
8182 46
8183 66
8184 56
8185 64
8186 59
8187 78
8188 59
8189 63
8190 60
8191 71
8192 66
8193 65
8194 64
8195 53
8196 63
8197 56
8198 68
8199 66
8200 84
8201 69
8202 71
8203 63
8204 72
8205 48
8206 59
8207 47
8208 66
8209 71
8210 66
8211 57
8212 60
8213 62
8214 71
8215 54
8216 60
8217 53
8218 58
8219 64
8220 54
8221 54
8222 71
8223 57
8224 72
8225 59
8226 54
8227 56
8228 74
8229 52
8230 60
8231 86
8232 56
8233 51
8234 73
8235 57
8236 59
8237 63
8238 46
8239 62
8240 58
8241 73
8242 72
8243 54
8244 63
8245 57
8246 62
8247 52
8248 63
8249 61
8250 64
8251 61
8252 61
8253 53
8254 49
8255 52
8256 55
8257 61
8258 67
8259 58
8260 50
8261 49
8262 70
8263 55
8264 61
8265 63
8266 55
8267 32
8268 67
8269 73
8270 52
8271 62
8272 54
8273 46
8274 53
8275 60
8276 69
8277 64
8278 51
8279 64
8280 53
8281 57
8282 43
8283 47
8284 59
8285 60
8286 73
8287 61
8288 62
8289 60
8290 79
8291 51
8292 62
8293 57
8294 60
8295 67
8296 56
8297 48
8298 60
8299 49
8300 49
8301 64
8302 60
8303 59
8304 72
8305 63
8306 51
8307 44
8308 56
8309 51
8310 58
8311 58
8312 47
8313 63
8314 56
8315 61
8316 51
8317 58
8318 55
8319 55
8320 61
8321 60
8322 65
8323 62
8324 58
8325 58
8326 38
8327 48
8328 70
8329 53
8330 61
8331 57
8332 54
8333 61
8334 64
8335 53
8336 57
8337 65
8338 51
8339 51
8340 57
8341 50
8342 75
8343 62
8344 47
8345 54
8346 57
8347 54
8348 54
8349 52
8350 59
8351 48
8352 62
8353 38
8354 38
8355 42
8356 39
8357 44
8358 62
8359 56
8360 64
8361 49
8362 46
8363 55
8364 52
8365 43
8366 56
8367 67
8368 73
8369 77
8370 55
8371 42
8372 66
8373 54
8374 64
8375 73
8376 51
8377 49
8378 49
8379 68
8380 39
8381 52
8382 68
8383 45
8384 55
8385 49
8386 51
8387 45
8388 46
8389 55
8390 47
8391 42
8392 56
8393 66
8394 60
8395 50
8396 45
8397 42
8398 41
8399 56
8400 52
8401 45
8402 64
8403 57
8404 56
8405 53
8406 56
8407 59
8408 47
8409 53
8410 56
8411 56
8412 53
8413 58
8414 51
8415 54
8416 46
8417 46
8418 59
8419 51
8420 50
8421 41
8422 41
8423 63
8424 46
8425 64
8426 51
8427 58
8428 47
8429 51
8430 61
8431 44
8432 59
8433 60
8434 66
8435 50
8436 37
8437 52
8438 53
8439 41
8440 45
8441 49
8442 50
8443 46
8444 49
8445 40
8446 65
8447 49
8448 46
8449 40
8450 51
8451 57
8452 33
8453 60
8454 50
8455 53
8456 43
8457 52
8458 60
8459 51
8460 49
8461 41
8462 43
8463 51
8464 57
8465 55
8466 52
8467 67
8468 41
8469 61
8470 50
8471 44
8472 51
8473 52
8474 45
8475 63
8476 58
8477 40
8478 53
8479 46
8480 63
8481 44
8482 56
8483 51
8484 49
8485 56
8486 48
8487 51
8488 44
8489 42
8490 66
8491 58
8492 48
8493 57
8494 56
8495 49
8496 50
8497 51
8498 49
8499 65
8500 46
8501 43
8502 46
8503 56
8504 53
8505 51
8506 44
8507 46
8508 46
8509 42
8510 53
8511 48
8512 52
8513 51
8514 57
8515 35
8516 49
8517 43
8518 73
8519 53
8520 65
8521 50
8522 57
8523 49
8524 46
8525 56
8526 44
8527 54
8528 43
8529 57
8530 48
8531 52
8532 44
8533 48
8534 58
8535 59
8536 53
8537 37
8538 46
8539 49
8540 51
8541 44
8542 47
8543 49
8544 46
8545 42
8546 37
8547 54
8548 48
8549 48
8550 45
8551 56
8552 42
8553 44
8554 47
8555 45
8556 48
8557 57
8558 49
8559 49
8560 45
8561 46
8562 34
8563 54
8564 39
8565 52
8566 54
8567 41
8568 46
8569 40
8570 51
8571 57
8572 44
8573 36
8574 42
8575 42
8576 52
8577 51
8578 46
8579 47
8580 44
8581 62
8582 50
8583 51
8584 51
8585 52
8586 53
8587 43
8588 50
8589 54
8590 67
8591 66
8592 45
8593 37
8594 56
8595 64
8596 47
8597 45
8598 56
8599 44
8600 51
8601 35
8602 43
8603 39
8604 50
8605 43
8606 43
8607 53
8608 32
8609 49
8610 38
8611 51
8612 52
8613 39
8614 41
8615 46
8616 42
8617 52
8618 43
8619 47
8620 39
8621 49
8622 46
8623 55
8624 53
8625 46
8626 49
8627 41
8628 49
8629 41
8630 35
8631 34
8632 34
8633 45
8634 34
8635 30
8636 43
8637 57
8638 41
8639 50
8640 51
8641 38
8642 40
8643 45
8644 51
8645 51
8646 45
8647 30
8648 38
8649 49
8650 58
8651 45
8652 50
8653 56
8654 44
8655 34
8656 50
8657 40
8658 55
8659 43
8660 46
8661 40
8662 59
8663 30
8664 51
8665 56
8666 54
8667 43
8668 44
8669 35
8670 42
8671 47
8672 34
8673 45
8674 47
8675 47
8676 62
8677 51
8678 54
8679 40
8680 42
8681 40
8682 55
8683 36
8684 40
8685 38
8686 35
8687 46
8688 48
8689 38
8690 37
8691 58
8692 34
8693 49
8694 46
8695 35
8696 46
8697 44
8698 56
8699 48
8700 45
8701 55
8702 56
8703 46
8704 42
8705 40
8706 51
8707 36
8708 47
8709 52
8710 37
8711 37
8712 36
8713 55
8714 50
8715 63
8716 44
8717 40
8718 40
8719 41
8720 48
8721 53
8722 41
8723 48
8724 42
8725 40
8726 56
8727 38
8728 37
8729 49
8730 35
8731 38
8732 48
8733 50
8734 52
8735 52
8736 42
8737 50
8738 51
8739 37
8740 46
8741 37
8742 54
8743 43
8744 45
8745 51
8746 40
8747 47
8748 37
8749 51
8750 42
8751 45
8752 40
8753 54
8754 60
8755 44
8756 47
8757 42
8758 55
8759 44
8760 44
8761 54
8762 46
8763 35
8764 44
8765 51
8766 43
8767 41
8768 42
8769 41
8770 48
8771 37
8772 39
8773 34
8774 43
8775 37
8776 52
8777 50
8778 49
8779 47
8780 39
8781 57
8782 46
8783 32
8784 54
8785 37
8786 50
8787 39
8788 38
8789 36
8790 44
8791 44
8792 45
8793 45
8794 39
8795 36
8796 34
8797 59
8798 31
8799 43
8800 41
8801 33
8802 43
8803 44
8804 35
8805 37
8806 42
8807 40
8808 37
8809 39
8810 45
8811 27
8812 30
8813 39
8814 34
8815 41
8816 38
8817 39
8818 31
8819 45
8820 39
8821 35
8822 41
8823 43
8824 38
8825 37
8826 34
8827 38
8828 42
8829 39
8830 41
8831 33
8832 41
8833 46
8834 39
8835 43
8836 44
8837 42
8838 50
8839 43
8840 42
8841 51
8842 41
8843 43
8844 42
8845 43
8846 39
8847 36
8848 47
8849 47
8850 37
8851 31
8852 49
8853 43
8854 39
8855 38
8856 47
8857 39
8858 36
8859 36
8860 39
8861 41
8862 28
8863 49
8864 40
8865 32
8866 47
8867 43
8868 37
8869 49
8870 38
8871 41
8872 42
8873 37
8874 47
8875 40
8876 32
8877 48
8878 49
8879 43
8880 38
8881 45
8882 43
8883 46
8884 43
8885 32
8886 46
8887 41
8888 33
8889 45
8890 39
8891 33
8892 44
8893 38
8894 45
8895 32
8896 51
8897 26
8898 39
8899 51
8900 33
8901 38
8902 50
8903 29
8904 40
8905 38
8906 32
8907 48
8908 30
8909 36
8910 43
8911 31
8912 37
8913 42
8914 26
8915 51
8916 39
8917 25
8918 36
8919 39
8920 47
8921 34
8922 35
8923 35
8924 54
8925 32
8926 29
8927 46
8928 46
8929 42
8930 36
8931 41
8932 41
8933 31
8934 31
8935 40
8936 47
8937 44
8938 36
8939 37
8940 41
8941 39
8942 37
8943 37
8944 44
8945 33
8946 41
8947 39
8948 47
8949 37
8950 37
8951 32
8952 37
8953 39
8954 48
8955 40
8956 45
8957 43
8958 34
8959 28
8960 29
8961 37
8962 42
8963 35
8964 46
8965 34
8966 55
8967 35
8968 53
8969 29
8970 34
8971 44
8972 36
8973 41
8974 37
8975 41
8976 27
8977 42
8978 37
8979 47
8980 47
8981 32
8982 32
8983 39
8984 31
8985 56
8986 40
8987 35
8988 35
8989 39
8990 33
8991 48
8992 50
8993 50
8994 34
8995 43
8996 37
8997 36
8998 37
8999 36
9000 38
9001 39
9002 40
9003 54
9004 34
9005 37
9006 36
9007 41
9008 35
9009 32
9010 37
9011 35
9012 32
9013 49
9014 41
9015 31
9016 39
9017 42
9018 27
9019 36
9020 38
9021 44
9022 38
9023 42
9024 36
9025 42
9026 46
9027 39
9028 42
9029 49
9030 32
9031 49
9032 50
9033 42
9034 36
9035 30
9036 38
9037 38
9038 37
9039 40
9040 37
9041 39
9042 37
9043 39
9044 38
9045 32
9046 35
9047 37
9048 32
9049 35
9050 36
9051 26
9052 30
9053 37
9054 28
9055 44
9056 43
9057 47
9058 40
9059 41
9060 34
9061 33
9062 38
9063 32
9064 39
9065 41
9066 40
9067 29
9068 42
9069 33
9070 29
9071 33
9072 34
9073 36
9074 23
9075 34
9076 44
9077 34
9078 43
9079 35
9080 41
9081 37
9082 37
9083 30
9084 37
9085 40
9086 41
9087 31
9088 46
9089 37
9090 36
9091 37
9092 46
9093 35
9094 31
9095 26
9096 31
9097 33
9098 29
9099 39
9100 37
9101 46
9102 35
9103 45
9104 42
9105 42
9106 48
9107 49
9108 27
9109 34
9110 27
9111 30
9112 52
9113 33
9114 45
9115 44
9116 24
9117 29
9118 33
9119 34
9120 46
9121 36
9122 37
9123 36
9124 35
9125 34
9126 39
9127 41
9128 35
9129 43
9130 44
9131 49
9132 42
9133 42
9134 32
9135 42
9136 34
9137 39
9138 36
9139 40
9140 29
9141 35
9142 40
9143 38
9144 27
9145 43
9146 39
9147 34
9148 27
9149 40
9150 34
9151 33
9152 32
9153 41
9154 46
9155 28
9156 27
9157 34
9158 47
9159 30
9160 41
9161 36
9162 31
9163 37
9164 46
9165 34
9166 33
9167 34
9168 29
9169 32
9170 30
9171 38
9172 40
9173 27
9174 42
9175 37
9176 33
9177 30
9178 30
9179 32
9180 43
9181 24
9182 41
9183 28
9184 38
9185 32
9186 52
9187 42
9188 42
9189 50
9190 37
9191 36
9192 31
9193 45
9194 38
9195 42
9196 35
9197 43
9198 35
9199 30
9200 27
9201 35
9202 38
9203 43
9204 33
9205 35
9206 24
9207 29
9208 31
9209 28
9210 29
9211 35
9212 38
9213 34
9214 41
9215 36
9216 33
9217 32
9218 32
9219 34
9220 29
9221 37
9222 43
9223 39
9224 37
9225 38
9226 36
9227 32
9228 32
9229 40
9230 36
9231 30
9232 38
9233 39
9234 29
9235 38
9236 24
9237 42
9238 39
9239 40
9240 33
9241 34
9242 30
9243 33
9244 38
9245 35
9246 43
9247 39
9248 33
9249 33
9250 38
9251 43
9252 28
9253 31
9254 46
9255 36
9256 34
9257 30
9258 33
9259 36
9260 44
9261 37
9262 37
9263 37
9264 35
9265 28
9266 33
9267 39
9268 28
9269 41
9270 36
9271 31
9272 31
9273 34
9274 40
9275 31
9276 34
9277 31
9278 33
9279 34
9280 35
9281 39
9282 27
9283 30
9284 44
9285 37
9286 25
9287 31
9288 43
9289 31
9290 35
9291 31
9292 39
9293 20
9294 35
9295 32
9296 47
9297 37
9298 30
9299 30
9300 31
9301 32
9302 45
9303 36
9304 43
9305 38
9306 41
9307 35
9308 36
9309 37
9310 35
9311 38
9312 19
9313 33
9314 31
9315 41
9316 33
9317 38
9318 33
9319 36
9320 35
9321 34
9322 30
9323 44
9324 36
9325 36
9326 35
9327 30
9328 32
9329 31
9330 39
9331 43
9332 36
9333 34
9334 32
9335 32
9336 38
9337 36
9338 32
9339 44
9340 29
9341 38
9342 41
9343 37
9344 35
9345 41
9346 40
9347 42
9348 41
9349 43
9350 31
9351 34
9352 38
9353 37
9354 34
9355 24
9356 44
9357 38
9358 36
9359 30
9360 25
9361 36
9362 36
9363 45
9364 31
9365 42
9366 40
9367 38
9368 46
9369 43
9370 44
9371 36
9372 22
9373 32
9374 35
9375 32
9376 35
9377 29
9378 35
9379 42
9380 36
9381 29
9382 32
9383 33
9384 34
9385 29
9386 32
9387 26
9388 41
9389 30
9390 34
9391 28
9392 29
9393 26
9394 36
9395 37
9396 32
9397 36
9398 31
9399 42
9400 28
9401 34
9402 34
9403 42
9404 33
9405 35
9406 41
9407 37
9408 38
9409 43
9410 43
9411 28
9412 27
9413 19
9414 26
9415 33
9416 38
9417 37
9418 33
9419 30
9420 37
9421 42
9422 28
9423 48
9424 33
9425 33
9426 17
9427 35
9428 36
9429 43
9430 30
9431 33
9432 34
9433 25
9434 29
9435 31
9436 32
9437 34
9438 26
9439 34
9440 31
9441 31
9442 30
9443 33
9444 36
9445 29
9446 48
9447 35
9448 26
9449 32
9450 39
9451 36
9452 34
9453 35
9454 35
9455 24
9456 37
9457 34
9458 38
9459 26
9460 27
9461 39
9462 44
9463 41
9464 32
9465 25
9466 32
9467 39
9468 32
9469 23
9470 39
9471 38
9472 34
9473 31
9474 28
9475 42
9476 22
9477 29
9478 41
9479 43
9480 35
9481 37
9482 45
9483 35
9484 35
9485 33
9486 32
9487 41
9488 25
9489 31
9490 44
9491 36
9492 39
9493 28
9494 30
9495 51
9496 43
9497 33
9498 29
9499 33
9500 30
9501 29
9502 37
9503 38
9504 40
9505 33
9506 24
9507 33
9508 44
9509 38
9510 36
9511 32
9512 29
9513 41
9514 26
9515 43
9516 32
9517 38
9518 36
9519 37
9520 42
9521 33
9522 32
9523 29
9524 30
9525 35
9526 25
9527 34
9528 34
9529 39
9530 32
9531 31
9532 30
9533 36
9534 31
9535 34
9536 32
9537 29
9538 36
9539 39
9540 39
9541 43
9542 33
9543 23
9544 35
9545 37
9546 32
9547 28
9548 27
9549 36
9550 35
9551 34
9552 31
9553 36
9554 29
9555 25
9556 38
9557 30
9558 33
9559 33
9560 37
9561 36
9562 31
9563 30
9564 25
9565 38
9566 20
9567 48
9568 40
9569 35
9570 39
9571 39
9572 41
9573 29
9574 48
9575 32
9576 30
9577 37
9578 29
9579 38
9580 34
9581 34
9582 46
9583 33
9584 43
9585 34
9586 37
9587 32
9588 33
9589 33
9590 38
9591 50
9592 30
9593 31
9594 42
9595 38
9596 36
9597 37
9598 39
9599 25
9600 32
9601 37
9602 32
9603 38
9604 29
9605 34
9606 30
9607 32
9608 31
9609 28
9610 41
9611 34
9612 29
9613 35
9614 36
9615 29
9616 37
9617 41
9618 31
9619 35
9620 28
9621 35
9622 40
9623 41
9624 33
9625 28
9626 33
9627 33
9628 24
9629 34
9630 31
9631 25
9632 40
9633 39
9634 34
9635 33
9636 33
9637 29
9638 28
9639 29
9640 35
9641 38
9642 25
9643 31
9644 45
9645 39
9646 37
9647 37
9648 26
9649 30
9650 28
9651 32
9652 37
9653 32
9654 28
9655 39
9656 45
9657 42
9658 34
9659 24
9660 33
9661 38
9662 33
9663 32
9664 34
9665 35
9666 34
9667 37
9668 34
9669 33
9670 22
9671 42
9672 23
9673 33
9674 32
9675 37
9676 28
9677 34
9678 34
9679 40
9680 23
9681 37
9682 27
9683 38
9684 34
9685 42
9686 35
9687 36
9688 30
9689 25
9690 32
9691 35
9692 42
9693 30
9694 23
9695 27
9696 29
9697 33
9698 27
9699 29
9700 35
9701 42
9702 35
9703 39
9704 37
9705 48
9706 21
9707 40
9708 29
9709 36
9710 33
9711 33
9712 27
9713 34
9714 36
9715 36
9716 37
9717 22
9718 29
9719 38
9720 31
9721 25
9722 23
9723 37
9724 31
9725 34
9726 30
9727 34
9728 24
9729 28
9730 31
9731 19
9732 24
9733 38
9734 31
9735 29
9736 27
9737 15
9738 36
9739 38
9740 36
9741 37
9742 24
9743 30
9744 34
9745 27
9746 38
9747 26
9748 38
9749 28
9750 28
9751 25
9752 27
9753 26
9754 18
9755 27
9756 29
9757 32
9758 30
9759 29
9760 27
9761 33
9762 28
9763 33
9764 38
9765 34
9766 18
9767 38
9768 28
9769 34
9770 37
9771 33
9772 32
9773 28
9774 37
9775 31
9776 45
9777 29
9778 28
9779 29
9780 29
9781 39
9782 33
9783 35
9784 32
9785 35
9786 27
9787 29
9788 29
9789 31
9790 24
9791 36
9792 39
9793 28
9794 38
9795 33
9796 25
9797 28
9798 38
9799 34
9800 35
9801 31
9802 44
9803 25
9804 40
9805 29
9806 27
9807 36
9808 40
9809 21
9810 34
9811 32
9812 36
9813 34
9814 23
9815 23
9816 36
9817 36
9818 31
9819 24
9820 35
9821 33
9822 33
9823 40
9824 27
9825 21
9826 30
9827 32
9828 34
9829 35
9830 40
9831 30
9832 42
9833 31
9834 39
9835 22
9836 30
9837 33
9838 36
9839 35
9840 39
9841 38
9842 34
9843 34
9844 30
9845 32
9846 28
9847 31
9848 25
9849 29
9850 34
9851 30
9852 28
9853 27
9854 39
9855 28
9856 29
9857 34
9858 38
9859 37
9860 28
9861 29
9862 29
9863 36
9864 25
9865 32
9866 22
9867 25
9868 31
9869 27
9870 32
9871 23
9872 30
9873 28
9874 36
9875 33
9876 31
9877 31
9878 32
9879 29
9880 27
9881 36
9882 23
9883 25
9884 38
9885 36
9886 32
9887 31
9888 24
9889 35
9890 30
9891 30
9892 30
9893 36
9894 38
9895 30
9896 28
9897 37
9898 33
9899 28
9900 35
9901 37
9902 32
9903 39
9904 31
9905 51
9906 26
9907 37
9908 37
9909 28
9910 31
9911 32
9912 28
9913 25
9914 36
9915 32
9916 21
9917 26
9918 36
9919 27
9920 27
9921 31
9922 24
9923 39
9924 41
9925 35
9926 29
9927 35
9928 31
9929 34
9930 34
9931 35
9932 26
9933 44
9934 33
9935 36
9936 32
9937 31
9938 36
9939 31
9940 25
9941 34
9942 33
9943 33
9944 40
9945 33
9946 36
9947 31
9948 29
9949 20
9950 35
9951 33
9952 31
9953 36
9954 33
9955 38
9956 28
9957 28
9958 28
9959 28
9960 33
9961 30
9962 36
9963 31
9964 29
9965 25
9966 35
9967 25
9968 32
9969 36
9970 27
9971 26
9972 33
9973 31
9974 30
9975 23
9976 28
9977 30
9978 38
9979 33
9980 28
9981 35
9982 48
9983 32
9984 34
9985 37
9986 37
9987 34
9988 35
9989 37
9990 33
9991 32
9992 27
9993 30
9994 24
9995 25
9996 43
9997 38
9998 31
9999 30
10000 31
10001 237928
