2 126881598
3 71374886
4 39060224
5 21779282
6 12682718
7 7810390
8 5144064
9 3696404
10 2954178
11 2638032
12 2587067
13 2693783
14 2891615
15 3116538
16 3320161
17 3480253
18 3583045
19 3649031
20 3676559
21 3706205
22 3759171
23 3865843
24 4044292
25 4297635
26 4637419
27 5045717
28 5498959
29 5971906
30 6437548
31 6859413
32 7210342
33 7468729
34 7618650
35 7648707
36 7568442
37 7374338
38 7088588
39 6724475
40 6298555
41 5842460
42 5369570
43 4900173
44 4454708
45 4034229
46 3656275
47 3318620
48 3024642
49 2784521
50 2584587
51 2422015
52 2297650
53 2209184
54 2144333
55 2099155
56 2076345
57 2069291
58 2074772
59 2083392
60 2101999
61 2122684
62 2145902
63 2171045
64 2188884
65 2203812
66 2216053
67 2223220
68 2222737
69 2211523
70 2192634
71 2167046
72 2132320
73 2091729
74 2041929
75 1988738
76 1931835
77 1868237
78 1803210
79 1739872
80 1673674
81 1614881
82 1552831
83 1496967
84 1445635
85 1396486
86 1350993
87 1310149
88 1272919
89 1242617
90 1215338
91 1191249
92 1170425
93 1152435
94 1136373
95 1122057
96 1110304
97 1099384
98 1091352
99 1081358
100 1072798
101 1062269
102 1054472
103 1042346
104 1033802
105 1021734
106 1009076
107 992510
108 980035
109 965470
110 949195
111 932204
112 915702
113 899714
114 882620
115 865025
116 848959
117 831883
118 813700
119 798760
120 783375
121 767109
122 754338
123 741043
124 728252
125 714185
126 705221
127 694036
128 684562
129 674204
130 665762
131 656870
132 647964
133 640921
134 632858
135 625785
136 617654
137 610910
138 603577
139 596930
140 590053
141 581924
142 574790
143 568871
144 560269
145 553463
146 547585
147 540069
148 532541
149 525164
150 518079
151 510571
152 503728
153 496985
154 488774
155 482978
156 476196
157 470402
158 463361
159 457661
160 451641
161 445811
162 439672
163 434529
164 428611
165 424569
166 419231
167 415204
168 409781
169 406327
170 401391
171 396027
172 391236
173 388455
174 383251
175 379488
176 375273
177 371539
178 367089
179 362772
180 359255
181 354101
182 350633
183 347599
184 343210
185 339119
186 334930
187 331466
188 327778
189 324099
190 321277
191 317944
192 314572
193 311157
194 307572
195 304466
196 300957
197 297114
198 294417
199 291809
200 288284
201 284967
202 282915
203 279002
204 276764
205 274125
206 271940
207 268921
208 266416
209 262626
210 259634
211 258094
212 256427
213 253973
214 250985
215 247810
216 246474
217 243008
218 241722
219 239404
220 236321
221 234388
222 233064
223 229917
224 228483
225 224785
226 223348
227 221612
228 219162
229 217233
230 214611
231 212704
232 211270
233 209002
234 207345
235 205885
236 202865
237 202109
238 199600
239 198480
240 197108
241 194722
242 193607
243 191095
244 190339
245 187883
246 186793
247 184694
248 183501
249 181752
250 180002
251 178558
252 177084
253 175353
254 174377
255 172139
256 170429
257 169770
258 167952
259 166490
260 164892
261 163226
262 162585
263 161208
264 159626
265 158632
266 157466
267 156282
268 154734
269 153338
270 152834
271 151106
272 150464
273 148449
274 147281
275 146893
276 145393
277 143978
278 142501
279 141153
280 140892
281 139498
282 138167
283 136976
284 136584
285 134428
286 133955
287 132932
288 132286
289 131323
290 130369
291 129553
292 128312
293 127691
294 125959
295 124799
296 123295
297 123605
298 122404
299 121174
300 120454
301 119194
302 118907
303 117899
304 117502
305 116262
306 115498
307 114423
308 113333
309 112977
310 112217
311 111797
312 110970
313 110090
314 109518
315 108284
316 107530
317 106972
318 105822
319 105443
320 105098
321 103841
322 103022
323 102246
324 101795
325 101206
326 100036
327 100076
328 98564
329 97941
330 97515
331 96711
332 96021
333 95393
334 94827
335 94215
336 93515
337 92724
338 91937
339 91761
340 92210
341 90690
342 90090
343 89821
344 88736
345 88541
346 87341
347 86769
348 86486
349 85973
350 85567
351 84780
352 84164
353 84028
354 82832
355 82739
356 81837
357 81992
358 80839
359 80575
360 80225
361 79678
362 78861
363 78343
364 78197
365 77665
366 77010
367 76469
368 75821
369 75483
370 75113
371 74492
372 74288
373 73761
374 73342
375 72332
376 72270
377 71842
378 71791
379 71092
380 70358
381 70153
382 70526
383 69614
384 68885
385 68600
386 67955
387 67785
388 67214
389 66620
390 66704
391 66539
392 65827
393 65434
394 64826
395 64925
396 64264
397 63414
398 63577
399 62399
400 62921
401 62623
402 62132
403 61762
404 61087
405 61401
406 60314
407 60531
408 60147
409 59703
410 59505
411 58927
412 58539
413 57899
414 58073
415 57650
416 57221
417 57150
418 56825
419 55938
420 56190
421 55844
422 55614
423 55234
424 54501
425 54549
426 54209
427 53448
428 53675
429 53127
430 53632
431 52948
432 52306
433 52021
434 51968
435 51750
436 51214
437 51100
438 50652
439 50506
440 50051
441 49789
442 49902
443 49546
444 49187
445 48983
446 48635
447 48702
448 48250
449 48132
450 48216
451 47642
452 47186
453 47000
454 46922
455 46632
456 46254
457 45801
458 45615
459 45940
460 45155
461 45179
462 45038
463 44901
464 44549
465 44118
466 44265
467 43578
468 43784
469 43071
470 43348
471 43340
472 42797
473 42697
474 42138
475 42258
476 41896
477 41972
478 41425
479 40941
480 40832
481 40863
482 40829
483 40915
484 40589
485 39886
486 39895
487 39687
488 39647
489 39458
490 39235
491 38906
492 38841
493 38364
494 38484
495 37695
496 38122
497 38101
498 37676
499 37542
500 37546
501 37196
502 36881
503 36813
504 37000
505 36808
506 36095
507 36389
508 35876
509 36280
510 35661
511 35877
512 35469
513 34842
514 34669
515 34858
516 34398
517 34574
518 34344
519 34268
520 34482
521 33726
522 33742
523 33867
524 33464
525 33487
526 33479
527 33321
528 32841
529 32812
530 32723
531 32783
532 32562
533 32616
534 32349
535 32126
536 31826
537 31425
538 31533
539 31294
540 31160
541 31267
542 30813
543 30784
544 30951
545 30633
546 30282
547 30537
548 30091
549 30417
550 30147
551 29907
552 29922
553 29576
554 29357
555 29222
556 29528
557 29301
558 29065
559 29271
560 29015
561 28541
562 28659
563 28046
564 28378
565 28286
566 27890
567 27707
568 27747
569 27594
570 27493
571 27767
572 27314
573 27236
574 26810
575 26709
576 26919
577 26876
578 26985
579 26545
580 26528
581 26276
582 26104
583 26052
584 26111
585 25889
586 25750
587 25844
588 25496
589 25650
590 25375
591 24924
592 25351
593 25018
594 25113
595 24907
596 24884
597 24835
598 24734
599 24695
600 23984
601 24313
602 24267
603 24262
604 23854
605 23965
606 23713
607 24106
608 23850
609 23816
610 23551
611 23555
612 23415
613 23382
614 23173
615 23079
616 23085
617 23238
618 22716
619 22629
620 22885
621 22673
622 22625
623 22405
624 22433
625 22423
626 22428
627 22066
628 22038
629 21954
630 21814
631 21724
632 21710
633 21811
634 21517
635 21761
636 21369
637 21540
638 21485
639 21189
640 21126
641 21335
642 21058
643 20637
644 20768
645 20978
646 20765
647 20542
648 20547
649 20940
650 20543
651 20362
652 20335
653 20358
654 20059
655 20284
656 20188
657 19638
658 19765
659 20105
660 19837
661 19763
662 19780
663 19429
664 19780
665 19548
666 19431
667 19248
668 19237
669 19300
670 19390
671 19018
672 18999
673 19035
674 18897
675 19104
676 18858
677 18796
678 18796
679 18644
680 18644
681 18666
682 18292
683 18406
684 18398
685 18273
686 18568
687 18309
688 18192
689 18238
690 17911
691 18100
692 18144
693 17791
694 18128
695 17683
696 17845
697 17634
698 17772
699 17463
700 17546
701 17445
702 17492
703 17355
704 17377
705 17411
706 17259
707 17258
708 17386
709 16957
710 16939
711 16948
712 17078
713 16834
714 17046
715 17036
716 16750
717 16643
718 16641
719 16514
720 16560
721 16404
722 16981
723 16563
724 16391
725 16620
726 16166
727 16311
728 16244
729 16354
730 16136
731 15988
732 16132
733 15986
734 16187
735 15897
736 15663
737 15979
738 15813
739 15989
740 15963
741 15977
742 15706
743 15728
744 15533
745 15742
746 15619
747 15459
748 15503
749 15540
750 15361
751 15304
752 15136
753 15454
754 15312
755 15233
756 15222
757 15262
758 15111
759 15038
760 14985
761 15011
762 14823
763 15014
764 14798
765 14911
766 14866
767 14594
768 14766
769 14800
770 14500
771 14765
772 14527
773 14717
774 14453
775 14565
776 14593
777 14506
778 14339
779 14034
780 14514
781 14463
782 14149
783 14388
784 14291
785 13807
786 14213
787 14263
788 14220
789 14077
790 13919
791 13949
792 13905
793 14159
794 13747
795 13650
796 13702
797 13667
798 13769
799 13701
800 13492
801 13739
802 13516
803 13564
804 13388
805 13469
806 13581
807 13276
808 13280
809 13246
810 13351
811 13270
812 13280
813 13251
814 13413
815 13141
816 13153
817 12972
818 13066
819 13142
820 12890
821 13073
822 13035
823 13026
824 12884
825 12928
826 12871
827 12903
828 12609
829 12728
830 12566
831 12613
832 12688
833 12488
834 12664
835 12583
836 12847
837 12475
838 12411
839 12477
840 12455
841 12350
842 12520
843 12210
844 12275
845 12178
846 12256
847 12231
848 12310
849 12175
850 12166
851 12056
852 12183
853 12057
854 12008
855 12056
856 11967
857 12129
858 11924
859 12004
860 11816
861 11801
862 11848
863 11823
864 11779
865 11594
866 11689
867 11844
868 11873
869 11530
870 11446
871 11492
872 11619
873 11793
874 11442
875 11349
876 11600
877 11471
878 11291
879 11353
880 11309
881 11381
882 11074
883 11169
884 11363
885 11097
886 11050
887 10872
888 11200
889 11168
890 11139
891 11055
892 11029
893 10961
894 10853
895 10915
896 10838
897 10739
898 10693
899 10683
900 10700
901 10728
902 10692
903 10729
904 10665
905 10534
906 10323
907 10499
908 10506
909 10648
910 10682
911 10434
912 10486
913 10433
914 10363
915 10348
916 10339
917 10267
918 10244
919 10157
920 10168
921 10126
922 10049
923 10226
924 9990
925 10184
926 9953
927 9934
928 10179
929 9885
930 9817
931 9869
932 9932
933 9872
934 9899
935 9711
936 9745
937 9642
938 9720
939 9794
940 9566
941 9698
942 9573
943 9426
944 9555
945 9736
946 9626
947 9346
948 9526
949 9555
950 9208
951 9254
952 9290
953 9266
954 9184
955 9336
956 9271
957 9041
958 9190
959 9096
960 9263
961 9052
962 9147
963 8943
964 8981
965 9075
966 8917
967 8921
968 8961
969 8811
970 8861
971 9043
972 8931
973 8767
974 8873
975 8706
976 9014
977 8796
978 8589
979 8928
980 8492
981 8698
982 8626
983 8704
984 8453
985 8422
986 8404
987 8570
988 8565
989 8321
990 8536
991 8289
992 8553
993 8235
994 8418
995 8329
996 8370
997 8362
998 8503
999 8352
1000 8056
1001 8252
1002 8193
1003 7873
1004 8222
1005 8153
1006 8113
1007 7913
1008 8012
1009 7976
1010 8024
1011 8101
1012 8026
1013 7947
1014 7901
1015 7914
1016 7859
1017 7694
1018 7789
1019 7787
1020 7690
1021 7644
1022 7786
1023 7653
1024 7799
1025 7557
1026 7596
1027 7551
1028 7658
1029 7509
1030 7582
1031 7601
1032 7451
1033 7357
1034 7398
1035 7610
1036 7524
1037 7229
1038 7374
1039 7502
1040 7387
1041 7457
1042 7338
1043 7295
1044 7185
1045 7283
1046 7275
1047 7170
1048 7179
1049 7250
1050 7168
1051 7180
1052 7096
1053 7081
1054 7106
1055 6971
1056 7123
1057 6952
1058 6982
1059 7056
1060 7132
1061 7046
1062 6903
1063 6874
1064 6694
1065 6996
1066 6833
1067 6900
1068 6837
1069 6810
1070 6954
1071 6726
1072 6799
1073 6799
1074 6739
1075 6635
1076 6724
1077 6671
1078 6814
1079 6718
1080 6528
1081 6596
1082 6631
1083 6543
1084 6510
1085 6634
1086 6523
1087 6422
1088 6487
1089 6434
1090 6197
1091 6474
1092 6506
1093 6385
1094 6423
1095 6338
1096 6381
1097 6300
1098 6348
1099 6397
1100 6351
1101 6344
1102 6145
1103 6182
1104 6279
1105 6303
1106 6195
1107 6146
1108 6175
1109 6226
1110 6081
1111 6068
1112 6025
1113 6147
1114 6112
1115 5907
1116 5990
1117 5964
1118 5929
1119 5927
1120 6022
1121 5930
1122 5944
1123 5851
1124 5979
1125 5969
1126 5938
1127 5843
1128 5849
1129 5854
1130 5723
1131 5763
1132 5698
1133 5858
1134 5976
1135 5669
1136 5889
1137 5720
1138 5740
1139 5632
1140 5673
1141 5746
1142 5778
1143 5651
1144 5577
1145 5667
1146 5560
1147 5642
1148 5584
1149 5665
1150 5517
1151 5460
1152 5482
1153 5512
1154 5385
1155 5586
1156 5619
1157 5526
1158 5442
1159 5349
1160 5619
1161 5418
1162 5456
1163 5192
1164 5227
1165 5345
1166 5296
1167 5367
1168 5502
1169 5387
1170 5386
1171 5259
1172 5215
1173 5293
1174 5150
1175 5272
1176 5161
1177 5187
1178 5174
1179 5237
1180 5229
1181 5200
1182 5298
1183 5145
1184 5170
1185 5221
1186 5111
1187 5175
1188 5085
1189 5016
1190 5138
1191 5083
1192 5078
1193 5062
1194 4923
1195 5003
1196 5122
1197 5056
1198 5062
1199 5058
1200 5008
1201 4873
1202 4964
1203 4999
1204 4926
1205 4920
1206 4921
1207 4939
1208 4877
1209 4785
1210 4855
1211 4888
1212 4876
1213 4886
1214 4809
1215 4781
1216 4783
1217 4730
1218 4772
1219 4722
1220 4855
1221 4718
1222 4856
1223 4871
1224 4732
1225 4766
1226 4849
1227 4708
1228 4659
1229 4735
1230 4757
1231 4689
1232 4735
1233 4745
1234 4754
1235 4565
1236 4659
1237 4681
1238 4662
1239 4598
1240 4651
1241 4588
1242 4522
1243 4456
1244 4546
1245 4572
1246 4427
1247 4563
1248 4568
1249 4550
1250 4417
1251 4450
1252 4551
1253 4649
1254 4417
1255 4575
1256 4347
1257 4473
1258 4448
1259 4443
1260 4349
1261 4407
1262 4435
1263 4341
1264 4369
1265 4347
1266 4307
1267 4305
1268 4369
1269 4392
1270 4368
1271 4298
1272 4355
1273 4366
1274 4136
1275 4229
1276 4202
1277 4253
1278 4218
1279 4365
1280 4192
1281 4290
1282 4303
1283 4210
1284 4287
1285 4330
1286 4302
1287 4260
1288 4120
1289 4243
1290 4060
1291 4162
1292 4092
1293 4120
1294 4234
1295 4197
1296 4073
1297 4197
1298 4003
1299 4162
1300 4121
1301 4074
1302 4054
1303 4120
1304 4069
1305 4151
1306 3960
1307 4035
1308 4120
1309 4122
1310 4004
1311 3992
1312 3976
1313 3941
1314 4015
1315 4009
1316 3987
1317 3995
1318 3957
1319 4025
1320 3877
1321 3838
1322 3989
1323 3863
1324 3846
1325 3782
1326 3844
1327 3885
1328 3945
1329 3791
1330 3864
1331 3935
1332 3988
1333 3913
1334 3836
1335 3972
1336 3844
1337 3836
1338 3855
1339 3688
1340 3807
1341 3828
1342 3744
1343 3843
1344 3802
1345 3826
1346 3766
1347 3748
1348 3790
1349 3773
1350 3809
1351 3670
1352 3645
1353 3731
1354 3754
1355 3648
1356 3668
1357 3722
1358 3719
1359 3646
1360 3721
1361 3670
1362 3686
1363 3664
1364 3610
1365 3643
1366 3623
1367 3776
1368 3589
1369 3680
1370 3617
1371 3522
1372 3611
1373 3653
1374 3580
1375 3627
1376 3532
1377 3572
1378 3598
1379 3609
1380 3608
1381 3475
1382 3539
1383 3600
1384 3573
1385 3624
1386 3512
1387 3464
1388 3569
1389 3511
1390 3407
1391 3429
1392 3531
1393 3569
1394 3586
1395 3446
1396 3452
1397 3630
1398 3355
1399 3487
1400 3448
1401 3484
1402 3430
1403 3442
1404 3384
1405 3445
1406 3436
1407 3296
1408 3458
1409 3410
1410 3359
1411 3456
1412 3378
1413 3344
1414 3374
1415 3375
1416 3430
1417 3347
1418 3308
1419 3249
1420 3260
1421 3235
1422 3348
1423 3298
1424 3309
1425 3440
1426 3254
1427 3234
1428 3172
1429 3301
1430 3274
1431 3300
1432 3237
1433 3251
1434 3287
1435 3289
1436 3192
1437 3188
1438 3237
1439 3294
1440 3102
1441 3128
1442 3199
1443 3174
1444 3203
1445 3169
1446 3272
1447 3139
1448 3183
1449 3192
1450 3171
1451 3099
1452 3109
1453 3229
1454 3162
1455 3019
1456 3123
1457 3044
1458 3105
1459 3042
1460 3243
1461 3047
1462 3088
1463 3162
1464 3154
1465 3025
1466 3014
1467 2997
1468 2958
1469 3089
1470 3022
1471 3062
1472 3036
1473 3068
1474 3066
1475 2904
1476 3086
1477 2992
1478 3011
1479 2921
1480 2954
1481 3019
1482 2986
1483 3034
1484 2947
1485 2890
1486 2888
1487 3000
1488 2997
1489 2914
1490 2963
1491 2897
1492 2965
1493 2939
1494 2832
1495 2923
1496 2816
1497 2859
1498 2819
1499 2798
1500 2915
1501 2985
1502 2849
1503 2799
1504 2814
1505 2818
1506 2885
1507 2833
1508 2960
1509 2713
1510 2809
1511 2911
1512 2871
1513 2791
1514 2777
1515 2808
1516 2731
1517 2917
1518 2780
1519 2802
1520 2874
1521 2810
1522 2750
1523 2728
1524 2829
1525 2692
1526 2680
1527 2694
1528 2809
1529 2755
1530 2694
1531 2636
1532 2557
1533 2745
1534 2766
1535 2710
1536 2716
1537 2834
1538 2693
1539 2707
1540 2700
1541 2609
1542 2661
1543 2663
1544 2572
1545 2612
1546 2630
1547 2721
1548 2624
1549 2785
1550 2735
1551 2701
1552 2547
1553 2579
1554 2507
1555 2620
1556 2487
1557 2714
1558 2606
1559 2534
1560 2576
1561 2569
1562 2582
1563 2620
1564 2517
1565 2530
1566 2660
1567 2599
1568 2555
1569 2515
1570 2555
1571 2497
1572 2598
1573 2509
1574 2469
1575 2623
1576 2500
1577 2619
1578 2537
1579 2550
1580 2601
1581 2525
1582 2566
1583 2493
1584 2459
1585 2457
1586 2570
1587 2509
1588 2441
1589 2524
1590 2436
1591 2481
1592 2554
1593 2494
1594 2509
1595 2527
1596 2431
1597 2477
1598 2403
1599 2408
1600 2425
1601 2463
1602 2353
1603 2409
1604 2477
1605 2399
1606 2375
1607 2408
1608 2362
1609 2451
1610 2404
1611 2411
1612 2408
1613 2383
1614 2329
1615 2389
1616 2409
1617 2353
1618 2323
1619 2362
1620 2374
1621 2396
1622 2355
1623 2374
1624 2277
1625 2352
1626 2362
1627 2336
1628 2231
1629 2299
1630 2407
1631 2250
1632 2338
1633 2351
1634 2233
1635 2346
1636 2255
1637 2263
1638 2387
1639 2210
1640 2286
1641 2300
1642 2344
1643 2293
1644 2226
1645 2248
1646 2271
1647 2300
1648 2212
1649 2286
1650 2305
1651 2183
1652 2168
1653 2247
1654 2268
1655 2177
1656 2198
1657 2256
1658 2238
1659 2182
1660 2245
1661 2199
1662 2188
1663 2118
1664 2129
1665 2215
1666 2123
1667 2326
1668 2246
1669 2185
1670 2159
1671 2270
1672 2107
1673 2183
1674 2202
1675 2148
1676 2064
1677 2202
1678 2124
1679 2173
1680 2135
1681 2149
1682 2077
1683 2060
1684 2075
1685 2108
1686 2114
1687 2107
1688 2136
1689 2142
1690 2146
1691 2128
1692 2036
1693 2123
1694 2180
1695 2114
1696 2121
1697 2013
1698 2114
1699 2039
1700 2051
1701 2124
1702 2034
1703 2098
1704 2064
1705 1998
1706 2092
1707 2054
1708 2011
1709 2089
1710 1988
1711 2005
1712 2065
1713 2090
1714 2046
1715 1967
1716 2018
1717 2012
1718 2062
1719 2079
1720 2043
1721 1980
1722 2034
1723 1996
1724 1968
1725 1977
1726 2068
1727 1984
1728 2026
1729 2031
1730 1937
1731 2010
1732 1931
1733 1897
1734 1965
1735 1967
1736 2049
1737 2017
1738 1973
1739 1944
1740 1964
1741 1981
1742 1866
1743 1924
1744 1946
1745 1889
1746 1944
1747 1947
1748 1977
1749 1972
1750 1950
1751 1978
1752 1925
1753 1859
1754 1909
1755 1904
1756 1889
1757 1880
1758 1975
1759 1906
1760 1898
1761 1923
1762 1895
1763 1876
1764 1910
1765 1893
1766 1867
1767 1824
1768 1895
1769 1881
1770 1857
1771 1826
1772 1846
1773 1897
1774 1978
1775 1921
1776 1918
1777 1810
1778 1898
1779 1842
1780 1805
1781 1873
1782 1795
1783 1879
1784 1848
1785 1811
1786 1819
1787 1858
1788 1824
1789 1828
1790 1785
1791 1790
1792 1742
1793 1817
1794 1803
1795 1855
1796 1813
1797 1866
1798 1774
1799 1841
1800 1767
1801 1822
1802 1692
1803 1752
1804 1800
1805 1867
1806 1741
1807 1807
1808 1728
1809 1811
1810 1719
1811 1718
1812 1732
1813 1793
1814 1739
1815 1753
1816 1795
1817 1834
1818 1712
1819 1736
1820 1708
1821 1691
1822 1659
1823 1818
1824 1763
1825 1703
1826 1708
1827 1715
1828 1769
1829 1725
1830 1751
1831 1715
1832 1686
1833 1683
1834 1610
1835 1689
1836 1629
1837 1673
1838 1663
1839 1676
1840 1697
1841 1679
1842 1697
1843 1663
1844 1703
1845 1747
1846 1653
1847 1698
1848 1676
1849 1681
1850 1644
1851 1611
1852 1664
1853 1671
1854 1600
1855 1619
1856 1637
1857 1631
1858 1643
1859 1699
1860 1626
1861 1689
1862 1668
1863 1633
1864 1649
1865 1649
1866 1593
1867 1648
1868 1658
1869 1501
1870 1544
1871 1579
1872 1653
1873 1504
1874 1610
1875 1560
1876 1589
1877 1592
1878 1574
1879 1574
1880 1543
1881 1586
1882 1630
1883 1568
1884 1623
1885 1588
1886 1622
1887 1577
1888 1566
1889 1557
1890 1551
1891 1595
1892 1614
1893 1600
1894 1574
1895 1621
1896 1612
1897 1621
1898 1591
1899 1517
1900 1517
1901 1609
1902 1465
1903 1522
1904 1535
1905 1561
1906 1509
1907 1556
1908 1500
1909 1561
1910 1516
1911 1490
1912 1499
1913 1548
1914 1556
1915 1472
1916 1514
1917 1528
1918 1511
1919 1521
1920 1463
1921 1489
1922 1521
1923 1493
1924 1479
1925 1467
1926 1527
1927 1589
1928 1532
1929 1483
1930 1502
1931 1428
1932 1488
1933 1485
1934 1487
1935 1444
1936 1489
1937 1491
1938 1492
1939 1362
1940 1456
1941 1474
1942 1443
1943 1442
1944 1427
1945 1499
1946 1440
1947 1490
1948 1486
1949 1362
1950 1486
1951 1474
1952 1441
1953 1437
1954 1395
1955 1496
1956 1401
1957 1328
1958 1474
1959 1463
1960 1433
1961 1433
1962 1485
1963 1405
1964 1403
1965 1424
1966 1411
1967 1407
1968 1459
1969 1392
1970 1436
1971 1406
1972 1385
1973 1420
1974 1384
1975 1480
1976 1391
1977 1394
1978 1491
1979 1345
1980 1362
1981 1382
1982 1408
1983 1405
1984 1424
1985 1405
1986 1382
1987 1361
1988 1393
1989 1388
1990 1366
1991 1407
1992 1382
1993 1364
1994 1370
1995 1372
1996 1332
1997 1326
1998 1385
1999 1355
2000 1372
2001 1379
2002 1388
2003 1339
2004 1420
2005 1281
2006 1355
2007 1390
2008 1326
2009 1305
2010 1333
2011 1351
2012 1382
2013 1312
2014 1332
2015 1323
2016 1298
2017 1354
2018 1258
2019 1304
2020 1330
2021 1347
2022 1263
2023 1296
2024 1309
2025 1276
2026 1309
2027 1276
2028 1324
2029 1329
2030 1326
2031 1264
2032 1309
2033 1278
2034 1307
2035 1281
2036 1279
2037 1322
2038 1300
2039 1353
2040 1284
2041 1287
2042 1236
2043 1292
2044 1193
2045 1303
2046 1267
2047 1254
2048 1254
2049 1252
2050 1323
2051 1283
2052 1209
2053 1272
2054 1226
2055 1264
2056 1278
2057 1286
2058 1222
2059 1285
2060 1306
2061 1264
2062 1258
2063 1278
2064 1243
2065 1310
2066 1315
2067 1303
2068 1248
2069 1260
2070 1239
2071 1275
2072 1231
2073 1211
2074 1252
2075 1262
2076 1288
2077 1256
2078 1177
2079 1233
2080 1271
2081 1209
2082 1213
2083 1238
2084 1227
2085 1236
2086 1256
2087 1256
2088 1190
2089 1277
2090 1198
2091 1211
2092 1191
2093 1260
2094 1198
2095 1219
2096 1213
2097 1181
2098 1166
2099 1177
2100 1184
2101 1204
2102 1168
2103 1155
2104 1129
2105 1280
2106 1185
2107 1272
2108 1156
2109 1200
2110 1152
2111 1192
2112 1168
2113 1168
2114 1210
2115 1170
2116 1184
2117 1150
2118 1150
2119 1146
2120 1119
2121 1189
2122 1196
2123 1214
2124 1102
2125 1201
2126 1173
2127 1160
2128 1171
2129 1086
2130 1185
2131 1119
2132 1131
2133 1134
2134 1183
2135 1157
2136 1142
2137 1153
2138 1192
2139 1090
2140 1122
2141 1135
2142 1172
2143 1168
2144 1150
2145 1136
2146 1143
2147 1113
2148 1133
2149 1156
2150 1171
2151 1124
2152 1115
2153 1101
2154 1184
2155 1204
2156 1165
2157 1148
2158 1120
2159 1123
2160 1137
2161 1056
2162 1122
2163 1157
2164 1113
2165 1156
2166 1113
2167 1118
2168 1085
2169 1129
2170 1120
2171 1128
2172 1134
2173 1124
2174 1111
2175 1167
2176 1154
2177 1128
2178 1077
2179 1126
2180 1096
2181 1096
2182 1082
2183 1073
2184 1114
2185 1058
2186 1083
2187 1114
2188 1105
2189 1019
2190 1078
2191 1050
2192 1022
2193 1099
2194 1055
2195 1060
2196 1077
2197 992
2198 1152
2199 1053
2200 1078
2201 1097
2202 1142
2203 1115
2204 1077
2205 1055
2206 1151
2207 1055
2208 1087
2209 1114
2210 1106
2211 1089
2212 1039
2213 1069
2214 1042
2215 1033
2216 1070
2217 1083
2218 1047
2219 1096
2220 1040
2221 1053
2222 1020
2223 1042
2224 1024
2225 1172
2226 1100
2227 1057
2228 1039
2229 1045
2230 1042
2231 1035
2232 1029
2233 1019
2234 1004
2235 1065
2236 1008
2237 1045
2238 1024
2239 981
2240 1030
2241 1007
2242 1006
2243 1022
2244 1042
2245 982
2246 1015
2247 989
2248 1002
2249 953
2250 998
2251 1030
2252 1004
2253 1039
2254 1025
2255 1034
2256 969
2257 999
2258 1024
2259 992
2260 1022
2261 1006
2262 1028
2263 937
2264 1059
2265 1002
2266 967
2267 1025
2268 1043
2269 1026
2270 945
2271 1078
2272 1019
2273 1008
2274 1045
2275 996
2276 933
2277 969
2278 947
2279 970
2280 980
2281 1050
2282 1011
2283 1024
2284 982
2285 1010
2286 984
2287 968
2288 1018
2289 944
2290 978
2291 1056
2292 978
2293 965
2294 1006
2295 1019
2296 1033
2297 961
2298 1039
2299 927
2300 974
2301 991
2302 948
2303 976
2304 1010
2305 1005
2306 969
2307 983
2308 979
2309 979
2310 944
2311 919
2312 949
2313 924
2314 985
2315 957
2316 971
2317 939
2318 961
2319 955
2320 937
2321 968
2322 942
2323 963
2324 946
2325 940
2326 970
2327 1029
2328 964
2329 937
2330 935
2331 993
2332 901
2333 901
2334 990
2335 922
2336 951
2337 924
2338 925
2339 889
2340 1001
2341 904
2342 942
2343 888
2344 905
2345 896
2346 896
2347 915
2348 953
2349 986
2350 930
2351 948
2352 908
2353 938
2354 886
2355 950
2356 952
2357 955
2358 892
2359 887
2360 908
2361 922
2362 964
2363 907
2364 875
2365 898
2366 904
2367 882
2368 894
2369 985
2370 865
2371 926
2372 840
2373 895
2374 910
2375 936
2376 883
2377 874
2378 915
2379 912
2380 853
2381 884
2382 901
2383 956
2384 934
2385 885
2386 815
2387 901
2388 912
2389 887
2390 861
2391 891
2392 912
2393 898
2394 956
2395 839
2396 941
2397 874
2398 850
2399 871
2400 900
2401 881
2402 875
2403 851
2404 912
2405 883
2406 908
2407 836
2408 864
2409 858
2410 867
2411 869
2412 910
2413 811
2414 899
2415 862
2416 888
2417 887
2418 871
2419 855
2420 916
2421 895
2422 879
2423 892
2424 885
2425 808
2426 880
2427 891
2428 821
2429 902
2430 860
2431 899
2432 807
2433 871
2434 870
2435 798
2436 797
2437 824
2438 836
2439 892
2440 806
2441 811
2442 814
2443 856
2444 824
2445 846
2446 831
2447 831
2448 826
2449 808
2450 905
2451 835
2452 784
2453 856
2454 790
2455 807
2456 805
2457 828
2458 855
2459 827
2460 830
2461 832
2462 852
2463 867
2464 851
2465 791
2466 839
2467 872
2468 861
2469 835
2470 825
2471 874
2472 809
2473 822
2474 848
2475 824
2476 826
2477 815
2478 881
2479 838
2480 813
2481 820
2482 801
2483 779
2484 792
2485 838
2486 809
2487 850
2488 833
2489 885
2490 843
2491 811
2492 839
2493 851
2494 830
2495 807
2496 861
2497 804
2498 800
2499 798
2500 805
2501 846
2502 843
2503 796
2504 787
2505 758
2506 805
2507 877
2508 766
2509 797
2510 820
2511 724
2512 847
2513 787
2514 726
2515 787
2516 740
2517 773
2518 759
2519 790
2520 758
2521 755
2522 804
2523 803
2524 826
2525 789
2526 770
2527 767
2528 769
2529 750
2530 755
2531 762
2532 779
2533 763
2534 819
2535 769
2536 771
2537 747
2538 775
2539 700
2540 819
2541 792
2542 816
2543 801
2544 783
2545 772
2546 808
2547 759
2548 770
2549 722
2550 733
2551 732
2552 799
2553 742
2554 786
2555 840
2556 714
2557 779
2558 755
2559 757
2560 764
2561 768
2562 769
2563 799
2564 715
2565 732
2566 755
2567 784
2568 790
2569 745
2570 806
2571 791
2572 757
2573 767
2574 735
2575 760
2576 805
2577 689
2578 751
2579 718
2580 725
2581 752
2582 785
2583 766
2584 740
2585 704
2586 750
2587 769
2588 747
2589 731
2590 763
2591 760
2592 710
2593 758
2594 716
2595 728
2596 706
2597 688
2598 723
2599 806
2600 739
2601 721
2602 707
2603 712
2604 688
2605 734
2606 725
2607 696
2608 741
2609 730
2610 684
2611 711
2612 783
2613 699
2614 711
2615 760
2616 770
2617 700
2618 707
2619 748
2620 724
2621 701
2622 733
2623 727
2624 751
2625 744
2626 728
2627 703
2628 736
2629 707
2630 770
2631 703
2632 765
2633 731
2634 706
2635 738
2636 707
2637 727
2638 740
2639 746
2640 748
2641 675
2642 679
2643 707
2644 721
2645 713
2646 654
2647 720
2648 712
2649 686
2650 733
2651 662
2652 725
2653 718
2654 715
2655 688
2656 704
2657 740
2658 674
2659 746
2660 703
2661 691
2662 721
2663 647
2664 713
2665 672
2666 694
2667 684
2668 675
2669 680
2670 688
2671 705
2672 722
2673 653
2674 681
2675 693
2676 685
2677 707
2678 661
2679 691
2680 689
2681 670
2682 670
2683 722
2684 718
2685 708
2686 691
2687 742
2688 724
2689 677
2690 698
2691 678
2692 717
2693 687
2694 702
2695 669
2696 677
2697 634
2698 677
2699 624
2700 649
2701 645
2702 671
2703 672
2704 645
2705 657
2706 692
2707 669
2708 681
2709 717
2710 677
2711 667
2712 669
2713 667
2714 690
2715 660
2716 673
2717 646
2718 682
2719 712
2720 668
2721 677
2722 683
2723 667
2724 652
2725 671
2726 638
2727 669
2728 653
2729 653
2730 643
2731 664
2732 653
2733 651
2734 625
2735 669
2736 644
2737 655
2738 645
2739 640
2740 639
2741 675
2742 612
2743 662
2744 666
2745 645
2746 624
2747 619
2748 647
2749 614
2750 651
2751 686
2752 652
2753 649
2754 642
2755 621
2756 658
2757 656
2758 628
2759 621
2760 644
2761 668
2762 627
2763 606
2764 672
2765 668
2766 632
2767 595
2768 622
2769 632
2770 623
2771 657
2772 641
2773 654
2774 644
2775 625
2776 588
2777 657
2778 619
2779 627
2780 638
2781 658
2782 689
2783 619
2784 622
2785 624
2786 628
2787 578
2788 667
2789 599
2790 590
2791 633
2792 668
2793 625
2794 629
2795 691
2796 631
2797 649
2798 610
2799 623
2800 607
2801 616
2802 631
2803 651
2804 630
2805 612
2806 653
2807 635
2808 638
2809 640
2810 619
2811 629
2812 625
2813 676
2814 637
2815 593
2816 632
2817 593
2818 589
2819 639
2820 581
2821 592
2822 564
2823 597
2824 626
2825 608
2826 621
2827 641
2828 607
2829 595
2830 610
2831 614
2832 603
2833 648
2834 597
2835 630
2836 610
2837 592
2838 566
2839 603
2840 609
2841 598
2842 591
2843 584
2844 588
2845 575
2846 589
2847 608
2848 593
2849 612
2850 634
2851 619
2852 571
2853 596
2854 636
2855 591
2856 609
2857 577
2858 591
2859 649
2860 535
2861 586
2862 609
2863 610
2864 591
2865 599
2866 569
2867 640
2868 553
2869 598
2870 577
2871 600
2872 612
2873 560
2874 574
2875 602
2876 618
2877 581
2878 594
2879 596
2880 525
2881 592
2882 612
2883 614
2884 564
2885 578
2886 581
2887 580
2888 585
2889 603
2890 530
2891 593
2892 618
2893 625
2894 578
2895 607
2896 568
2897 571
2898 598
2899 562
2900 620
2901 573
2902 556
2903 541
2904 585
2905 562
2906 589
2907 584
2908 611
2909 596
2910 526
2911 580
2912 588
2913 599
2914 585
2915 555
2916 603
2917 589
2918 572
2919 566
2920 608
2921 568
2922 566
2923 576
2924 524
2925 556
2926 548
2927 603
2928 514
2929 599
2930 590
2931 576
2932 563
2933 596
2934 609
2935 537
2936 597
2937 541
2938 576
2939 551
2940 581
2941 545
2942 519
2943 568
2944 581
2945 557
2946 557
2947 529
2948 585
2949 578
2950 565
2951 561
2952 597
2953 602
2954 573
2955 536
2956 574
2957 544
2958 566
2959 546
2960 550
2961 594
2962 533
2963 590
2964 552
2965 540
2966 520
2967 588
2968 565
2969 541
2970 545
2971 590
2972 546
2973 548
2974 574
2975 565
2976 551
2977 604
2978 535
2979 551
2980 562
2981 543
2982 580
2983 548
2984 522
2985 510
2986 568
2987 524
2988 554
2989 591
2990 511
2991 516
2992 524
2993 555
2994 571
2995 540
2996 518
2997 582
2998 540
2999 565
3000 541
3001 561
3002 570
3003 569
3004 570
3005 546
3006 531
3007 529
3008 571
3009 535
3010 525
3011 555
3012 530
3013 567
3014 504
3015 569
3016 557
3017 529
3018 589
3019 562
3020 548
3021 557
3022 496
3023 525
3024 565
3025 533
3026 534
3027 547
3028 535
3029 578
3030 516
3031 574
3032 542
3033 534
3034 534
3035 547
3036 509
3037 539
3038 489
3039 528
3040 539
3041 482
3042 574
3043 538
3044 449
3045 526
3046 513
3047 517
3048 536
3049 493
3050 523
3051 546
3052 525
3053 539
3054 499
3055 519
3056 544
3057 551
3058 534
3059 559
3060 497
3061 514
3062 507
3063 523
3064 538
3065 493
3066 516
3067 481
3068 497
3069 524
3070 495
3071 528
3072 526
3073 532
3074 510
3075 509
3076 518
3077 483
3078 507
3079 519
3080 563
3081 537
3082 518
3083 523
3084 547
3085 457
3086 522
3087 503
3088 516
3089 492
3090 501
3091 553
3092 514
3093 529
3094 522
3095 514
3096 520
3097 462
3098 485
3099 518
3100 556
3101 498
3102 502
3103 507
3104 502
3105 558
3106 512
3107 495
3108 476
3109 474
3110 522
3111 506
3112 502
3113 497
3114 512
3115 481
3116 537
3117 499
3118 455
3119 497
3120 484
3121 505
3122 516
3123 503
3124 503
3125 483
3126 451
3127 495
3128 484
3129 490
3130 475
3131 500
3132 496
3133 471
3134 467
3135 488
3136 476
3137 512
3138 459
3139 502
3140 495
3141 514
3142 443
3143 491
3144 505
3145 504
3146 472
3147 470
3148 512
3149 501
3150 477
3151 495
3152 483
3153 492
3154 458
3155 490
3156 493
3157 446
3158 459
3159 441
3160 486
3161 447
3162 487
3163 482
3164 500
3165 480
3166 513
3167 465
3168 515
3169 474
3170 471
3171 514
3172 471
3173 454
3174 459
3175 498
3176 466
3177 488
3178 501
3179 463
3180 461
3181 475
3182 453
3183 484
3184 460
3185 477
3186 456
3187 465
3188 480
3189 457
3190 500
3191 479
3192 468
3193 476
3194 478
3195 457
3196 498
3197 485
3198 483
3199 440
3200 456
3201 488
3202 465
3203 448
3204 470
3205 499
3206 468
3207 466
3208 452
3209 437
3210 467
3211 454
3212 453
3213 494
3214 460
3215 479
3216 489
3217 440
3218 463
3219 495
3220 475
3221 454
3222 447
3223 461
3224 478
3225 451
3226 444
3227 447
3228 474
3229 473
3230 446
3231 452
3232 489
3233 480
3234 470
3235 441
3236 461
3237 444
3238 469
3239 469
3240 462
3241 435
3242 452
3243 440
3244 445
3245 489
3246 423
3247 469
3248 440
3249 456
3250 490
3251 458
3252 418
3253 462
3254 447
3255 443
3256 444
3257 442
3258 460
3259 501
3260 486
3261 416
3262 452
3263 480
3264 459
3265 483
3266 429
3267 480
3268 420
3269 457
3270 468
3271 442
3272 464
3273 456
3274 441
3275 425
3276 460
3277 417
3278 436
3279 434
3280 432
3281 428
3282 447
3283 429
3284 432
3285 455
3286 454
3287 451
3288 421
3289 437
3290 392
3291 421
3292 465
3293 462
3294 445
3295 446
3296 432
3297 452
3298 454
3299 445
3300 432
3301 427
3302 413
3303 456
3304 434
3305 404
3306 424
3307 443
3308 407
3309 417
3310 427
3311 448
3312 475
3313 458
3314 439
3315 427
3316 420
3317 431
3318 442
3319 435
3320 429
3321 450
3322 454
3323 445
3324 435
3325 422
3326 454
3327 426
3328 454
3329 408
3330 402
3331 443
3332 440
3333 459
3334 399
3335 478
3336 449
3337 457
3338 401
3339 400
3340 434
3341 464
3342 439
3343 415
3344 411
3345 455
3346 420
3347 452
3348 441
3349 407
3350 407
3351 395
3352 397
3353 391
3354 408
3355 431
3356 428
3357 429
3358 390
3359 469
3360 417
3361 450
3362 447
3363 424
3364 416
3365 433
3366 405
3367 374
3368 425
3369 407
3370 431
3371 429
3372 450
3373 415
3374 412
3375 411
3376 398
3377 410
3378 414
3379 427
3380 427
3381 407
3382 416
3383 460
3384 423
3385 419
3386 432
3387 405
3388 431
3389 399
3390 388
3391 409
3392 407
3393 416
3394 439
3395 421
3396 420
3397 454
3398 397
3399 406
3400 412
3401 412
3402 419
3403 393
3404 416
3405 397
3406 425
3407 427
3408 427
3409 436
3410 406
3411 432
3412 392
3413 423
3414 422
3415 416
3416 415
3417 421
3418 374
3419 404
3420 414
3421 402
3422 377
3423 418
3424 390
3425 432
3426 384
3427 409
3428 417
3429 387
3430 410
3431 379
3432 423
3433 401
3434 384
3435 409
3436 387
3437 374
3438 398
3439 434
3440 397
3441 429
3442 384
3443 419
3444 374
3445 434
3446 391
3447 389
3448 396
3449 423
3450 378
3451 386
3452 397
3453 374
3454 389
3455 410
3456 413
3457 388
3458 399
3459 442
3460 404
3461 393
3462 399
3463 384
3464 419
3465 387
3466 383
3467 375
3468 403
3469 406
3470 419
3471 391
3472 372
3473 412
3474 421
3475 388
3476 396
3477 373
3478 347
3479 429
3480 356
3481 372
3482 404
3483 440
3484 374
3485 423
3486 393
3487 415
3488 405
3489 369
3490 410
3491 410
3492 375
3493 425
3494 384
3495 374
3496 376
3497 419
3498 379
3499 372
3500 370
3501 409
3502 403
3503 385
3504 356
3505 393
3506 398
3507 336
3508 397
3509 375
3510 400
3511 385
3512 402
3513 380
3514 392
3515 375
3516 379
3517 395
3518 382
3519 393
3520 374
3521 359
3522 381
3523 408
3524 387
3525 371
3526 407
3527 397
3528 386
3529 386
3530 374
3531 384
3532 383
3533 387
3534 371
3535 387
3536 382
3537 339
3538 374
3539 393
3540 405
3541 369
3542 353
3543 373
3544 399
3545 403
3546 387
3547 376
3548 367
3549 375
3550 357
3551 370
3552 377
3553 388
3554 369
3555 403
3556 381
3557 386
3558 366
3559 384
3560 388
3561 391
3562 402
3563 413
3564 399
3565 360
3566 376
3567 378
3568 382
3569 382
3570 373
3571 338
3572 368
3573 359
3574 360
3575 355
3576 364
3577 334
3578 344
3579 354
3580 344
3581 378
3582 333
3583 377
3584 398
3585 398
3586 362
3587 335
3588 350
3589 332
3590 354
3591 378
3592 378
3593 353
3594 317
3595 368
3596 342
3597 341
3598 377
3599 353
3600 332
3601 356
3602 372
3603 358
3604 349
3605 372
3606 389
3607 350
3608 360
3609 345
3610 361
3611 388
3612 365
3613 359
3614 386
3615 384
3616 364
3617 353
3618 372
3619 368
3620 351
3621 365
3622 369
3623 390
3624 368
3625 349
3626 343
3627 359
3628 347
3629 361
3630 347
3631 362
3632 350
3633 354
3634 362
3635 367
3636 360
3637 363
3638 356
3639 349
3640 359
3641 398
3642 361
3643 367
3644 340
3645 349
3646 345
3647 332
3648 344
3649 340
3650 340
3651 349
3652 338
3653 375
3654 350
3655 328
3656 346
3657 357
3658 351
3659 361
3660 389
3661 371
3662 369
3663 390
3664 345
3665 360
3666 408
3667 400
3668 335
3669 362
3670 357
3671 332
3672 345
3673 358
3674 373
3675 322
3676 366
3677 342
3678 336
3679 373
3680 324
3681 376
3682 338
3683 335
3684 343
3685 322
3686 351
3687 330
3688 373
3689 345
3690 312
3691 335
3692 345
3693 328
3694 325
3695 354
3696 339
3697 350
3698 335
3699 336
3700 341
3701 355
3702 393
3703 344
3704 337
3705 367
3706 330
3707 325
3708 327
3709 390
3710 313
3711 349
3712 319
3713 359
3714 341
3715 332
3716 324
3717 333
3718 339
3719 322
3720 337
3721 345
3722 317
3723 328
3724 354
3725 355
3726 350
3727 329
3728 339
3729 317
3730 322
3731 348
3732 312
3733 365
3734 315
3735 374
3736 340
3737 334
3738 308
3739 335
3740 324
3741 339
3742 344
3743 355
3744 323
3745 316
3746 353
3747 342
3748 344
3749 302
3750 330
3751 327
3752 320
3753 306
3754 338
3755 314
3756 339
3757 338
3758 324
3759 328
3760 330
3761 364
3762 331
3763 316
3764 337
3765 321
3766 303
3767 302
3768 335
3769 313
3770 337
3771 318
3772 335
3773 323
3774 336
3775 308
3776 312
3777 316
3778 336
3779 320
3780 343
3781 311
3782 332
3783 319
3784 336
3785 309
3786 347
3787 349
3788 314
3789 340
3790 331
3791 308
3792 325
3793 346
3794 335
3795 359
3796 311
3797 309
3798 323
3799 336
3800 311
3801 317
3802 334
3803 369
3804 302
3805 324
3806 343
3807 337
3808 308
3809 320
3810 339
3811 315
3812 359
3813 335
3814 340
3815 313
3816 357
3817 312
3818 325
3819 334
3820 322
3821 315
3822 343
3823 336
3824 323
3825 316
3826 292
3827 321
3828 359
3829 301
3830 305
3831 318
3832 321
3833 307
3834 322
3835 329
3836 338
3837 325
3838 344
3839 268
3840 348
3841 307
3842 329
3843 315
3844 320
3845 329
3846 335
3847 294
3848 326
3849 314
3850 307
3851 327
3852 322
3853 305
3854 322
3855 347
3856 341
3857 328
3858 376
3859 330
3860 310
3861 281
3862 299
3863 309
3864 335
3865 319
3866 306
3867 312
3868 313
3869 311
3870 304
3871 280
3872 303
3873 295
3874 335
3875 328
3876 296
3877 283
3878 297
3879 323
3880 306
3881 335
3882 301
3883 292
3884 309
3885 287
3886 271
3887 334
3888 309
3889 300
3890 318
3891 321
3892 284
3893 299
3894 299
3895 306
3896 315
3897 310
3898 316
3899 314
3900 303
3901 323
3902 300
3903 318
3904 295
3905 319
3906 314
3907 260
3908 293
3909 273
3910 311
3911 289
3912 329
3913 322
3914 305
3915 296
3916 282
3917 294
3918 312
3919 295
3920 310
3921 281
3922 291
3923 297
3924 274
3925 324
3926 289
3927 278
3928 314
3929 338
3930 271
3931 299
3932 322
3933 295
3934 287
3935 323
3936 317
3937 264
3938 308
3939 299
3940 321
3941 319
3942 268
3943 261
3944 297
3945 299
3946 286
3947 306
3948 295
3949 281
3950 320
3951 270
3952 322
3953 293
3954 317
3955 298
3956 287
3957 323
3958 241
3959 287
3960 305
3961 312
3962 285
3963 280
3964 294
3965 294
3966 311
3967 285
3968 284
3969 322
3970 273
3971 309
3972 319
3973 266
3974 276
3975 293
3976 313
3977 302
3978 271
3979 295
3980 274
3981 293
3982 301
3983 271
3984 279
3985 325
3986 263
3987 300
3988 304
3989 305
3990 272
3991 309
3992 278
3993 296
3994 283
3995 281
3996 283
3997 270
3998 305
3999 308
4000 274
4001 289
4002 270
4003 299
4004 285
4005 276
4006 280
4007 286
4008 280
4009 269
4010 270
4011 315
4012 296
4013 262
4014 310
4015 293
4016 288
4017 277
4018 280
4019 277
4020 306
4021 293
4022 286
4023 320
4024 274
4025 261
4026 281
4027 289
4028 265
4029 296
4030 278
4031 291
4032 264
4033 290
4034 291
4035 297
4036 288
4037 304
4038 289
4039 289
4040 267
4041 314
4042 274
4043 274
4044 279
4045 289
4046 263
4047 310
4048 266
4049 269
4050 268
4051 295
4052 285
4053 252
4054 277
4055 268
4056 263
4057 277
4058 297
4059 269
4060 252
4061 278
4062 271
4063 267
4064 295
4065 286
4066 279
4067 290
4068 294
4069 283
4070 286
4071 253
4072 288
4073 286
4074 281
4075 249
4076 266
4077 280
4078 278
4079 292
4080 271
4081 312
4082 263
4083 273
4084 273
4085 254
4086 290
4087 299
4088 270
4089 282
4090 292
4091 277
4092 248
4093 286
4094 264
4095 297
4096 281
4097 288
4098 258
4099 287
4100 262
4101 240
4102 267
4103 279
4104 289
4105 292
4106 273
4107 261
4108 278
4109 282
4110 263
4111 274
4112 284
4113 278
4114 272
4115 282
4116 250
4117 279
4118 282
4119 261
4120 287
4121 276
4122 295
4123 266
4124 294
4125 273
4126 266
4127 287
4128 281
4129 260
4130 268
4131 253
4132 303
4133 272
4134 256
4135 288
4136 250
4137 269
4138 246
4139 277
4140 275
4141 265
4142 272
4143 273
4144 271
4145 249
4146 285
4147 278
4148 287
4149 281
4150 269
4151 284
4152 277
4153 268
4154 297
4155 242
4156 271
4157 256
4158 262
4159 284
4160 276
4161 281
4162 260
4163 285
4164 272
4165 268
4166 257
4167 290
4168 254
4169 263
4170 270
4171 253
4172 266
4173 272
4174 264
4175 266
4176 248
4177 261
4178 284
4179 272
4180 259
4181 262
4182 258
4183 276
4184 254
4185 254
4186 284
4187 270
4188 249
4189 273
4190 246
4191 268
4192 268
4193 238
4194 252
4195 269
4196 243
4197 263
4198 269
4199 250
4200 278
4201 262
4202 285
4203 271
4204 258
4205 255
4206 257
4207 238
4208 254
4209 242
4210 265
4211 269
4212 281
4213 247
4214 256
4215 247
4216 244
4217 236
4218 254
4219 278
4220 267
4221 250
4222 260
4223 255
4224 244
4225 267
4226 259
4227 270
4228 261
4229 252
4230 252
4231 242
4232 229
4233 250
4234 224
4235 237
4236 265
4237 250
4238 261
4239 256
4240 245
4241 264
4242 281
4243 259
4244 278
4245 252
4246 259
4247 260
4248 272
4249 273
4250 242
4251 249
4252 231
4253 244
4254 269
4255 268
4256 257
4257 258
4258 285
4259 248
4260 252
4261 252
4262 259
4263 250
4264 268
4265 275
4266 239
4267 246
4268 254
4269 270
4270 230
4271 263
4272 234
4273 251
4274 243
4275 232
4276 272
4277 251
4278 269
4279 268
4280 240
4281 270
4282 250
4283 242
4284 241
4285 251
4286 274
4287 253
4288 246
4289 279
4290 252
4291 252
4292 216
4293 246
4294 260
4295 242
4296 255
4297 238
4298 272
4299 254
4300 234
4301 229
4302 261
4303 253
4304 229
4305 242
4306 230
4307 245
4308 212
4309 224
4310 217
4311 255
4312 210
4313 228
4314 238
4315 280
4316 261
4317 251
4318 233
4319 268
4320 229
4321 241
4322 268
4323 243
4324 254
4325 257
4326 219
4327 293
4328 261
4329 249
4330 259
4331 223
4332 236
4333 236
4334 227
4335 226
4336 214
4337 243
4338 251
4339 264
4340 246
4341 247
4342 265
4343 245
4344 242
4345 232
4346 211
4347 269
4348 227
4349 237
4350 260
4351 247
4352 259
4353 244
4354 233
4355 243
4356 235
4357 244
4358 240
4359 243
4360 248
4361 237
4362 243
4363 261
4364 230
4365 250
4366 245
4367 232
4368 240
4369 247
4370 250
4371 237
4372 258
4373 220
4374 244
4375 253
4376 243
4377 265
4378 232
4379 245
4380 231
4381 232
4382 219
4383 229
4384 261
4385 230
4386 245
4387 226
4388 241
4389 219
4390 210
4391 234
4392 230
4393 253
4394 246
4395 254
4396 238
4397 222
4398 277
4399 236
4400 241
4401 244
4402 201
4403 228
4404 217
4405 264
4406 208
4407 238
4408 217
4409 202
4410 255
4411 255
4412 245
4413 220
4414 192
4415 219
4416 241
4417 244
4418 235
4419 241
4420 221
4421 252
4422 213
4423 228
4424 237
4425 255
4426 260
4427 221
4428 244
4429 245
4430 250
4431 231
4432 232
4433 216
4434 200
4435 220
4436 206
4437 216
4438 192
4439 235
4440 230
4441 225
4442 222
4443 232
4444 240
4445 250
4446 201
4447 236
4448 222
4449 236
4450 227
4451 247
4452 230
4453 227
4454 245
4455 230
4456 238
4457 219
4458 209
4459 232
4460 252
4461 223
4462 239
4463 235
4464 219
4465 234
4466 247
4467 245
4468 232
4469 219
4470 209
4471 217
4472 230
4473 209
4474 217
4475 229
4476 213
4477 238
4478 241
4479 183
4480 233
4481 229
4482 232
4483 235
4484 244
4485 239
4486 233
4487 208
4488 247
4489 229
4490 226
4491 224
4492 228
4493 230
4494 237
4495 235
4496 207
4497 211
4498 236
4499 260
4500 208
4501 214
4502 233
4503 208
4504 216
4505 229
4506 234
4507 196
4508 219
4509 223
4510 214
4511 229
4512 207
4513 240
4514 214
4515 226
4516 221
4517 216
4518 218
4519 217
4520 230
4521 237
4522 221
4523 248
4524 234
4525 204
4526 202
4527 220
4528 215
4529 234
4530 243
4531 226
4532 205
4533 215
4534 221
4535 225
4536 247
4537 210
4538 245
4539 220
4540 216
4541 222
4542 242
4543 210
4544 240
4545 214
4546 219
4547 214
4548 254
4549 212
4550 226
4551 241
4552 208
4553 221
4554 239
4555 229
4556 208
4557 198
4558 222
4559 219
4560 196
4561 228
4562 239
4563 225
4564 202
4565 220
4566 235
4567 204
4568 248
4569 245
4570 221
4571 209
4572 197
4573 232
4574 202
4575 243
4576 215
4577 230
4578 246
4579 200
4580 221
4581 228
4582 211
4583 241
4584 241
4585 215
4586 218
4587 237
4588 224
4589 243
4590 198
4591 245
4592 231
4593 206
4594 241
4595 215
4596 221
4597 216
4598 211
4599 208
4600 206
4601 207
4602 217
4603 212
4604 228
4605 198
4606 190
4607 231
4608 221
4609 230
4610 212
4611 216
4612 248
4613 223
4614 228
4615 226
4616 209
4617 219
4618 228
4619 185
4620 200
4621 187
4622 201
4623 199
4624 215
4625 186
4626 222
4627 205
4628 228
4629 190
4630 214
4631 231
4632 236
4633 207
4634 199
4635 212
4636 225
4637 228
4638 203
4639 232
4640 219
4641 221
4642 199
4643 212
4644 215
4645 205
4646 226
4647 214
4648 197
4649 232
4650 212
4651 214
4652 214
4653 208
4654 199
4655 203
4656 211
4657 209
4658 230
4659 207
4660 220
4661 202
4662 213
4663 215
4664 195
4665 218
4666 196
4667 206
4668 243
4669 226
4670 198
4671 195
4672 227
4673 211
4674 228
4675 227
4676 199
4677 205
4678 219
4679 210
4680 231
4681 217
4682 194
4683 194
4684 196
4685 223
4686 190
4687 207
4688 243
4689 219
4690 230
4691 203
4692 213
4693 185
4694 228
4695 189
4696 200
4697 177
4698 195
4699 210
4700 193
4701 220
4702 212
4703 201
4704 194
4705 194
4706 225
4707 204
4708 190
4709 235
4710 208
4711 211
4712 196
4713 197
4714 198
4715 187
4716 208
4717 184
4718 231
4719 197
4720 188
4721 207
4722 193
4723 200
4724 217
4725 235
4726 197
4727 200
4728 202
4729 211
4730 209
4731 197
4732 198
4733 217
4734 157
4735 221
4736 192
4737 205
4738 222
4739 200
4740 200
4741 179
4742 194
4743 234
4744 189
4745 179
4746 188
4747 191
4748 195
4749 196
4750 227
4751 211
4752 214
4753 198
4754 174
4755 187
4756 186
4757 230
4758 197
4759 211
4760 190
4761 224
4762 192
4763 219
4764 199
4765 200
4766 191
4767 199
4768 202
4769 181
4770 232
4771 207
4772 214
4773 209
4774 223
4775 200
4776 198
4777 198
4778 173
4779 212
4780 203
4781 204
4782 185
4783 206
4784 184
4785 195
4786 209
4787 190
4788 220
4789 178
4790 192
4791 204
4792 205
4793 204
4794 182
4795 219
4796 182
4797 197
4798 193
4799 195
4800 184
4801 231
4802 183
4803 207
4804 193
4805 193
4806 201
4807 194
4808 195
4809 197
4810 198
4811 205
4812 207
4813 200
4814 215
4815 211
4816 229
4817 214
4818 213
4819 181
4820 179
4821 199
4822 187
4823 180
4824 197
4825 208
4826 170
4827 191
4828 198
4829 198
4830 181
4831 221
4832 195
4833 195
4834 203
4835 200
4836 184
4837 219
4838 229
4839 208
4840 206
4841 201
4842 185
4843 177
4844 190
4845 206
4846 200
4847 201
4848 197
4849 189
4850 184
4851 194
4852 175
4853 210
4854 187
4855 227
4856 190
4857 190
4858 198
4859 205
4860 202
4861 190
4862 214
4863 178
4864 204
4865 190
4866 178
4867 180
4868 202
4869 207
4870 203
4871 193
4872 178
4873 174
4874 196
4875 181
4876 183
4877 166
4878 211
4879 186
4880 194
4881 172
4882 195
4883 170
4884 204
4885 203
4886 212
4887 202
4888 205
4889 181
4890 189
4891 181
4892 182
4893 192
4894 205
4895 188
4896 184
4897 188
4898 210
4899 197
4900 199
4901 208
4902 208
4903 183
4904 192
4905 181
4906 195
4907 197
4908 181
4909 204
4910 158
4911 189
4912 189
4913 174
4914 206
4915 196
4916 193
4917 204
4918 177
4919 191
4920 171
4921 209
4922 162
4923 198
4924 179
4925 187
4926 201
4927 189
4928 179
4929 164
4930 190
4931 178
4932 219
4933 195
4934 164
4935 180
4936 215
4937 198
4938 208
4939 209
4940 213
4941 204
4942 182
4943 197
4944 195
4945 212
4946 162
4947 179
4948 182
4949 181
4950 190
4951 177
4952 167
4953 188
4954 179
4955 178
4956 188
4957 192
4958 214
4959 178
4960 195
4961 166
4962 162
4963 161
4964 201
4965 188
4966 209
4967 193
4968 180
4969 181
4970 189
4971 213
4972 202
4973 188
4974 196
4975 170
4976 194
4977 202
4978 173
4979 174
4980 178
4981 186
4982 180
4983 191
4984 168
4985 208
4986 188
4987 196
4988 183
4989 179
4990 183
4991 184
4992 183
4993 174
4994 199
4995 183
4996 190
4997 165
4998 184
4999 189
5000 168
5001 170
5002 188
5003 189
5004 190
5005 210
5006 201
5007 192
5008 215
5009 172
5010 193
5011 203
5012 197
5013 188
5014 183
5015 188
5016 189
5017 180
5018 183
5019 206
5020 165
5021 163
5022 202
5023 166
5024 187
5025 196
5026 171
5027 159
5028 180
5029 168
5030 190
5031 192
5032 181
5033 186
5034 207
5035 163
5036 182
5037 160
5038 190
5039 197
5040 196
5041 178
5042 166
5043 228
5044 175
5045 173
5046 181
5047 182
5048 212
5049 147
5050 194
5051 177
5052 172
5053 180
5054 193
5055 173
5056 187
5057 173
5058 188
5059 213
5060 150
5061 183
5062 187
5063 180
5064 181
5065 165
5066 175
5067 203
5068 196
5069 210
5070 165
5071 172
5072 174
5073 187
5074 184
5075 168
5076 179
5077 197
5078 190
5079 182
5080 184
5081 177
5082 224
5083 161
5084 210
5085 158
5086 184
5087 173
5088 175
5089 176
5090 219
5091 211
5092 176
5093 200
5094 181
5095 183
5096 173
5097 203
5098 187
5099 175
5100 177
5101 176
5102 197
5103 158
5104 167
5105 192
5106 182
5107 164
5108 162
5109 174
5110 168
5111 190
5112 195
5113 184
5114 167
5115 178
5116 197
5117 187
5118 193
5119 211
5120 189
5121 193
5122 164
5123 173
5124 211
5125 160
5126 173
5127 205
5128 190
5129 156
5130 175
5131 183
5132 174
5133 166
5134 184
5135 177
5136 191
5137 192
5138 164
5139 176
5140 176
5141 205
5142 172
5143 196
5144 178
5145 182
5146 159
5147 182
5148 189
5149 165
5150 158
5151 175
5152 181
5153 154
5154 181
5155 167
5156 173
5157 156
5158 184
5159 196
5160 173
5161 157
5162 155
5163 190
5164 215
5165 181
5166 163
5167 196
5168 160
5169 196
5170 170
5171 183
5172 161
5173 175
5174 174
5175 155
5176 182
5177 190
5178 176
5179 190
5180 163
5181 172
5182 169
5183 187
5184 173
5185 175
5186 172
5187 171
5188 173
5189 167
5190 173
5191 188
5192 187
5193 176
5194 184
5195 192
5196 195
5197 180
5198 167
5199 187
5200 172
5201 174
5202 156
5203 195
5204 183
5205 150
5206 162
5207 157
5208 176
5209 185
5210 173
5211 185
5212 168
5213 152
5214 185
5215 177
5216 167
5217 183
5218 182
5219 158
5220 161
5221 162
5222 185
5223 171
5224 184
5225 177
5226 181
5227 171
5228 172
5229 192
5230 188
5231 161
5232 178
5233 171
5234 185
5235 181
5236 181
5237 161
5238 189
5239 189
5240 176
5241 169
5242 182
5243 162
5244 178
5245 171
5246 165
5247 169
5248 160
5249 181
5250 169
5251 178
5252 177
5253 160
5254 180
5255 174
5256 156
5257 170
5258 189
5259 180
5260 155
5261 166
5262 177
5263 180
5264 181
5265 155
5266 168
5267 148
5268 174
5269 151
5270 174
5271 169
5272 193
5273 164
5274 157
5275 163
5276 159
5277 181
5278 174
5279 157
5280 157
5281 174
5282 171
5283 159
5284 144
5285 167
5286 160
5287 157
5288 163
5289 160
5290 175
5291 185
5292 168
5293 163
5294 159
5295 137
5296 160
5297 157
5298 183
5299 174
5300 158
5301 172
5302 158
5303 184
5304 143
5305 183
5306 175
5307 180
5308 180
5309 163
5310 164
5311 177
5312 174
5313 168
5314 167
5315 197
5316 183
5317 174
5318 167
5319 158
5320 169
5321 160
5322 165
5323 183
5324 165
5325 171
5326 170
5327 170
5328 177
5329 159
5330 177
5331 146
5332 162
5333 186
5334 141
5335 161
5336 187
5337 182
5338 171
5339 163
5340 167
5341 170
5342 185
5343 182
5344 162
5345 153
5346 169
5347 179
5348 143
5349 179
5350 170
5351 169
5352 165
5353 164
5354 184
5355 153
5356 166
5357 198
5358 167
5359 150
5360 166
5361 168
5362 156
5363 163
5364 174
5365 159
5366 159
5367 161
5368 154
5369 172
5370 184
5371 166
5372 170
5373 140
5374 154
5375 149
5376 175
5377 142
5378 151
5379 159
5380 165
5381 193
5382 164
5383 148
5384 170
5385 162
5386 162
5387 173
5388 163
5389 164
5390 156
5391 151
5392 163
5393 178
5394 163
5395 158
5396 182
5397 172
5398 189
5399 159
5400 170
5401 170
5402 165
5403 136
5404 173
5405 168
5406 176
5407 155
5408 152
5409 172
5410 162
5411 136
5412 161
5413 152
5414 154
5415 181
5416 152
5417 159
5418 157
5419 154
5420 168
5421 160
5422 153
5423 166
5424 170
5425 144
5426 163
5427 151
5428 158
5429 179
5430 151
5431 156
5432 163
5433 165
5434 158
5435 158
5436 149
5437 169
5438 148
5439 135
5440 159
5441 181
5442 155
5443 136
5444 174
5445 145
5446 163
5447 142
5448 173
5449 166
5450 159
5451 158
5452 172
5453 157
5454 167
5455 174
5456 156
5457 155
5458 152
5459 163
5460 151
5461 146
5462 141
5463 154
5464 166
5465 176
5466 139
5467 155
5468 156
5469 168
5470 158
5471 169
5472 169
5473 182
5474 139
5475 141
5476 166
5477 186
5478 152
5479 142
5480 141
5481 156
5482 136
5483 168
5484 172
5485 157
5486 155
5487 172
5488 157
5489 173
5490 166
5491 155
5492 136
5493 159
5494 166
5495 172
5496 172
5497 172
5498 197
5499 178
5500 166
5501 181
5502 163
5503 144
5504 178
5505 163
5506 164
5507 148
5508 165
5509 143
5510 155
5511 159
5512 158
5513 163
5514 154
5515 152
5516 158
5517 136
5518 167
5519 170
5520 162
5521 157
5522 146
5523 144
5524 135
5525 168
5526 173
5527 182
5528 142
5529 162
5530 168
5531 161
5532 182
5533 155
5534 150
5535 151
5536 131
5537 166
5538 151
5539 146
5540 161
5541 154
5542 160
5543 190
5544 177
5545 156
5546 148
5547 149
5548 129
5549 151
5550 148
5551 165
5552 150
5553 138
5554 157
5555 176
5556 154
5557 152
5558 159
5559 140
5560 157
5561 144
5562 174
5563 184
5564 154
5565 140
5566 162
5567 152
5568 153
5569 153
5570 152
5571 145
5572 153
5573 162
5574 172
5575 140
5576 157
5577 153
5578 151
5579 166
5580 156
5581 144
5582 140
5583 135
5584 142
5585 177
5586 140
5587 138
5588 172
5589 168
5590 135
5591 136
5592 139
5593 171
5594 152
5595 145
5596 165
5597 154
5598 158
5599 181
5600 182
5601 153
5602 158
5603 148
5604 140
5605 158
5606 161
5607 154
5608 161
5609 149
5610 148
5611 139
5612 150
5613 143
5614 141
5615 136
5616 168
5617 149
5618 147
5619 154
5620 146
5621 164
5622 174
5623 159
5624 134
5625 129
5626 150
5627 142
5628 144
5629 154
5630 142
5631 160
5632 141
5633 122
5634 152
5635 151
5636 148
5637 150
5638 144
5639 134
5640 133
5641 155
5642 162
5643 136
5644 139
5645 172
5646 129
5647 150
5648 144
5649 148
5650 122
5651 156
5652 141
5653 154
5654 142
5655 160
5656 157
5657 143
5658 137
5659 145
5660 147
5661 150
5662 140
5663 145
5664 159
5665 154
5666 123
5667 164
5668 161
5669 156
5670 163
5671 146
5672 147
5673 169
5674 155
5675 140
5676 159
5677 141
5678 150
5679 148
5680 154
5681 163
5682 142
5683 123
5684 149
5685 152
5686 155
5687 181
5688 161
5689 133
5690 155
5691 143
5692 144
5693 163
5694 150
5695 146
5696 159
5697 137
5698 177
5699 164
5700 141
5701 155
5702 148
5703 123
5704 165
5705 143
5706 131
5707 155
5708 149
5709 137
5710 173
5711 160
5712 144
5713 179
5714 141
5715 145
5716 137
5717 136
5718 135
5719 154
5720 165
5721 141
5722 144
5723 132
5724 155
5725 146
5726 146
5727 138
5728 126
5729 166
5730 144
5731 144
5732 158
5733 132
5734 149
5735 152
5736 148
5737 147
5738 132
5739 112
5740 144
5741 147
5742 137
5743 131
5744 169
5745 144
5746 146
5747 150
5748 145
5749 139
5750 116
5751 144
5752 161
5753 139
5754 164
5755 152
5756 135
5757 145
5758 137
5759 123
5760 134
5761 160
5762 173
5763 138
5764 113
5765 147
5766 148
5767 156
5768 158
5769 131
5770 145
5771 166
5772 154
5773 143
5774 147
5775 130
5776 124
5777 146
5778 156
5779 139
5780 146
5781 144
5782 137
5783 130
5784 153
5785 145
5786 139
5787 139
5788 141
5789 153
5790 140
5791 143
5792 173
5793 142
5794 147
5795 167
5796 108
5797 133
5798 138
5799 145
5800 158
5801 150
5802 146
5803 133
5804 164
5805 124
5806 137
5807 152
5808 138
5809 146
5810 145
5811 135
5812 153
5813 142
5814 164
5815 151
5816 143
5817 134
5818 125
5819 153
5820 175
5821 133
5822 143
5823 131
5824 148
5825 153
5826 135
5827 143
5828 144
5829 125
5830 174
5831 144
5832 130
5833 160
5834 129
5835 143
5836 141
5837 135
5838 140
5839 127
5840 125
5841 145
5842 147
5843 158
5844 135
5845 123
5846 114
5847 118
5848 129
5849 127
5850 142
5851 160
5852 153
5853 128
5854 145
5855 140
5856 139
5857 138
5858 140
5859 145
5860 144
5861 133
5862 126
5863 134
5864 138
5865 145
5866 146
5867 128
5868 150
5869 135
5870 132
5871 135
5872 125
5873 124
5874 128
5875 112
5876 138
5877 167
5878 140
5879 139
5880 133
5881 142
5882 121
5883 126
5884 136
5885 139
5886 133
5887 135
5888 168
5889 131
5890 155
5891 140
5892 155
5893 162
5894 134
5895 152
5896 122
5897 137
5898 160
5899 128
5900 129
5901 132
5902 170
5903 128
5904 138
5905 123
5906 117
5907 128
5908 139
5909 142
5910 126
5911 132
5912 154
5913 118
5914 146
5915 135
5916 149
5917 141
5918 141
5919 150
5920 145
5921 157
5922 126
5923 131
5924 146
5925 135
5926 148
5927 146
5928 129
5929 159
5930 147
5931 132
5932 142
5933 132
5934 133
5935 129
5936 147
5937 125
5938 124
5939 135
5940 140
5941 145
5942 141
5943 150
5944 136
5945 145
5946 133
5947 127
5948 134
5949 157
5950 132
5951 150
5952 143
5953 157
5954 140
5955 132
5956 128
5957 142
5958 142
5959 139
5960 128
5961 131
5962 132
5963 152
5964 132
5965 136
5966 145
5967 143
5968 156
5969 141
5970 122
5971 114
5972 143
5973 144
5974 151
5975 152
5976 120
5977 143
5978 131
5979 153
5980 132
5981 146
5982 142
5983 141
5984 118
5985 154
5986 123
5987 121
5988 138
5989 136
5990 123
5991 119
5992 144
5993 141
5994 133
5995 143
5996 135
5997 123
5998 132
5999 138
6000 108
6001 128
6002 126
6003 141
6004 133
6005 141
6006 140
6007 121
6008 145
6009 118
6010 139
6011 144
6012 120
6013 152
6014 126
6015 134
6016 148
6017 144
6018 142
6019 122
6020 125
6021 125
6022 140
6023 148
6024 123
6025 129
6026 146
6027 146
6028 138
6029 117
6030 145
6031 132
6032 165
6033 147
6034 142
6035 165
6036 128
6037 145
6038 146
6039 137
6040 129
6041 115
6042 108
6043 114
6044 113
6045 117
6046 147
6047 116
6048 145
6049 132
6050 143
6051 165
6052 139
6053 127
6054 123
6055 129
6056 156
6057 129
6058 124
6059 129
6060 152
6061 125
6062 140
6063 117
6064 153
6065 117
6066 151
6067 125
6068 136
6069 122
6070 156
6071 125
6072 139
6073 161
6074 137
6075 135
6076 134
6077 151
6078 127
6079 146
6080 141
6081 115
6082 122
6083 129
6084 140
6085 125
6086 151
6087 137
6088 127
6089 143
6090 147
6091 139
6092 110
6093 143
6094 139
6095 135
6096 115
6097 140
6098 129
6099 144
6100 106
6101 134
6102 153
6103 113
6104 146
6105 131
6106 153
6107 148
6108 145
6109 125
6110 131
6111 145
6112 137
6113 140
6114 146
6115 139
6116 137
6117 142
6118 132
6119 136
6120 149
6121 125
6122 125
6123 126
6124 134
6125 149
6126 119
6127 139
6128 116
6129 166
6130 126
6131 147
6132 133
6133 136
6134 129
6135 143
6136 141
6137 142
6138 120
6139 119
6140 134
6141 130
6142 122
6143 115
6144 155
6145 131
6146 130
6147 128
6148 140
6149 127
6150 129
6151 112
6152 124
6153 124
6154 131
6155 123
6156 139
6157 120
6158 120
6159 121
6160 143
6161 149
6162 127
6163 153
6164 142
6165 140
6166 120
6167 151
6168 126
6169 143
6170 144
6171 132
6172 129
6173 128
6174 142
6175 121
6176 144
6177 121
6178 125
6179 114
6180 143
6181 119
6182 129
6183 135
6184 128
6185 134
6186 128
6187 119
6188 137
6189 131
6190 126
6191 119
6192 137
6193 128
6194 157
6195 132
6196 141
6197 142
6198 147
6199 153
6200 134
6201 143
6202 137
6203 116
6204 128
6205 130
6206 142
6207 131
6208 142
6209 157
6210 123
6211 142
6212 139
6213 136
6214 130
6215 134
6216 111
6217 127
6218 126
6219 123
6220 128
6221 131
6222 125
6223 123
6224 127
6225 130
6226 117
6227 125
6228 130
6229 122
6230 151
6231 126
6232 127
6233 125
6234 131
6235 117
6236 117
6237 139
6238 130
6239 126
6240 112
6241 129
6242 107
6243 130
6244 130
6245 134
6246 129
6247 134
6248 135
6249 113
6250 145
6251 131
6252 105
6253 120
6254 142
6255 140
6256 126
6257 132
6258 111
6259 155
6260 122
6261 113
6262 129
6263 138
6264 110
6265 136
6266 123
6267 128
6268 129
6269 140
6270 121
6271 129
6272 122
6273 137
6274 136
6275 122
6276 138
6277 144
6278 102
6279 129
6280 112
6281 120
6282 121
6283 108
6284 133
6285 116
6286 129
6287 135
6288 140
6289 100
6290 131
6291 123
6292 115
6293 134
6294 133
6295 124
6296 132
6297 129
6298 120
6299 125
6300 134
6301 130
6302 127
6303 115
6304 150
6305 115
6306 120
6307 107
6308 123
6309 135
6310 149
6311 111
6312 130
6313 124
6314 117
6315 121
6316 123
6317 124
6318 142
6319 119
6320 128
6321 121
6322 118
6323 136
6324 116
6325 114
6326 125
6327 119
6328 131
6329 134
6330 125
6331 126
6332 140
6333 123
6334 122
6335 128
6336 122
6337 123
6338 120
6339 116
6340 122
6341 118
6342 117
6343 115
6344 128
6345 123
6346 145
6347 117
6348 137
6349 121
6350 113
6351 116
6352 148
6353 132
6354 115
6355 121
6356 131
6357 145
6358 123
6359 113
6360 118
6361 140
6362 120
6363 119
6364 126
6365 135
6366 115
6367 109
6368 126
6369 106
6370 125
6371 140
6372 120
6373 129
6374 121
6375 117
6376 127
6377 146
6378 134
6379 133
6380 123
6381 128
6382 109
6383 112
6384 130
6385 113
6386 131
6387 132
6388 120
6389 106
6390 147
6391 125
6392 117
6393 129
6394 119
6395 121
6396 127
6397 140
6398 120
6399 140
6400 123
6401 110
6402 122
6403 123
6404 123
6405 129
6406 131
6407 132
6408 110
6409 115
6410 128
6411 119
6412 136
6413 131
6414 120
6415 129
6416 119
6417 127
6418 127
6419 121
6420 122
6421 127
6422 139
6423 115
6424 124
6425 104
6426 134
6427 123
6428 125
6429 131
6430 138
6431 130
6432 112
6433 114
6434 122
6435 132
6436 120
6437 136
6438 142
6439 130
6440 123
6441 124
6442 125
6443 139
6444 126
6445 139
6446 143
6447 120
6448 122
6449 107
6450 113
6451 120
6452 113
6453 105
6454 124
6455 128
6456 123
6457 121
6458 123
6459 120
6460 109
6461 124
6462 129
6463 133
6464 126
6465 120
6466 126
6467 118
6468 125
6469 136
6470 106
6471 138
6472 127
6473 136
6474 124
6475 114
6476 110
6477 124
6478 102
6479 129
6480 101
6481 118
6482 114
6483 113
6484 136
6485 130
6486 124
6487 99
6488 128
6489 121
6490 138
6491 132
6492 127
6493 150
6494 120
6495 128
6496 139
6497 124
6498 126
6499 133
6500 99
6501 144
6502 121
6503 115
6504 123
6505 139
6506 108
6507 115
6508 120
6509 106
6510 132
6511 122
6512 132
6513 81
6514 118
6515 115
6516 127
6517 113
6518 136
6519 138
6520 150
6521 115
6522 121
6523 117
6524 113
6525 125
6526 129
6527 97
6528 109
6529 116
6530 143
6531 143
6532 130
6533 126
6534 132
6535 123
6536 121
6537 128
6538 127
6539 118
6540 115
6541 117
6542 121
6543 136
6544 125
6545 125
6546 131
6547 127
6548 115
6549 135
6550 124
6551 145
6552 130
6553 107
6554 138
6555 146
6556 153
6557 103
6558 131
6559 124
6560 103
6561 127
6562 124
6563 111
6564 133
6565 142
6566 114
6567 127
6568 136
6569 119
6570 128
6571 133
6572 108
6573 126
6574 119
6575 112
6576 123
6577 124
6578 118
6579 125
6580 138
6581 106
6582 135
6583 123
6584 129
6585 106
6586 148
6587 119
6588 134
6589 107
6590 135
6591 106
6592 99
6593 110
6594 138
6595 127
6596 142
6597 130
6598 118
6599 133
6600 144
6601 121
6602 92
6603 138
6604 117
6605 127
6606 131
6607 110
6608 129
6609 136
6610 121
6611 104
6612 147
6613 132
6614 115
6615 98
6616 136
6617 122
6618 116
6619 130
6620 107
6621 123
6622 115
6623 129
6624 133
6625 123
6626 109
6627 121
6628 143
6629 121
6630 110
6631 127
6632 120
6633 124
6634 129
6635 104
6636 128
6637 126
6638 116
6639 109
6640 107
6641 105
6642 111
6643 128
6644 109
6645 115
6646 137
6647 126
6648 134
6649 112
6650 112
6651 124
6652 129
6653 117
6654 130
6655 105
6656 134
6657 147
6658 137
6659 94
6660 126
6661 125
6662 116
6663 121
6664 126
6665 121
6666 117
6667 111
6668 125
6669 128
6670 118
6671 111
6672 118
6673 104
6674 109
6675 127
6676 129
6677 134
6678 127
6679 122
6680 119
6681 114
6682 115
6683 124
6684 108
6685 119
6686 124
6687 119
6688 119
6689 123
6690 110
6691 126
6692 120
6693 116
6694 107
6695 134
6696 116
6697 125
6698 110
6699 116
6700 118
6701 112
6702 122
6703 128
6704 128
6705 123
6706 110
6707 102
6708 134
6709 106
6710 108
6711 128
6712 134
6713 121
6714 117
6715 112
6716 121
6717 115
6718 108
6719 117
6720 106
6721 128
6722 130
6723 109
6724 118
6725 110
6726 122
6727 113
6728 121
6729 115
6730 121
6731 107
6732 148
6733 122
6734 136
6735 126
6736 106
6737 126
6738 122
6739 105
6740 131
6741 113
6742 132
6743 129
6744 112
6745 124
6746 124
6747 138
6748 117
6749 108
6750 117
6751 119
6752 134
6753 109
6754 123
6755 106
6756 113
6757 121
6758 121
6759 131
6760 147
6761 118
6762 129
6763 112
6764 126
6765 115
6766 135
6767 129
6768 125
6769 103
6770 123
6771 113
6772 121
6773 123
6774 126
6775 128
6776 131
6777 121
6778 108
6779 118
6780 115
6781 125
6782 122
6783 114
6784 107
6785 113
6786 137
6787 123
6788 115
6789 122
6790 128
6791 139
6792 133
6793 119
6794 133
6795 114
6796 129
6797 121
6798 127
6799 110
6800 117
6801 119
6802 116
6803 140
6804 117
6805 118
6806 108
6807 106
6808 137
6809 107
6810 119
6811 118
6812 104
6813 112
6814 119
6815 118
6816 117
6817 120
6818 143
6819 110
6820 136
6821 109
6822 141
6823 120
6824 106
6825 139
6826 125
6827 130
6828 129
6829 125
6830 124
6831 110
6832 123
6833 109
6834 133
6835 117
6836 145
6837 128
6838 133
6839 121
6840 103
6841 134
6842 140
6843 123
6844 130
6845 135
6846 128
6847 120
6848 143
6849 121
6850 122
6851 123
6852 98
6853 135
6854 118
6855 119
6856 118
6857 114
6858 111
6859 114
6860 140
6861 125
6862 123
6863 98
6864 135
6865 103
6866 141
6867 126
6868 139
6869 106
6870 125
6871 101
6872 112
6873 117
6874 116
6875 114
6876 119
6877 125
6878 106
6879 119
6880 140
6881 118
6882 127
6883 93
6884 116
6885 127
6886 116
6887 130
6888 121
6889 114
6890 133
6891 124
6892 128
6893 131
6894 136
6895 115
6896 130
6897 133
6898 128
6899 123
6900 111
6901 127
6902 121
6903 138
6904 132
6905 119
6906 119
6907 131
6908 145
6909 134
6910 140
6911 117
6912 128
6913 125
6914 121
6915 137
6916 124
6917 122
6918 113
6919 135
6920 110
6921 125
6922 135
6923 122
6924 112
6925 138
6926 109
6927 147
6928 137
6929 132
6930 141
6931 116
6932 129
6933 108
6934 127
6935 130
6936 120
6937 118
6938 122
6939 111
6940 124
6941 143
6942 113
6943 112
6944 110
6945 126
6946 127
6947 120
6948 122
6949 135
6950 131
6951 114
6952 126
6953 108
6954 107
6955 120
6956 107
6957 138
6958 128
6959 130
6960 128
6961 125
6962 114
6963 114
6964 131
6965 138
6966 138
6967 124
6968 124
6969 123
6970 130
6971 136
6972 154
6973 108
6974 118
6975 115
6976 122
6977 119
6978 133
6979 128
6980 135
6981 127
6982 118
6983 138
6984 126
6985 116
6986 123
6987 110
6988 107
6989 125
6990 122
6991 102
6992 130
6993 117
6994 116
6995 123
6996 127
6997 107
6998 123
6999 130
7000 121
7001 121
7002 134
7003 116
7004 130
7005 116
7006 137
7007 145
7008 136
7009 132
7010 127
7011 120
7012 151
7013 113
7014 145
7015 116
7016 132
7017 130
7018 130
7019 121
7020 122
7021 125
7022 114
7023 127
7024 125
7025 131
7026 120
7027 130
7028 117
7029 120
7030 115
7031 142
7032 110
7033 138
7034 120
7035 127
7036 130
7037 133
7038 124
7039 118
7040 136
7041 109
7042 132
7043 131
7044 116
7045 113
7046 127
7047 126
7048 121
7049 132
7050 121
7051 110
7052 125
7053 134
7054 132
7055 138
7056 133
7057 108
7058 141
7059 129
7060 130
7061 122
7062 127
7063 138
7064 131
7065 109
7066 119
7067 130
7068 125
7069 137
7070 128
7071 124
7072 123
7073 125
7074 131
7075 115
7076 137
7077 120
7078 133
7079 122
7080 115
7081 117
7082 112
7083 130
7084 123
7085 125
7086 134
7087 115
7088 135
7089 140
7090 130
7091 125
7092 140
7093 129
7094 118
7095 120
7096 120
7097 130
7098 134
7099 157
7100 126
7101 122
7102 125
7103 145
7104 122
7105 133
7106 114
7107 116
7108 129
7109 112
7110 139
7111 125
7112 115
7113 113
7114 126
7115 137
7116 128
7117 137
7118 115
7119 134
7120 117
7121 130
7122 106
7123 134
7124 124
7125 118
7126 121
7127 117
7128 139
7129 124
7130 121
7131 146
7132 127
7133 117
7134 135
7135 115
7136 131
7137 121
7138 128
7139 128
7140 133
7141 126
7142 135
7143 123
7144 153
7145 127
7146 123
7147 131
7148 148
7149 109
7150 122
7151 140
7152 129
7153 158
7154 132
7155 151
7156 123
7157 136
7158 128
7159 120
7160 114
7161 151
7162 125
7163 119
7164 128
7165 124
7166 123
7167 139
7168 123
7169 103
7170 122
7171 128
7172 129
7173 131
7174 105
7175 112
7176 132
7177 133
7178 130
7179 120
7180 126
7181 148
7182 138
7183 131
7184 108
7185 130
7186 123
7187 119
7188 139
7189 138
7190 127
7191 130
7192 133
7193 118
7194 113
7195 145
7196 132
7197 122
7198 124
7199 133
7200 128
7201 125
7202 137
7203 139
7204 143
7205 134
7206 164
7207 137
7208 142
7209 120
7210 118
7211 151
7212 124
7213 119
7214 122
7215 133
7216 128
7217 123
7218 146
7219 145
7220 143
7221 123
7222 139
7223 145
7224 131
7225 134
7226 142
7227 143
7228 130
7229 109
7230 125
7231 140
7232 132
7233 132
7234 136
7235 124
7236 145
7237 147
7238 141
7239 127
7240 124
7241 149
7242 133
7243 139
7244 141
7245 125
7246 152
7247 135
7248 127
7249 130
7250 120
7251 156
7252 133
7253 129
7254 141
7255 146
7256 131
7257 140
7258 120
7259 125
7260 157
7261 136
7262 137
7263 138
7264 130
7265 136
7266 120
7267 149
7268 132
7269 138
7270 139
7271 132
7272 137
7273 131
7274 142
7275 129
7276 115
7277 113
7278 151
7279 132
7280 146
7281 139
7282 131
7283 144
7284 122
7285 117
7286 117
7287 119
7288 141
7289 114
7290 128
7291 145
7292 138
7293 151
7294 120
7295 149
7296 150
7297 120
7298 139
7299 137
7300 125
7301 144
7302 129
7303 138
7304 148
7305 126
7306 140
7307 131
7308 139
7309 138
7310 138
7311 126
7312 118
7313 123
7314 126
7315 124
7316 133
7317 140
7318 159
7319 127
7320 138
7321 121
7322 144
7323 164
7324 141
7325 113
7326 138
7327 143
7328 144
7329 138
7330 144
7331 127
7332 147
7333 142
7334 127
7335 145
7336 136
7337 146
7338 139
7339 135
7340 124
7341 138
7342 122
7343 130
7344 118
7345 106
7346 148
7347 128
7348 141
7349 125
7350 163
7351 119
7352 148
7353 128
7354 114
7355 156
7356 139
7357 132
7358 142
7359 132
7360 131
7361 114
7362 132
7363 148
7364 138
7365 151
7366 137
7367 128
7368 136
7369 134
7370 143
7371 148
7372 156
7373 145
7374 127
7375 134
7376 126
7377 144
7378 166
7379 133
7380 136
7381 125
7382 149
7383 139
7384 162
7385 139
7386 150
7387 115
7388 133
7389 113
7390 130
7391 128
7392 108
7393 126
7394 129
7395 143
7396 139
7397 149
7398 145
7399 137
7400 141
7401 154
7402 146
7403 134
7404 133
7405 130
7406 143
7407 135
7408 148
7409 128
7410 143
7411 142
7412 139
7413 121
7414 148
7415 161
7416 151
7417 157
7418 145
7419 143
7420 144
7421 128
7422 150
7423 146
7424 145
7425 147
7426 127
7427 128
7428 116
7429 133
7430 141
7431 154
7432 150
7433 122
7434 124
7435 154
7436 134
7437 114
7438 133
7439 136
7440 157
7441 139
7442 149
7443 134
7444 144
7445 157
7446 127
7447 140
7448 145
7449 131
7450 144
7451 131
7452 147
7453 151
7454 127
7455 130
7456 145
7457 139
7458 133
7459 135
7460 148
7461 157
7462 152
7463 153
7464 152
7465 171
7466 156
7467 166
7468 160
7469 133
7470 125
7471 147
7472 128
7473 120
7474 138
7475 151
7476 134
7477 143
7478 141
7479 134
7480 150
7481 144
7482 147
7483 179
7484 138
7485 133
7486 125
7487 140
7488 141
7489 144
7490 154
7491 121
7492 116
7493 149
7494 157
7495 137
7496 146
7497 124
7498 149
7499 147
7500 155
7501 143
7502 126
7503 125
7504 149
7505 145
7506 135
7507 137
7508 119
7509 142
7510 154
7511 125
7512 135
7513 139
7514 140
7515 155
7516 154
7517 125
7518 170
7519 159
7520 139
7521 142
7522 166
7523 135
7524 144
7525 137
7526 137
7527 168
7528 139
7529 168
7530 125
7531 145
7532 146
7533 136
7534 140
7535 159
7536 139
7537 148
7538 142
7539 142
7540 162
7541 138
7542 153
7543 144
7544 141
7545 142
7546 158
7547 130
7548 145
7549 146
7550 181
7551 173
7552 158
7553 147
7554 138
7555 158
7556 136
7557 145
7558 135
7559 139
7560 143
7561 132
7562 147
7563 144
7564 171
7565 158
7566 137
7567 142
7568 124
7569 135
7570 150
7571 155
7572 139
7573 165
7574 152
7575 146
7576 140
7577 138
7578 168
7579 158
7580 144
7581 130
7582 146
7583 141
7584 137
7585 133
7586 159
7587 138
7588 141
7589 150
7590 135
7591 145
7592 148
7593 154
7594 153
7595 143
7596 143
7597 142
7598 149
7599 154
7600 153
7601 150
7602 132
7603 137
7604 143
7605 150
7606 156
7607 141
7608 135
7609 150
7610 161
7611 130
7612 137
7613 163
7614 153
7615 152
7616 134
7617 150
7618 155
7619 129
7620 163
7621 170
7622 158
7623 146
7624 141
7625 148
7626 141
7627 133
7628 155
7629 147
7630 137
7631 154
7632 130
7633 155
7634 163
7635 172
7636 150
7637 154
7638 141
7639 140
7640 146
7641 174
7642 142
7643 154
7644 169
7645 128
7646 147
7647 164
7648 135
7649 150
7650 160
7651 151
7652 168
7653 163
7654 136
7655 147
7656 152
7657 150
7658 150
7659 157
7660 133
7661 158
7662 122
7663 156
7664 135
7665 142
7666 167
7667 165
7668 162
7669 168
7670 148
7671 158
7672 135
7673 164
7674 153
7675 153
7676 139
7677 155
7678 146
7679 170
7680 174
7681 179
7682 160
7683 169
7684 140
7685 159
7686 151
7687 146
7688 144
7689 163
7690 154
7691 146
7692 135
7693 141
7694 167
7695 166
7696 149
7697 130
7698 156
7699 159
7700 142
7701 134
7702 157
7703 154
7704 142
7705 168
7706 151
7707 175
7708 145
7709 143
7710 147
7711 156
7712 146
7713 164
7714 142
7715 128
7716 159
7717 151
7718 153
7719 147
7720 129
7721 149
7722 158
7723 152
7724 171
7725 166
7726 147
7727 159
7728 154
7729 165
7730 133
7731 145
7732 133
7733 131
7734 162
7735 156
7736 180
7737 165
7738 147
7739 153
7740 145
7741 152
7742 150
7743 167
7744 150
7745 142
7746 157
7747 140
7748 135
7749 155
7750 161
7751 170
7752 146
7753 158
7754 140
7755 142
7756 154
7757 158
7758 150
7759 159
7760 170
7761 161
7762 146
7763 149
7764 173
7765 151
7766 163
7767 146
7768 149
7769 139
7770 124
7771 153
7772 146
7773 155
7774 157
7775 174
7776 165
7777 151
7778 160
7779 152
7780 149
7781 160
7782 138
7783 140
7784 156
7785 166
7786 138
7787 135
7788 139
7789 125
7790 143
7791 173
7792 148
7793 142
7794 176
7795 167
7796 137
7797 143
7798 148
7799 148
7800 144
7801 159
7802 143
7803 139
7804 133
7805 143
7806 155
7807 132
7808 158
7809 158
7810 139
7811 166
7812 166
7813 148
7814 157
7815 170
7816 147
7817 164
7818 149
7819 152
7820 168
7821 158
7822 163
7823 154
7824 169
7825 161
7826 147
7827 166
7828 152
7829 181
7830 153
7831 172
7832 159
7833 151
7834 162
7835 132
7836 168
7837 165
7838 165
7839 158
7840 145
7841 152
7842 137
7843 150
7844 155
7845 154
7846 155
7847 171
7848 170
7849 147
7850 140
7851 155
7852 168
7853 164
7854 169
7855 169
7856 158
7857 178
7858 185
7859 167
7860 153
7861 163
7862 155
7863 162
7864 148
7865 130
7866 173
7867 172
7868 164
7869 164
7870 165
7871 165
7872 148
7873 153
7874 164
7875 174
7876 144
7877 173
7878 160
7879 167
7880 150
7881 155
7882 167
7883 136
7884 150
7885 153
7886 176
7887 145
7888 150
7889 169
7890 176
7891 160
7892 170
7893 156
7894 154
7895 168
7896 162
7897 167
7898 147
7899 152
7900 174
7901 178
7902 169
7903 181
7904 151
7905 174
7906 161
7907 191
7908 151
7909 155
7910 176
7911 158
7912 155
7913 164
7914 175
7915 154
7916 164
7917 148
7918 168
7919 144
7920 166
7921 124
7922 165
7923 145
7924 146
7925 170
7926 159
7927 179
7928 154
7929 149
7930 167
7931 170
7932 176
7933 159
7934 157
7935 136
7936 155
7937 150
7938 139
7939 168
7940 157
7941 169
7942 158
7943 154
7944 146
7945 162
7946 170
7947 173
7948 161
7949 159
7950 152
7951 175
7952 149
7953 181
7954 166
7955 163
7956 191
7957 142
7958 143
7959 173
7960 150
7961 142
7962 172
7963 169
7964 176
7965 166
7966 146
7967 149
7968 180
7969 183
7970 160
7971 187
7972 167
7973 154
7974 170
7975 154
7976 169
7977 185
7978 167
7979 167
7980 183
7981 162
7982 183
7983 165
7984 168
7985 154
7986 153
7987 178
7988 158
7989 169
7990 185
7991 136
7992 188
7993 156
7994 160
7995 137
7996 171
7997 160
7998 153
7999 152
8000 144
8001 169
8002 149
8003 161
8004 144
8005 146
8006 141
8007 150
8008 148
8009 159
8010 160
8011 139
8012 151
8013 150
8014 141
8015 173
8016 166
8017 183
8018 170
8019 151
8020 144
8021 147
8022 144
8023 166
8024 173
8025 175
8026 167
8027 148
8028 153
8029 140
8030 159
8031 172
8032 169
8033 162
8034 163
8035 164
8036 168
8037 157
8038 154
8039 159
8040 160
8041 148
8042 152
8043 153
8044 156
8045 174
8046 166
8047 165
8048 137
8049 180
8050 159
8051 166
8052 171
8053 138
8054 151
8055 131
8056 171
8057 168
8058 166
8059 140
8060 157
8061 161
8062 162
8063 156
8064 161
8065 168
8066 161
8067 177
8068 155
8069 152
8070 159
8071 159
8072 159
8073 150
8074 157
8075 169
8076 155
8077 149
8078 125
8079 156
8080 140
8081 154
8082 162
8083 154
8084 168
8085 180
8086 153
8087 159
8088 164
8089 144
8090 175
8091 169
8092 135
8093 166
8094 141
8095 130
8096 159
8097 163
8098 166
8099 157
8100 136
8101 167
8102 152
8103 156
8104 146
8105 162
8106 167
8107 164
8108 157
8109 148
8110 161
8111 161
8112 145
8113 160
8114 145
8115 147
8116 151
8117 172
8118 170
8119 143
8120 162
8121 151
8122 177
8123 176
8124 157
8125 181
8126 148
8127 164
8128 135
8129 150
8130 136
8131 148
8132 149
8133 165
8134 145
8135 147
8136 167
8137 150
8138 145
8139 150
8140 159
8141 160
8142 165
8143 162
8144 167
8145 152
8146 147
8147 168
8148 169
8149 148
8150 156
8151 175
8152 129
8153 168
8154 176
8155 154
8156 158
8157 150
8158 175
8159 137
8160 180
8161 142
8162 145
8163 140
8164 163
8165 145
8166 144
8167 153
8168 158
8169 165
8170 149
8171 154
8172 134
8173 145
8174 148
8175 182
8176 168
8177 169
8178 146
8179 164
8180 152
8181 160
8182 129
8183 157
8184 152
8185 142
8186 177
8187 146
8188 154
8189 142
8190 137
8191 148
8192 153
8193 134
8194 169
8195 126
8196 160
8197 138
8198 151
8199 158
8200 160
8201 165
8202 152
8203 150
8204 157
8205 160
8206 153
8207 157
8208 158
8209 155
8210 143
8211 143
8212 162
8213 149
8214 156
8215 159
8216 158
8217 153
8218 151
8219 156
8220 161
8221 148
8222 146
8223 177
8224 160
8225 147
8226 155
8227 149
8228 140
8229 177
8230 161
8231 174
8232 141
8233 141
8234 133
8235 161
8236 148
8237 164
8238 176
8239 154
8240 145
8241 129
8242 151
8243 136
8244 154
8245 144
8246 176
8247 168
8248 161
8249 143
8250 150
8251 142
8252 144
8253 152
8254 140
8255 160
8256 156
8257 135
8258 147
8259 159
8260 147
8261 134
8262 128
8263 126
8264 138
8265 142
8266 139
8267 159
8268 127
8269 158
8270 154
8271 148
8272 128
8273 149
8274 146
8275 142
8276 150
8277 161
8278 145
8279 158
8280 161
8281 149
8282 133
8283 160
8284 136
8285 164
8286 135
8287 155
8288 152
8289 169
8290 148
8291 162
8292 149
8293 146
8294 131
8295 158
8296 144
8297 150
8298 149
8299 147
8300 142
8301 140
8302 154
8303 134
8304 120
8305 136
8306 150
8307 160
8308 158
8309 154
8310 140
8311 142
8312 124
8313 162
8314 171
8315 146
8316 133
8317 158
8318 146
8319 139
8320 151
8321 159
8322 155
8323 162
8324 158
8325 174
8326 169
8327 145
8328 168
8329 132
8330 136
8331 138
8332 136
8333 140
8334 153
8335 141
8336 173
8337 143
8338 144
8339 135
8340 125
8341 173
8342 156
8343 147
8344 129
8345 151
8346 130
8347 152
8348 136
8349 142
8350 141
8351 125
8352 138
8353 145
8354 152
8355 152
8356 157
8357 136
8358 139
8359 137
8360 157
8361 138
8362 162
8363 135
8364 132
8365 134
8366 143
8367 130
8368 126
8369 142
8370 149
8371 137
8372 155
8373 130
8374 140
8375 142
8376 123
8377 141
8378 134
8379 147
8380 131
8381 165
8382 127
8383 144
8384 158
8385 138
8386 163
8387 142
8388 125
8389 138
8390 150
8391 123
8392 141
8393 130
8394 147
8395 139
8396 159
8397 146
8398 155
8399 141
8400 168
8401 146
8402 140
8403 136
8404 100
8405 136
8406 133
8407 140
8408 148
8409 152
8410 126
8411 139
8412 147
8413 150
8414 138
8415 143
8416 135
8417 133
8418 133
8419 158
8420 141
8421 130
8422 148
8423 134
8424 156
8425 126
8426 137
8427 134
8428 140
8429 128
8430 128
8431 124
8432 149
8433 131
8434 123
8435 149
8436 125
8437 130
8438 123
8439 145
8440 135
8441 122
8442 147
8443 137
8444 141
8445 144
8446 149
8447 156
8448 119
8449 144
8450 134
8451 148
8452 150
8453 131
8454 134
8455 120
8456 145
8457 144
8458 129
8459 134
8460 147
8461 164
8462 131
8463 120
8464 124
8465 127
8466 140
8467 153
8468 140
8469 136
8470 145
8471 146
8472 124
8473 132
8474 148
8475 151
8476 132
8477 130
8478 140
8479 151
8480 155
8481 144
8482 128
8483 127
8484 144
8485 132
8486 147
8487 118
8488 128
8489 141
8490 130
8491 138
8492 125
8493 124
8494 125
8495 143
8496 116
8497 136
8498 130
8499 146
8500 144
8501 133
8502 127
8503 139
8504 148
8505 139
8506 109
8507 129
8508 132
8509 108
8510 125
8511 145
8512 141
8513 121
8514 138
8515 137
8516 117
8517 148
8518 118
8519 124
8520 140
8521 134
8522 120
8523 117
8524 130
8525 112
8526 119
8527 126
8528 138
8529 136
8530 141
8531 137
8532 127
8533 130
8534 156
8535 129
8536 127
8537 136
8538 134
8539 135
8540 138
8541 126
8542 123
8543 131
8544 127
8545 139
8546 128
8547 127
8548 126
8549 141
8550 125
8551 139
8552 123
8553 122
8554 151
8555 138
8556 147
8557 133
8558 134
8559 135
8560 124
8561 134
8562 121
8563 133
8564 139
8565 131
8566 115
8567 131
8568 134
8569 129
8570 142
8571 122
8572 134
8573 129
8574 130
8575 124
8576 123
8577 116
8578 128
8579 128
8580 128
8581 114
8582 125
8583 138
8584 141
8585 149
8586 130
8587 137
8588 122
8589 140
8590 144
8591 111
8592 133
8593 151
8594 121
8595 101
8596 110
8597 142
8598 128
8599 136
8600 153
8601 131
8602 131
8603 136
8604 126
8605 118
8606 145
8607 149
8608 139
8609 105
8610 127
8611 120
8612 128
8613 123
8614 126
8615 128
8616 120
8617 135
8618 112
8619 134
8620 124
8621 127
8622 140
8623 142
8624 123
8625 134
8626 126
8627 136
8628 116
8629 144
8630 125
8631 112
8632 114
8633 136
8634 129
8635 121
8636 115
8637 123
8638 119
8639 123
8640 123
8641 118
8642 130
8643 104
8644 133
8645 119
8646 122
8647 117
8648 126
8649 114
8650 135
8651 126
8652 124
8653 136
8654 114
8655 102
8656 139
8657 115
8658 119
8659 119
8660 128
8661 125
8662 140
8663 134
8664 109
8665 113
8666 110
8667 127
8668 114
8669 121
8670 118
8671 113
8672 124
8673 150
8674 118
8675 158
8676 141
8677 122
8678 133
8679 107
8680 128
8681 133
8682 127
8683 123
8684 124
8685 131
8686 100
8687 129
8688 104
8689 150
8690 122
8691 138
8692 128
8693 110
8694 136
8695 117
8696 140
8697 121
8698 124
8699 141
8700 129
8701 117
8702 125
8703 113
8704 118
8705 99
8706 109
8707 109
8708 135
8709 87
8710 118
8711 113
8712 120
8713 133
8714 113
8715 133
8716 117
8717 127
8718 140
8719 103
8720 128
8721 120
8722 110
8723 124
8724 126
8725 132
8726 105
8727 104
8728 126
8729 131
8730 108
8731 139
8732 114
8733 115
8734 102
8735 117
8736 115
8737 133
8738 113
8739 105
8740 116
8741 116
8742 96
8743 122
8744 119
8745 111
8746 104
8747 106
8748 116
8749 109
8750 99
8751 128
8752 131
8753 120
8754 141
8755 114
8756 138
8757 106
8758 107
8759 115
8760 111
8761 111
8762 118
8763 101
8764 106
8765 129
8766 128
8767 117
8768 127
8769 121
8770 108
8771 105
8772 120
8773 93
8774 102
8775 123
8776 99
8777 115
8778 131
8779 104
8780 111
8781 110
8782 112
8783 104
8784 112
8785 93
8786 122
8787 98
8788 124
8789 135
8790 111
8791 104
8792 120
8793 127
8794 118
8795 128
8796 129
8797 125
8798 110
8799 119
8800 111
8801 110
8802 129
8803 113
8804 107
8805 99
8806 118
8807 135
8808 115
8809 108
8810 98
8811 118
8812 121
8813 124
8814 126
8815 142
8816 125
8817 109
8818 105
8819 119
8820 123
8821 123
8822 100
8823 117
8824 116
8825 113
8826 138
8827 105
8828 99
8829 108
8830 111
8831 111
8832 106
8833 102
8834 112
8835 92
8836 121
8837 106
8838 125
8839 115
8840 101
8841 111
8842 112
8843 122
8844 132
8845 104
8846 112
8847 105
8848 122
8849 93
8850 118
8851 129
8852 102
8853 101
8854 96
8855 110
8856 117
8857 100
8858 135
8859 96
8860 110
8861 100
8862 103
8863 117
8864 108
8865 114
8866 125
8867 100
8868 106
8869 113
8870 120
8871 110
8872 95
8873 114
8874 127
8875 101
8876 98
8877 101
8878 128
8879 108
8880 127
8881 92
8882 109
8883 109
8884 118
8885 91
8886 108
8887 115
8888 96
8889 107
8890 92
8891 85
8892 105
8893 98
8894 118
8895 97
8896 115
8897 106
8898 109
8899 108
8900 116
8901 117
8902 107
8903 97
8904 101
8905 112
8906 111
8907 96
8908 101
8909 117
8910 101
8911 106
8912 111
8913 108
8914 105
8915 113
8916 108
8917 98
8918 106
8919 119
8920 122
8921 104
8922 118
8923 101
8924 104
8925 117
8926 121
8927 103
8928 108
8929 97
8930 96
8931 91
8932 101
8933 108
8934 95
8935 103
8936 112
8937 104
8938 104
8939 95
8940 99
8941 98
8942 108
8943 108
8944 111
8945 108
8946 123
8947 110
8948 96
8949 105
8950 103
8951 114
8952 127
8953 116
8954 101
8955 114
8956 112
8957 105
8958 113
8959 89
8960 95
8961 96
8962 86
8963 112
8964 87
8965 87
8966 106
8967 91
8968 114
8969 105
8970 100
8971 92
8972 121
8973 99
8974 113
8975 97
8976 94
8977 100
8978 78
8979 96
8980 89
8981 105
8982 105
8983 93
8984 118
8985 106
8986 105
8987 80
8988 83
8989 102
8990 84
8991 103
8992 101
8993 106
8994 94
8995 92
8996 97
8997 85
8998 92
8999 82
9000 116
9001 106
9002 104
9003 90
9004 98
9005 91
9006 114
9007 94
9008 99
9009 103
9010 101
9011 94
9012 83
9013 109
9014 106
9015 113
9016 95
9017 91
9018 96
9019 107
9020 118
9021 104
9022 92
9023 92
9024 105
9025 108
9026 95
9027 80
9028 106
9029 96
9030 93
9031 84
9032 105
9033 102
9034 85
9035 94
9036 103
9037 94
9038 102
9039 86
9040 113
9041 89
9042 99
9043 96
9044 87
9045 115
9046 106
9047 94
9048 95
9049 95
9050 93
9051 98
9052 104
9053 109
9054 115
9055 94
9056 89
9057 90
9058 104
9059 102
9060 90
9061 88
9062 101
9063 100
9064 103
9065 90
9066 98
9067 95
9068 76
9069 70
9070 96
9071 97
9072 79
9073 96
9074 101
9075 85
9076 99
9077 87
9078 89
9079 105
9080 89
9081 80
9082 105
9083 99
9084 112
9085 95
9086 82
9087 84
9088 91
9089 104
9090 92
9091 103
9092 99
9093 82
9094 96
9095 93
9096 80
9097 104
9098 92
9099 88
9100 83
9101 96
9102 90
9103 101
9104 115
9105 102
9106 89
9107 86
9108 78
9109 89
9110 109
9111 83
9112 90
9113 95
9114 94
9115 95
9116 103
9117 106
9118 85
9119 87
9120 91
9121 75
9122 103
9123 75
9124 90
9125 85
9126 85
9127 82
9128 106
9129 99
9130 80
9131 94
9132 88
9133 94
9134 90
9135 103
9136 92
9137 76
9138 93
9139 94
9140 67
9141 77
9142 77
9143 87
9144 87
9145 96
9146 81
9147 99
9148 89
9149 96
9150 85
9151 73
9152 72
9153 96
9154 76
9155 75
9156 89
9157 79
9158 86
9159 95
9160 108
9161 100
9162 88
9163 77
9164 88
9165 93
9166 96
9167 106
9168 97
9169 94
9170 79
9171 80
9172 88
9173 78
9174 84
9175 99
9176 86
9177 88
9178 97
9179 96
9180 93
9181 76
9182 77
9183 82
9184 80
9185 94
9186 77
9187 92
9188 104
9189 86
9190 98
9191 79
9192 75
9193 82
9194 86
9195 75
9196 86
9197 89
9198 99
9199 90
9200 91
9201 82
9202 67
9203 88
9204 81
9205 78
9206 75
9207 81
9208 79
9209 88
9210 78
9211 81
9212 85
9213 86
9214 87
9215 87
9216 100
9217 78
9218 83
9219 91
9220 92
9221 81
9222 81
9223 75
9224 104
9225 87
9226 83
9227 77
9228 83
9229 88
9230 82
9231 74
9232 97
9233 81
9234 59
9235 70
9236 81
9237 86
9238 77
9239 69
9240 67
9241 91
9242 75
9243 86
9244 73
9245 86
9246 82
9247 88
9248 82
9249 71
9250 87
9251 90
9252 96
9253 90
9254 73
9255 70
9256 91
9257 88
9258 89
9259 77
9260 73
9261 65
9262 101
9263 69
9264 102
9265 88
9266 97
9267 78
9268 69
9269 83
9270 85
9271 77
9272 90
9273 79
9274 78
9275 73
9276 85
9277 76
9278 78
9279 90
9280 77
9281 83
9282 97
9283 76
9284 74
9285 78
9286 81
9287 98
9288 67
9289 72
9290 69
9291 90
9292 80
9293 81
9294 71
9295 90
9296 73
9297 78
9298 64
9299 73
9300 80
9301 90
9302 79
9303 75
9304 71
9305 73
9306 70
9307 81
9308 83
9309 83
9310 89
9311 66
9312 78
9313 68
9314 61
9315 89
9316 67
9317 70
9318 85
9319 71
9320 80
9321 79
9322 81
9323 84
9324 63
9325 81
9326 83
9327 81
9328 73
9329 89
9330 80
9331 76
9332 77
9333 84
9334 55
9335 70
9336 72
9337 67
9338 73
9339 82
9340 91
9341 75
9342 88
9343 82
9344 87
9345 90
9346 77
9347 75
9348 72
9349 78
9350 85
9351 79
9352 93
9353 73
9354 76
9355 80
9356 75
9357 86
9358 83
9359 80
9360 72
9361 72
9362 80
9363 78
9364 61
9365 78
9366 78
9367 69
9368 67
9369 78
9370 75
9371 70
9372 66
9373 92
9374 66
9375 77
9376 75
9377 88
9378 83
9379 76
9380 77
9381 74
9382 86
9383 87
9384 76
9385 81
9386 69
9387 83
9388 96
9389 90
9390 77
9391 74
9392 85
9393 85
9394 78
9395 74
9396 73
9397 69
9398 73
9399 73
9400 67
9401 58
9402 77
9403 71
9404 78
9405 87
9406 62
9407 60
9408 81
9409 67
9410 68
9411 58
9412 75
9413 77
9414 78
9415 75
9416 75
9417 78
9418 67
9419 70
9420 80
9421 67
9422 69
9423 67
9424 76
9425 81
9426 76
9427 82
9428 79
9429 69
9430 67
9431 85
9432 79
9433 81
9434 72
9435 71
9436 64
9437 75
9438 78
9439 78
9440 70
9441 90
9442 78
9443 81
9444 84
9445 70
9446 71
9447 71
9448 65
9449 74
9450 57
9451 64
9452 77
9453 74
9454 93
9455 72
9456 87
9457 78
9458 67
9459 61
9460 88
9461 79
9462 85
9463 74
9464 65
9465 64
9466 59
9467 83
9468 78
9469 83
9470 79
9471 70
9472 63
9473 65
9474 86
9475 75
9476 77
9477 69
9478 66
9479 68
9480 78
9481 83
9482 68
9483 66
9484 59
9485 92
9486 75
9487 77
9488 71
9489 76
9490 80
9491 80
9492 60
9493 78
9494 65
9495 70
9496 67
9497 73
9498 73
9499 72
9500 74
9501 79
9502 64
9503 73
9504 77
9505 82
9506 67
9507 75
9508 62
9509 58
9510 68
9511 58
9512 86
9513 61
9514 66
9515 73
9516 67
9517 73
9518 67
9519 55
9520 57
9521 75
9522 62
9523 71
9524 81
9525 61
9526 82
9527 63
9528 62
9529 76
9530 60
9531 63
9532 65
9533 58
9534 77
9535 78
9536 79
9537 53
9538 70
9539 57
9540 81
9541 59
9542 71
9543 58
9544 79
9545 68
9546 63
9547 56
9548 80
9549 73
9550 71
9551 67
9552 69
9553 62
9554 67
9555 64
9556 76
9557 55
9558 62
9559 69
9560 79
9561 83
9562 67
9563 61
9564 60
9565 73
9566 81
9567 68
9568 75
9569 75
9570 66
9571 69
9572 78
9573 61
9574 71
9575 62
9576 54
9577 63
9578 69
9579 67
9580 71
9581 70
9582 52
9583 62
9584 57
9585 60
9586 64
9587 78
9588 69
9589 65
9590 63
9591 86
9592 77
9593 62
9594 63
9595 75
9596 70
9597 60
9598 90
9599 61
9600 63
9601 64
9602 65
9603 63
9604 54
9605 49
9606 67
9607 66
9608 56
9609 66
9610 83
9611 73
9612 57
9613 67
9614 69
9615 63
9616 55
9617 58
9618 79
9619 79
9620 58
9621 80
9622 82
9623 71
9624 58
9625 59
9626 57
9627 69
9628 63
9629 67
9630 56
9631 53
9632 62
9633 70
9634 62
9635 64
9636 64
9637 53
9638 65
9639 61
9640 58
9641 63
9642 69
9643 71
9644 70
9645 52
9646 57
9647 50
9648 65
9649 75
9650 63
9651 52
9652 61
9653 53
9654 75
9655 73
9656 62
9657 65
9658 75
9659 64
9660 69
9661 73
9662 82
9663 59
9664 57
9665 45
9666 71
9667 70
9668 74
9669 48
9670 70
9671 53
9672 61
9673 56
9674 69
9675 68
9676 74
9677 58
9678 72
9679 62
9680 55
9681 72
9682 54
9683 67
9684 65
9685 55
9686 55
9687 62
9688 66
9689 71
9690 63
9691 68
9692 65
9693 70
9694 50
9695 54
9696 53
9697 53
9698 68
9699 52
9700 36
9701 61
9702 59
9703 60
9704 60
9705 62
9706 77
9707 49
9708 60
9709 50
9710 58
9711 64
9712 59
9713 57
9714 55
9715 46
9716 52
9717 50
9718 65
9719 57
9720 67
9721 55
9722 56
9723 71
9724 63
9725 59
9726 54
9727 59
9728 73
9729 56
9730 57
9731 67
9732 73
9733 65
9734 55
9735 55
9736 64
9737 66
9738 57
9739 45
9740 65
9741 53
9742 59
9743 54
9744 74
9745 62
9746 63
9747 57
9748 59
9749 63
9750 49
9751 57
9752 58
9753 64
9754 58
9755 50
9756 56
9757 54
9758 71
9759 58
9760 54
9761 50
9762 54
9763 56
9764 55
9765 59
9766 65
9767 44
9768 63
9769 55
9770 62
9771 48
9772 62
9773 72
9774 57
9775 68
9776 44
9777 42
9778 54
9779 68
9780 64
9781 51
9782 55
9783 53
9784 51
9785 63
9786 54
9787 65
9788 65
9789 48
9790 58
9791 39
9792 70
9793 66
9794 49
9795 63
9796 50
9797 48
9798 61
9799 60
9800 61
9801 66
9802 60
9803 49
9804 56
9805 48
9806 50
9807 64
9808 48
9809 76
9810 44
9811 51
9812 52
9813 58
9814 48
9815 64
9816 63
9817 51
9818 55
9819 61
9820 50
9821 45
9822 63
9823 54
9824 64
9825 60
9826 56
9827 62
9828 66
9829 56
9830 56
9831 59
9832 72
9833 52
9834 58
9835 55
9836 48
9837 51
9838 64
9839 74
9840 45
9841 60
9842 51
9843 64
9844 54
9845 41
9846 61
9847 52
9848 46
9849 49
9850 57
9851 47
9852 58
9853 75
9854 53
9855 54
9856 53
9857 55
9858 63
9859 65
9860 53
9861 58
9862 68
9863 51
9864 51
9865 41
9866 56
9867 54
9868 57
9869 47
9870 57
9871 58
9872 48
9873 44
9874 55
9875 43
9876 54
9877 53
9878 49
9879 53
9880 44
9881 53
9882 64
9883 53
9884 62
9885 55
9886 57
9887 65
9888 57
9889 42
9890 56
9891 55
9892 48
9893 62
9894 57
9895 64
9896 49
9897 66
9898 59
9899 52
9900 53
9901 51
9902 36
9903 66
9904 50
9905 66
9906 54
9907 56
9908 50
9909 50
9910 48
9911 71
9912 44
9913 50
9914 56
9915 58
9916 60
9917 57
9918 55
9919 42
9920 65
9921 51
9922 47
9923 43
9924 57
9925 41
9926 51
9927 48
9928 55
9929 46
9930 54
9931 52
9932 60
9933 49
9934 48
9935 43
9936 50
9937 60
9938 54
9939 55
9940 51
9941 47
9942 53
9943 62
9944 50
9945 53
9946 53
9947 58
9948 66
9949 45
9950 53
9951 53
9952 62
9953 59
9954 44
9955 46
9956 48
9957 71
9958 52
9959 52
9960 50
9961 49
9962 53
9963 54
9964 55
9965 53
9966 65
9967 52
9968 54
9969 63
9970 53
9971 47
9972 50
9973 44
9974 47
9975 54
9976 46
9977 51
9978 56
9979 54
9980 39
9981 53
9982 47
9983 55
9984 61
9985 55
9986 37
9987 52
9988 47
9989 49
9990 39
9991 47
9992 43
9993 56
9994 46
9995 58
9996 44
9997 52
9998 44
9999 56
10000 62
10001 349084
