2 64842792
3 28058732
4 16984272
5 14130316
6 13439329
7 12942032
8 12216908
9 11335981
10 10474846
11 9786250
12 9292388
13 8985595
14 8796422
15 8682201
16 8608392
17 8571189
18 8541724
19 8508273
20 8463595
21 8408780
22 8318303
23 8185408
24 8000793
25 7766092
26 7493601
27 7184901
28 6846146
29 6499399
30 6144348
31 5796322
32 5461513
33 5147688
34 4863006
35 4599470
36 4369576
37 4164710
38 3976004
39 3816575
40 3668785
41 3540874
42 3419284
43 3315512
44 3215966
45 3123930
46 3032476
47 2952392
48 2869287
49 2786187
50 2713108
51 2631696
52 2557590
53 2483615
54 2412194
55 2342618
56 2271400
57 2207719
58 2141652
59 2078785
60 2017107
61 1958996
62 1902877
63 1851358
64 1799847
65 1751060
66 1705979
67 1662988
68 1619641
69 1578256
70 1539879
71 1502988
72 1465907
73 1429790
74 1395795
75 1365302
76 1331842
77 1305222
78 1274984
79 1245276
80 1215522
81 1190168
82 1160552
83 1138098
84 1113285
85 1087606
86 1063401
87 1043673
88 1019077
89 999327
90 977386
91 957596
92 938723
93 920331
94 900708
95 883011
96 864944
97 847989
98 832196
99 814827
100 799941
101 784877
102 770574
103 756285
104 741978
105 728280
106 715305
107 701305
108 688162
109 675827
110 666558
111 652983
112 642070
113 628912
114 617769
115 608669
116 598506
117 588289
118 579247
119 568307
120 559278
121 548936
122 541135
123 532346
124 522118
125 514685
126 504436
127 498730
128 489674
129 482320
130 475899
131 467848
132 460451
133 452492
134 445346
135 439311
136 431472
137 425960
138 419793
139 414587
140 408512
141 400614
142 395985
143 389746
144 385049
145 377742
146 371735
147 367187
148 363291
149 357502
150 352936
151 348104
152 342864
153 338154
154 333329
155 329369
156 324502
157 320283
158 316070
159 311816
160 307613
161 302879
162 298125
163 294995
164 291531
165 287690
166 283295
167 280004
168 276699
169 273644
170 269960
171 266331
172 263271
173 259062
174 256291
175 252567
176 250958
177 246897
178 244070
179 242082
180 238981
181 234596
182 233011
183 230985
184 226385
185 223196
186 221720
187 219173
188 216179
189 214433
190 211809
191 208858
192 206528
193 204674
194 202197
195 200111
196 196887
197 195741
198 192441
199 191049
200 188475
201 186061
202 184756
203 182776
204 180708
205 179024
206 177593
207 175539
208 172328
209 171705
210 169284
211 167298
212 165632
213 163195
214 162904
215 160537
216 159382
217 156708
218 155738
219 154113
220 152960
221 150621
222 149383
223 147970
224 146358
225 145573
226 144033
227 142873
228 140902
229 139527
230 138712
231 136601
232 134779
233 134584
234 133040
235 131330
236 131020
237 128910
238 128187
239 127131
240 125061
241 124111
242 123085
243 122071
244 121265
245 120101
246 118261
247 117598
248 116279
249 115404
250 114591
251 113209
252 112162
253 111077
254 109872
255 108878
256 108841
257 106865
258 105717
259 105788
260 104381
261 103297
262 102399
263 102153
264 100968
265 100222
266 98945
267 98387
268 97319
269 96710
270 95411
271 94700
272 93828
273 93496
274 93146
275 92135
276 91068
277 90538
278 89396
279 88560
280 88512
281 87013
282 85910
283 85568
284 85073
285 84097
286 84357
287 83316
288 83019
289 81615
290 81560
291 80192
292 80342
293 79646
294 78159
295 79007
296 77295
297 77054
298 76642
299 75706
300 75535
301 74569
302 73847
303 73297
304 72989
305 72332
306 71727
307 71311
308 70880
309 70077
310 69506
311 69365
312 68606
313 68433
314 67612
315 67081
316 66429
317 65711
318 65432
319 65087
320 64361
321 64379
322 63919
323 63317
324 62434
325 61973
326 62085
327 61581
328 60628
329 60715
330 60497
331 59604
332 59484
333 59394
334 58420
335 57945
336 57543
337 57654
338 56926
339 56802
340 56035
341 56224
342 55026
343 55072
344 55018
345 54625
346 53980
347 53309
348 52723
349 52834
350 52513
351 52008
352 52046
353 51408
354 51327
355 50747
356 50603
357 50057
358 49582
359 49771
360 49259
361 48999
362 48805
363 48666
364 48004
365 47670
366 47657
367 46671
368 46739
369 46625
370 46276
371 46186
372 45481
373 45332
374 45137
375 44799
376 44448
377 43915
378 43673
379 44155
380 43540
381 42730
382 43051
383 42707
384 42782
385 41936
386 42012
387 41653
388 41513
389 41333
390 40716
391 40841
392 40379
393 40077
394 40114
395 39738
396 39405
397 39328
398 39258
399 38784
400 38745
401 38261
402 37962
403 38139
404 37708
405 37304
406 37456
407 36950
408 36860
409 36454
410 36582
411 36340
412 36201
413 35824
414 35742
415 35441
416 35519
417 35501
418 34950
419 34609
420 34342
421 34594
422 34147
423 34041
424 33818
425 33311
426 33204
427 33190
428 33379
429 32729
430 32946
431 32505
432 32141
433 32086
434 31770
435 32163
436 32138
437 31620
438 31789
439 31400
440 31260
441 30955
442 30867
443 30991
444 30711
445 30437
446 30284
447 30173
448 29941
449 29697
450 29898
451 29578
452 29481
453 29479
454 29304
455 29004
456 28996
457 28974
458 28323
459 28629
460 28740
461 28126
462 28137
463 28127
464 28183
465 27965
466 27651
467 27597
468 27395
469 27617
470 27345
471 27149
472 27022
473 26973
474 27155
475 26618
476 26476
477 26488
478 26644
479 26149
480 26176
481 25839
482 25611
483 25865
484 25764
485 25364
486 25425
487 25621
488 25306
489 25334
490 25172
491 25164
492 24895
493 24793
494 24719
495 24791
496 24399
497 24444
498 24041
499 24033
500 24157
501 24021
502 23994
503 23807
504 23892
505 23810
506 23512
507 23425
508 23366
509 23046
510 23203
511 23106
512 23168
513 22861
514 22900
515 22865
516 22622
517 22562
518 22260
519 22370
520 22484
521 22236
522 22418
523 22019
524 22201
525 22108
526 22101
527 21816
528 21721
529 21832
530 21740
531 21507
532 21593
533 21368
534 21297
535 21204
536 21177
537 21504
538 21106
539 21121
540 20986
541 20920
542 20646
543 20834
544 20534
545 20568
546 20302
547 20286
548 20474
549 20277
550 20358
551 20090
552 20142
553 20168
554 20141
555 19763
556 19684
557 19723
558 19555
559 19565
560 19524
561 19315
562 19176
563 19142
564 19264
565 18978
566 18993
567 18864
568 18818
569 18741
570 18604
571 18751
572 18632
573 18387
574 18459
575 18318
576 18150
577 18320
578 18203
579 18171
580 18018
581 18070
582 17857
583 17669
584 17624
585 17458
586 17619
587 17640
588 17593
589 17403
590 17115
591 17243
592 17140
593 17099
594 17126
595 17226
596 17022
597 16910
598 16718
599 16648
600 16731
601 16537
602 16694
603 16490
604 16226
605 16199
606 16312
607 16157
608 16072
609 16048
610 16326
611 15869
612 15919
613 15888
614 15698
615 15663
616 15354
617 15532
618 15445
619 15421
620 15586
621 15328
622 15216
623 15169
624 15118
625 15074
626 14872
627 14845
628 14898
629 14983
630 14785
631 14648
632 14317
633 14598
634 14376
635 14598
636 14621
637 14259
638 14341
639 14096
640 14181
641 14134
642 13900
643 14061
644 13853
645 13806
646 13756
647 13519
648 13635
649 13750
650 13530
651 13447
652 13570
653 13321
654 13232
655 13344
656 13362
657 13106
658 13037
659 12963
660 13219
661 12958
662 12951
663 12805
664 12764
665 12636
666 12497
667 12719
668 12592
669 12704
670 12439
671 12504
672 12401
673 12429
674 12360
675 12446
676 12120
677 11988
678 12028
679 11810
680 11849
681 11849
682 12033
683 11757
684 11972
685 11647
686 11620
687 11662
688 11439
689 11392
690 11414
691 11402
692 11323
693 11397
694 11112
695 11209
696 11192
697 11187
698 11124
699 11049
700 11140
701 11106
702 10880
703 10942
704 10906
705 10922
706 10922
707 10805
708 10540
709 10605
710 10508
711 10576
712 10575
713 10675
714 10419
715 10424
716 10328
717 10358
718 10225
719 10263
720 10077
721 10197
722 10226
723 10189
724 10085
725 10021
726 9964
727 9946
728 10077
729 9774
730 9947
731 9668
732 9705
733 9743
734 9741
735 9635
736 9599
737 9541
738 9681
739 9648
740 9388
741 9605
742 9175
743 9286
744 9597
745 9190
746 9165
747 9312
748 9173
749 9136
750 9266
751 9108
752 9056
753 9039
754 8812
755 9198
756 8881
757 8903
758 8959
759 8834
760 8890
761 8857
762 9000
763 8623
764 8742
765 8588
766 8626
767 8726
768 8615
769 8808
770 8528
771 8513
772 8543
773 8210
774 8487
775 8390
776 8391
777 8550
778 8259
779 8151
780 8293
781 8205
782 8244
783 8290
784 8053
785 7974
786 7982
787 8148
788 7950
789 7933
790 7917
791 8013
792 7797
793 7935
794 8030
795 7910
796 7907
797 7913
798 7814
799 7900
800 7709
801 7702
802 7800
803 7800
804 7610
805 7653
806 7619
807 7573
808 7580
809 7482
810 7461
811 7490
812 7488
813 7451
814 7435
815 7391
816 7563
817 7265
818 7407
819 7373
820 7338
821 7345
822 7310
823 7308
824 7218
825 7211
826 7294
827 7075
828 7202
829 7157
830 7067
831 7124
832 6922
833 6848
834 7086
835 6988
836 7039
837 6966
838 6929
839 6984
840 6913
841 6950
842 6769
843 6985
844 6772
845 6815
846 6710
847 6708
848 6596
849 6911
850 6751
851 6579
852 6578
853 6482
854 6570
855 6489
856 6567
857 6567
858 6509
859 6475
860 6532
861 6437
862 6579
863 6421
864 6361
865 6526
866 6467
867 6301
868 6430
869 6431
870 6340
871 6409
872 6145
873 6218
874 6326
875 6357
876 6234
877 6184
878 6220
879 6140
880 6092
881 6183
882 5958
883 6017
884 6026
885 6187
886 6044
887 6127
888 5922
889 6010
890 6088
891 6081
892 6065
893 5784
894 5954
895 5872
896 5839
897 5805
898 5850
899 5847
900 5898
901 5739
902 5845
903 5822
904 5611
905 5788
906 5675
907 5612
908 5651
909 5833
910 5715
911 5804
912 5699
913 5466
914 5704
915 5602
916 5677
917 5532
918 5594
919 5583
920 5600
921 5407
922 5440
923 5511
924 5419
925 5355
926 5495
927 5260
928 5374
929 5203
930 5439
931 5401
932 5310
933 5362
934 5318
935 5274
936 5388
937 5213
938 5201
939 5165
940 5290
941 5234
942 5193
943 5246
944 5159
945 5190
946 5162
947 5199
948 5079
949 5230
950 5150
951 5089
952 5051
953 4906
954 4994
955 5019
956 5063
957 4985
958 5116
959 4896
960 4901
961 4873
962 4841
963 4958
964 4856
965 4819
966 4811
967 4874
968 4832
969 5006
970 4805
971 4711
972 4847
973 4808
974 4748
975 4763
976 4667
977 4832
978 4731
979 4729
980 4760
981 4695
982 4578
983 4656
984 4603
985 4572
986 4558
987 4657
988 4684
989 4589
990 4594
991 4475
992 4515
993 4468
994 4577
995 4446
996 4546
997 4403
998 4492
999 4365
1000 4585
1001 4472
1002 4479
1003 4480
1004 4267
1005 4410
1006 4416
1007 4468
1008 4348
1009 4357
1010 4314
1011 4352
1012 4134
1013 4234
1014 4405
1015 4338
1016 4297
1017 4286
1018 4340
1019 4256
1020 4414
1021 4319
1022 4225
1023 4230
1024 4137
1025 4221
1026 4160
1027 4087
1028 4115
1029 4307
1030 4163
1031 4234
1032 4081
1033 4102
1034 4033
1035 4031
1036 4039
1037 4099
1038 4044
1039 4040
1040 4046
1041 3980
1042 3985
1043 3997
1044 3939
1045 3974
1046 3961
1047 4056
1048 3944
1049 3950
1050 3843
1051 3877
1052 4015
1053 3746
1054 3780
1055 3821
1056 3977
1057 3924
1058 3874
1059 3888
1060 3810
1061 3894
1062 3840
1063 3879
1064 3804
1065 3947
1066 3861
1067 3823
1068 3741
1069 3757
1070 3795
1071 3716
1072 3620
1073 3686
1074 3761
1075 3813
1076 3690
1077 3789
1078 3740
1079 3659
1080 3693
1081 3617
1082 3687
1083 3515
1084 3613
1085 3577
1086 3641
1087 3601
1088 3692
1089 3725
1090 3749
1091 3573
1092 3677
1093 3630
1094 3475
1095 3644
1096 3587
1097 3469
1098 3469
1099 3531
1100 3491
1101 3477
1102 3540
1103 3423
1104 3632
1105 3476
1106 3411
1107 3535
1108 3555
1109 3481
1110 3390
1111 3335
1112 3301
1113 3405
1114 3400
1115 3364
1116 3407
1117 3422
1118 3304
1119 3327
1120 3301
1121 3245
1122 3252
1123 3271
1124 3266
1125 3197
1126 3309
1127 3200
1128 3254
1129 3244
1130 3168
1131 3282
1132 3196
1133 3273
1134 3149
1135 3230
1136 3320
1137 3203
1138 3230
1139 3118
1140 3194
1141 3195
1142 3234
1143 3161
1144 3219
1145 3123
1146 3163
1147 3134
1148 3128
1149 3111
1150 3172
1151 3080
1152 3084
1153 3138
1154 3124
1155 3075
1156 2977
1157 3111
1158 3154
1159 3029
1160 3024
1161 3076
1162 3035
1163 3025
1164 2964
1165 3000
1166 2986
1167 3066
1168 2972
1169 2915
1170 2988
1171 2928
1172 2931
1173 2936
1174 3058
1175 2931
1176 2935
1177 2879
1178 3003
1179 2864
1180 2925
1181 2820
1182 2938
1183 2989
1184 2864
1185 2875
1186 2984
1187 2936
1188 2893
1189 2910
1190 2849
1191 2910
1192 2864
1193 2764
1194 2843
1195 2745
1196 2865
1197 2907
1198 2836
1199 2844
1200 2679
1201 2762
1202 2783
1203 2830
1204 2706
1205 2793
1206 2837
1207 2828
1208 2733
1209 2743
1210 2727
1211 2715
1212 2656
1213 2712
1214 2710
1215 2735
1216 2673
1217 2773
1218 2833
1219 2754
1220 2677
1221 2690
1222 2617
1223 2609
1224 2654
1225 2630
1226 2616
1227 2622
1228 2627
1229 2578
1230 2687
1231 2574
1232 2611
1233 2580
1234 2620
1235 2534
1236 2626
1237 2510
1238 2573
1239 2485
1240 2621
1241 2469
1242 2558
1243 2528
1244 2526
1245 2451
1246 2563
1247 2593
1248 2500
1249 2453
1250 2542
1251 2512
1252 2461
1253 2504
1254 2435
1255 2560
1256 2513
1257 2463
1258 2375
1259 2553
1260 2576
1261 2428
1262 2514
1263 2529
1264 2490
1265 2444
1266 2405
1267 2488
1268 2459
1269 2455
1270 2371
1271 2387
1272 2475
1273 2332
1274 2337
1275 2342
1276 2449
1277 2446
1278 2352
1279 2340
1280 2347
1281 2286
1282 2424
1283 2316
1284 2431
1285 2374
1286 2372
1287 2391
1288 2212
1289 2372
1290 2281
1291 2291
1292 2359
1293 2314
1294 2334
1295 2182
1296 2368
1297 2230
1298 2259
1299 2222
1300 2256
1301 2284
1302 2283
1303 2277
1304 2305
1305 2236
1306 2256
1307 2250
1308 2221
1309 2285
1310 2323
1311 2197
1312 2168
1313 2213
1314 2258
1315 2186
1316 2199
1317 2245
1318 2173
1319 2092
1320 2178
1321 2208
1322 2204
1323 2230
1324 2138
1325 2230
1326 2148
1327 2236
1328 2226
1329 2146
1330 2198
1331 2110
1332 2203
1333 2165
1334 2194
1335 2059
1336 2112
1337 2152
1338 2093
1339 2037
1340 2163
1341 2101
1342 2009
1343 2077
1344 2070
1345 2092
1346 2128
1347 2077
1348 2065
1349 2081
1350 2007
1351 2083
1352 2013
1353 2108
1354 2133
1355 2007
1356 2052
1357 2006
1358 2036
1359 1964
1360 2077
1361 1990
1362 2070
1363 2038
1364 2012
1365 2030
1366 1979
1367 2027
1368 1998
1369 1966
1370 1961
1371 2030
1372 2025
1373 1981
1374 2039
1375 2024
1376 2050
1377 2017
1378 1920
1379 2012
1380 1974
1381 1957
1382 1943
1383 1894
1384 1957
1385 1954
1386 2030
1387 1967
1388 1925
1389 1845
1390 1974
1391 1970
1392 1964
1393 1897
1394 1870
1395 1862
1396 1946
1397 1915
1398 1872
1399 1927
1400 1808
1401 1939
1402 1890
1403 1913
1404 1940
1405 1862
1406 1933
1407 1850
1408 1917
1409 1883
1410 1919
1411 1891
1412 1881
1413 1818
1414 1898
1415 1822
1416 1873
1417 1834
1418 1841
1419 1888
1420 1855
1421 1804
1422 1828
1423 1787
1424 1838
1425 1828
1426 1783
1427 1790
1428 1740
1429 1824
1430 1879
1431 1766
1432 1847
1433 1850
1434 1798
1435 1778
1436 1783
1437 1744
1438 1850
1439 1754
1440 1759
1441 1786
1442 1772
1443 1751
1444 1767
1445 1700
1446 1720
1447 1770
1448 1725
1449 1779
1450 1807
1451 1731
1452 1776
1453 1704
1454 1725
1455 1649
1456 1670
1457 1730
1458 1743
1459 1750
1460 1747
1461 1707
1462 1749
1463 1684
1464 1728
1465 1670
1466 1698
1467 1758
1468 1709
1469 1700
1470 1672
1471 1684
1472 1707
1473 1792
1474 1662
1475 1644
1476 1667
1477 1640
1478 1610
1479 1624
1480 1666
1481 1699
1482 1705
1483 1667
1484 1613
1485 1705
1486 1665
1487 1667
1488 1685
1489 1629
1490 1628
1491 1649
1492 1661
1493 1671
1494 1616
1495 1583
1496 1624
1497 1620
1498 1642
1499 1574
1500 1692
1501 1642
1502 1648
1503 1641
1504 1578
1505 1545
1506 1607
1507 1578
1508 1611
1509 1612
1510 1617
1511 1544
1512 1541
1513 1554
1514 1592
1515 1601
1516 1561
1517 1571
1518 1579
1519 1603
1520 1643
1521 1589
1522 1561
1523 1569
1524 1578
1525 1628
1526 1581
1527 1553
1528 1509
1529 1552
1530 1613
1531 1630
1532 1517
1533 1541
1534 1494
1535 1545
1536 1533
1537 1508
1538 1507
1539 1474
1540 1586
1541 1514
1542 1610
1543 1510
1544 1528
1545 1482
1546 1452
1547 1539
1548 1467
1549 1553
1550 1526
1551 1496
1552 1492
1553 1561
1554 1478
1555 1445
1556 1432
1557 1440
1558 1485
1559 1488
1560 1494
1561 1499
1562 1499
1563 1471
1564 1481
1565 1443
1566 1433
1567 1439
1568 1470
1569 1444
1570 1507
1571 1390
1572 1491
1573 1461
1574 1459
1575 1507
1576 1403
1577 1400
1578 1437
1579 1421
1580 1450
1581 1435
1582 1388
1583 1477
1584 1471
1585 1401
1586 1361
1587 1443
1588 1444
1589 1400
1590 1388
1591 1446
1592 1361
1593 1474
1594 1520
1595 1389
1596 1464
1597 1363
1598 1455
1599 1355
1600 1455
1601 1399
1602 1423
1603 1437
1604 1356
1605 1383
1606 1378
1607 1396
1608 1344
1609 1397
1610 1386
1611 1424
1612 1368
1613 1424
1614 1422
1615 1384
1616 1394
1617 1388
1618 1377
1619 1306
1620 1423
1621 1374
1622 1349
1623 1421
1624 1406
1625 1315
1626 1310
1627 1331
1628 1367
1629 1324
1630 1340
1631 1336
1632 1321
1633 1294
1634 1255
1635 1356
1636 1341
1637 1317
1638 1338
1639 1322
1640 1359
1641 1312
1642 1223
1643 1317
1644 1296
1645 1307
1646 1367
1647 1327
1648 1283
1649 1287
1650 1281
1651 1316
1652 1378
1653 1303
1654 1333
1655 1259
1656 1254
1657 1269
1658 1277
1659 1345
1660 1260
1661 1282
1662 1269
1663 1295
1664 1285
1665 1284
1666 1252
1667 1302
1668 1297
1669 1179
1670 1207
1671 1244
1672 1288
1673 1304
1674 1244
1675 1266
1676 1237
1677 1206
1678 1193
1679 1205
1680 1210
1681 1260
1682 1306
1683 1336
1684 1244
1685 1320
1686 1243
1687 1289
1688 1248
1689 1243
1690 1207
1691 1238
1692 1222
1693 1213
1694 1255
1695 1203
1696 1244
1697 1215
1698 1203
1699 1181
1700 1242
1701 1271
1702 1189
1703 1145
1704 1164
1705 1167
1706 1223
1707 1269
1708 1256
1709 1192
1710 1181
1711 1139
1712 1260
1713 1141
1714 1115
1715 1163
1716 1173
1717 1154
1718 1257
1719 1186
1720 1161
1721 1211
1722 1220
1723 1143
1724 1203
1725 1213
1726 1123
1727 1196
1728 1113
1729 1217
1730 1164
1731 1155
1732 1159
1733 1161
1734 1191
1735 1152
1736 1126
1737 1191
1738 1149
1739 1190
1740 1080
1741 1188
1742 1123
1743 1085
1744 1090
1745 1208
1746 1164
1747 1087
1748 1122
1749 1134
1750 1157
1751 1170
1752 1116
1753 1181
1754 1180
1755 1176
1756 1120
1757 1141
1758 1147
1759 1135
1760 1184
1761 1109
1762 1140
1763 1084
1764 1073
1765 1140
1766 1073
1767 1086
1768 1095
1769 1029
1770 1095
1771 1145
1772 1074
1773 1058
1774 1093
1775 1106
1776 1059
1777 1103
1778 1049
1779 1118
1780 1030
1781 1128
1782 1070
1783 1108
1784 1048
1785 1081
1786 1062
1787 1097
1788 1128
1789 1111
1790 1117
1791 1072
1792 1050
1793 1050
1794 1059
1795 1094
1796 1119
1797 1016
1798 1063
1799 1050
1800 1064
1801 1087
1802 985
1803 1093
1804 1064
1805 1043
1806 1075
1807 1073
1808 1040
1809 1065
1810 1123
1811 1054
1812 1040
1813 1074
1814 1089
1815 976
1816 1041
1817 1054
1818 1052
1819 1123
1820 983
1821 993
1822 1030
1823 1023
1824 1003
1825 1072
1826 1078
1827 1050
1828 1008
1829 955
1830 1006
1831 992
1832 993
1833 1058
1834 1025
1835 1028
1836 1022
1837 1044
1838 1056
1839 1032
1840 1009
1841 991
1842 1041
1843 1007
1844 1013
1845 984
1846 983
1847 1044
1848 976
1849 983
1850 1075
1851 989
1852 998
1853 980
1854 1053
1855 1046
1856 944
1857 1042
1858 1008
1859 998
1860 997
1861 1005
1862 1051
1863 965
1864 989
1865 947
1866 966
1867 1056
1868 1024
1869 988
1870 928
1871 898
1872 938
1873 944
1874 993
1875 940
1876 1010
1877 919
1878 992
1879 946
1880 990
1881 993
1882 948
1883 949
1884 968
1885 908
1886 936
1887 962
1888 934
1889 1031
1890 997
1891 914
1892 941
1893 1019
1894 936
1895 954
1896 959
1897 958
1898 906
1899 908
1900 971
1901 926
1902 1013
1903 927
1904 962
1905 987
1906 932
1907 956
1908 938
1909 941
1910 941
1911 908
1912 973
1913 971
1914 965
1915 1028
1916 902
1917 927
1918 897
1919 918
1920 940
1921 939
1922 918
1923 949
1924 938
1925 910
1926 921
1927 987
1928 832
1929 922
1930 926
1931 926
1932 874
1933 888
1934 958
1935 850
1936 925
1937 903
1938 959
1939 899
1940 947
1941 903
1942 905
1943 935
1944 943
1945 865
1946 892
1947 863
1948 893
1949 882
1950 921
1951 928
1952 894
1953 923
1954 918
1955 917
1956 910
1957 922
1958 891
1959 930
1960 890
1961 882
1962 877
1963 831
1964 874
1965 888
1966 911
1967 892
1968 856
1969 883
1970 930
1971 928
1972 903
1973 892
1974 801
1975 921
1976 867
1977 898
1978 882
1979 855
1980 829
1981 858
1982 865
1983 859
1984 927
1985 876
1986 877
1987 860
1988 850
1989 833
1990 898
1991 898
1992 863
1993 886
1994 832
1995 834
1996 900
1997 865
1998 857
1999 855
2000 835
2001 843
2002 856
2003 828
2004 832
2005 904
2006 790
2007 870
2008 864
2009 886
2010 820
2011 868
2012 850
2013 841
2014 859
2015 888
2016 817
2017 811
2018 802
2019 769
2020 815
2021 865
2022 826
2023 809
2024 783
2025 770
2026 770
2027 784
2028 843
2029 835
2030 809
2031 840
2032 816
2033 770
2034 875
2035 850
2036 834
2037 837
2038 828
2039 764
2040 823
2041 853
2042 782
2043 805
2044 804
2045 841
2046 815
2047 809
2048 859
2049 800
2050 809
2051 802
2052 819
2053 811
2054 802
2055 785
2056 815
2057 812
2058 804
2059 763
2060 749
2061 736
2062 811
2063 774
2064 805
2065 786
2066 800
2067 806
2068 787
2069 768
2070 724
2071 789
2072 802
2073 830
2074 761
2075 748
2076 817
2077 836
2078 817
2079 766
2080 811
2081 779
2082 741
2083 777
2084 796
2085 742
2086 763
2087 800
2088 797
2089 752
2090 841
2091 785
2092 789
2093 787
2094 755
2095 747
2096 752
2097 793
2098 753
2099 780
2100 767
2101 766
2102 738
2103 750
2104 768
2105 685
2106 739
2107 740
2108 758
2109 730
2110 775
2111 737
2112 753
2113 745
2114 769
2115 762
2116 773
2117 742
2118 749
2119 736
2120 718
2121 732
2122 718
2123 727
2124 756
2125 692
2126 697
2127 772
2128 756
2129 762
2130 716
2131 736
2132 725
2133 764
2134 711
2135 742
2136 741
2137 776
2138 749
2139 752
2140 802
2141 699
2142 706
2143 702
2144 738
2145 730
2146 731
2147 730
2148 720
2149 747
2150 724
2151 704
2152 713
2153 747
2154 747
2155 702
2156 734
2157 689
2158 714
2159 707
2160 712
2161 719
2162 778
2163 724
2164 750
2165 734
2166 652
2167 717
2168 701
2169 721
2170 755
2171 681
2172 728
2173 674
2174 691
2175 738
2176 684
2177 732
2178 690
2179 716
2180 708
2181 686
2182 683
2183 755
2184 747
2185 713
2186 640
2187 630
2188 665
2189 717
2190 657
2191 703
2192 708
2193 720
2194 690
2195 659
2196 694
2197 701
2198 723
2199 726
2200 741
2201 642
2202 695
2203 696
2204 688
2205 700
2206 716
2207 677
2208 663
2209 697
2210 658
2211 655
2212 707
2213 693
2214 679
2215 705
2216 730
2217 648
2218 727
2219 676
2220 659
2221 677
2222 643
2223 638
2224 708
2225 668
2226 686
2227 691
2228 724
2229 667
2230 639
2231 693
2232 661
2233 641
2234 702
2235 711
2236 690
2237 716
2238 683
2239 657
2240 604
2241 699
2242 631
2243 682
2244 651
2245 647
2246 701
2247 633
2248 622
2249 644
2250 621
2251 655
2252 611
2253 625
2254 643
2255 668
2256 673
2257 650
2258 602
2259 666
2260 629
2261 642
2262 661
2263 648
2264 683
2265 640
2266 610
2267 614
2268 661
2269 604
2270 673
2271 664
2272 671
2273 604
2274 657
2275 654
2276 665
2277 612
2278 630
2279 626
2280 642
2281 642
2282 611
2283 620
2284 632
2285 629
2286 608
2287 607
2288 635
2289 624
2290 644
2291 650
2292 676
2293 632
2294 604
2295 643
2296 631
2297 649
2298 607
2299 638
2300 595
2301 657
2302 576
2303 640
2304 644
2305 605
2306 632
2307 611
2308 653
2309 611
2310 619
2311 570
2312 618
2313 604
2314 594
2315 638
2316 622
2317 606
2318 646
2319 622
2320 620
2321 599
2322 622
2323 618
2324 575
2325 626
2326 681
2327 611
2328 623
2329 613
2330 608
2331 596
2332 653
2333 607
2334 580
2335 597
2336 667
2337 618
2338 611
2339 625
2340 596
2341 597
2342 608
2343 615
2344 641
2345 544
2346 610
2347 628
2348 583
2349 583
2350 612
2351 594
2352 596
2353 610
2354 582
2355 607
2356 576
2357 620
2358 606
2359 577
2360 581
2361 541
2362 615
2363 588
2364 577
2365 579
2366 586
2367 621
2368 586
2369 599
2370 566
2371 555
2372 593
2373 576
2374 614
2375 562
2376 576
2377 566
2378 600
2379 633
2380 592
2381 594
2382 580
2383 631
2384 557
2385 561
2386 580
2387 585
2388 566
2389 553
2390 575
2391 578
2392 571
2393 568
2394 550
2395 568
2396 583
2397 520
2398 578
2399 566
2400 612
2401 616
2402 600
2403 555
2404 610
2405 608
2406 592
2407 582
2408 596
2409 570
2410 582
2411 553
2412 577
2413 560
2414 552
2415 536
2416 553
2417 562
2418 521
2419 536
2420 520
2421 618
2422 553
2423 546
2424 554
2425 543
2426 559
2427 586
2428 594
2429 555
2430 551
2431 572
2432 526
2433 571
2434 558
2435 529
2436 548
2437 566
2438 559
2439 529
2440 550
2441 578
2442 520
2443 579
2444 504
2445 567
2446 582
2447 566
2448 578
2449 568
2450 560
2451 532
2452 575
2453 554
2454 526
2455 615
2456 523
2457 547
2458 587
2459 502
2460 492
2461 563
2462 499
2463 557
2464 557
2465 570
2466 578
2467 499
2468 521
2469 535
2470 555
2471 546
2472 517
2473 525
2474 562
2475 543
2476 519
2477 545
2478 527
2479 476
2480 550
2481 562
2482 568
2483 546
2484 557
2485 535
2486 537
2487 546
2488 539
2489 526
2490 550
2491 510
2492 486
2493 524
2494 570
2495 473
2496 488
2497 525
2498 526
2499 536
2500 515
2501 545
2502 506
2503 508
2504 530
2505 503
2506 505
2507 507
2508 490
2509 537
2510 524
2511 556
2512 484
2513 562
2514 522
2515 525
2516 518
2517 514
2518 518
2519 522
2520 509
2521 521
2522 467
2523 494
2524 527
2525 512
2526 518
2527 534
2528 545
2529 518
2530 472
2531 532
2532 510
2533 568
2534 501
2535 534
2536 522
2537 464
2538 496
2539 493
2540 496
2541 504
2542 525
2543 511
2544 465
2545 510
2546 503
2547 469
2548 492
2549 469
2550 547
2551 496
2552 518
2553 512
2554 510
2555 463
2556 554
2557 462
2558 504
2559 507
2560 492
2561 460
2562 514
2563 501
2564 507
2565 503
2566 510
2567 495
2568 480
2569 472
2570 517
2571 493
2572 461
2573 479
2574 513
2575 507
2576 502
2577 501
2578 522
2579 504
2580 512
2581 460
2582 495
2583 469
2584 535
2585 468
2586 467
2587 503
2588 486
2589 481
2590 475
2591 450
2592 501
2593 490
2594 489
2595 489
2596 496
2597 468
2598 492
2599 459
2600 461
2601 470
2602 503
2603 439
2604 499
2605 442
2606 510
2607 483
2608 475
2609 498
2610 457
2611 481
2612 493
2613 476
2614 475
2615 446
2616 475
2617 451
2618 462
2619 467
2620 463
2621 480
2622 526
2623 470
2624 466
2625 487
2626 463
2627 467
2628 463
2629 450
2630 503
2631 508
2632 466
2633 474
2634 468
2635 476
2636 460
2637 465
2638 453
2639 451
2640 441
2641 473
2642 479
2643 484
2644 434
2645 458
2646 459
2647 442
2648 489
2649 474
2650 481
2651 441
2652 467
2653 478
2654 461
2655 475
2656 438
2657 465
2658 462
2659 500
2660 459
2661 489
2662 432
2663 472
2664 448
2665 468
2666 489
2667 447
2668 450
2669 449
2670 444
2671 476
2672 465
2673 463
2674 488
2675 451
2676 409
2677 484
2678 456
2679 461
2680 454
2681 448
2682 461
2683 460
2684 472
2685 464
2686 464
2687 446
2688 481
2689 455
2690 457
2691 424
2692 430
2693 480
2694 423
2695 433
2696 467
2697 457
2698 424
2699 443
2700 466
2701 465
2702 467
2703 462
2704 427
2705 468
2706 502
2707 474
2708 429
2709 440
2710 434
2711 401
2712 457
2713 428
2714 466
2715 468
2716 489
2717 476
2718 447
2719 448
2720 419
2721 436
2722 425
2723 430
2724 475
2725 452
2726 428
2727 454
2728 442
2729 453
2730 444
2731 420
2732 440
2733 409
2734 425
2735 468
2736 494
2737 417
2738 393
2739 450
2740 472
2741 414
2742 448
2743 461
2744 437
2745 414
2746 462
2747 417
2748 458
2749 421
2750 424
2751 434
2752 456
2753 435
2754 441
2755 441
2756 423
2757 432
2758 398
2759 420
2760 445
2761 453
2762 427
2763 464
2764 384
2765 453
2766 418
2767 444
2768 408
2769 444
2770 409
2771 403
2772 432
2773 448
2774 432
2775 429
2776 406
2777 376
2778 458
2779 432
2780 424
2781 440
2782 432
2783 439
2784 449
2785 425
2786 383
2787 411
2788 428
2789 444
2790 437
2791 404
2792 420
2793 398
2794 431
2795 444
2796 409
2797 409
2798 435
2799 399
2800 414
2801 424
2802 453
2803 399
2804 400
2805 473
2806 413
2807 432
2808 391
2809 419
2810 430
2811 395
2812 415
2813 430
2814 442
2815 382
2816 432
2817 395
2818 416
2819 420
2820 435
2821 375
2822 435
2823 388
2824 383
2825 435
2826 392
2827 423
2828 412
2829 414
2830 441
2831 403
2832 422
2833 391
2834 409
2835 410
2836 420
2837 413
2838 391
2839 412
2840 391
2841 390
2842 397
2843 384
2844 399
2845 444
2846 389
2847 405
2848 394
2849 384
2850 414
2851 404
2852 423
2853 386
2854 432
2855 417
2856 403
2857 371
2858 414
2859 393
2860 375
2861 384
2862 364
2863 392
2864 429
2865 410
2866 400
2867 406
2868 398
2869 416
2870 412
2871 387
2872 394
2873 408
2874 378
2875 389
2876 374
2877 394
2878 381
2879 424
2880 394
2881 421
2882 380
2883 424
2884 391
2885 401
2886 394
2887 416
2888 385
2889 413
2890 373
2891 423
2892 408
2893 418
2894 393
2895 408
2896 362
2897 380
2898 423
2899 378
2900 410
2901 394
2902 383
2903 400
2904 392
2905 357
2906 426
2907 399
2908 364
2909 398
2910 416
2911 395
2912 385
2913 373
2914 354
2915 391
2916 399
2917 396
2918 413
2919 372
2920 379
2921 367
2922 383
2923 396
2924 400
2925 368
2926 346
2927 356
2928 338
2929 362
2930 419
2931 354
2932 360
2933 405
2934 358
2935 392
2936 397
2937 358
2938 409
2939 393
2940 409
2941 369
2942 354
2943 402
2944 373
2945 385
2946 389
2947 398
2948 374
2949 407
2950 334
2951 388
2952 391
2953 375
2954 374
2955 365
2956 396
2957 373
2958 402
2959 360
2960 366
2961 381
2962 392
2963 391
2964 364
2965 390
2966 363
2967 405
2968 414
2969 370
2970 372
2971 375
2972 366
2973 378
2974 398
2975 360
2976 370
2977 373
2978 356
2979 385
2980 398
2981 383
2982 386
2983 371
2984 346
2985 379
2986 340
2987 390
2988 404
2989 355
2990 364
2991 388
2992 329
2993 376
2994 354
2995 373
2996 371
2997 389
2998 377
2999 350
3000 366
3001 365
3002 369
3003 334
3004 356
3005 380
3006 390
3007 346
3008 366
3009 381
3010 366
3011 328
3012 364
3013 343
3014 366
3015 347
3016 346
3017 349
3018 398
3019 375
3020 359
3021 375
3022 363
3023 366
3024 354
3025 367
3026 358
3027 328
3028 391
3029 386
3030 350
3031 342
3032 385
3033 380
3034 352
3035 369
3036 353
3037 358
3038 376
3039 369
3040 363
3041 334
3042 342
3043 366
3044 378
3045 350
3046 346
3047 387
3048 361
3049 343
3050 378
3051 377
3052 361
3053 363
3054 372
3055 378
3056 346
3057 334
3058 352
3059 307
3060 371
3061 364
3062 365
3063 327
3064 380
3065 336
3066 384
3067 350
3068 350
3069 334
3070 349
3071 410
3072 344
3073 409
3074 351
3075 362
3076 305
3077 351
3078 324
3079 336
3080 356
3081 316
3082 346
3083 339
3084 352
3085 340
3086 324
3087 331
3088 373
3089 320
3090 354
3091 359
3092 356
3093 363
3094 328
3095 349
3096 334
3097 315
3098 339
3099 340
3100 328
3101 337
3102 342
3103 350
3104 322
3105 342
3106 295
3107 356
3108 329
3109 334
3110 306
3111 319
3112 321
3113 374
3114 344
3115 328
3116 328
3117 321
3118 367
3119 357
3120 323
3121 328
3122 352
3123 309
3124 337
3125 363
3126 365
3127 351
3128 352
3129 324
3130 331
3131 348
3132 316
3133 353
3134 340
3135 324
3136 306
3137 320
3138 341
3139 313
3140 323
3141 300
3142 340
3143 367
3144 323
3145 338
3146 347
3147 303
3148 317
3149 308
3150 307
3151 305
3152 310
3153 352
3154 323
3155 305
3156 331
3157 326
3158 356
3159 326
3160 334
3161 361
3162 333
3163 305
3164 315
3165 319
3166 335
3167 338
3168 338
3169 328
3170 311
3171 344
3172 317
3173 354
3174 339
3175 364
3176 317
3177 324
3178 323
3179 310
3180 321
3181 325
3182 342
3183 344
3184 347
3185 329
3186 314
3187 264
3188 322
3189 341
3190 328
3191 337
3192 337
3193 317
3194 309
3195 308
3196 310
3197 298
3198 325
3199 277
3200 335
3201 329
3202 330
3203 307
3204 336
3205 327
3206 338
3207 322
3208 348
3209 353
3210 327
3211 325
3212 306
3213 311
3214 315
3215 322
3216 299
3217 306
3218 288
3219 329
3220 289
3221 321
3222 309
3223 312
3224 311
3225 313
3226 292
3227 316
3228 327
3229 270
3230 312
3231 312
3232 324
3233 290
3234 289
3235 322
3236 333
3237 322
3238 337
3239 295
3240 309
3241 281
3242 342
3243 309
3244 275
3245 305
3246 316
3247 306
3248 316
3249 318
3250 314
3251 274
3252 310
3253 342
3254 316
3255 316
3256 282
3257 310
3258 288
3259 327
3260 320
3261 314
3262 318
3263 339
3264 310
3265 275
3266 275
3267 307
3268 301
3269 302
3270 302
3271 334
3272 297
3273 289
3274 285
3275 300
3276 282
3277 307
3278 306
3279 306
3280 294
3281 334
3282 315
3283 296
3284 298
3285 316
3286 341
3287 280
3288 306
3289 318
3290 301
3291 300
3292 251
3293 288
3294 322
3295 283
3296 328
3297 318
3298 320
3299 262
3300 318
3301 298
3302 268
3303 286
3304 319
3305 298
3306 283
3307 318
3308 263
3309 307
3310 307
3311 275
3312 281
3313 280
3314 273
3315 270
3316 284
3317 285
3318 282
3319 301
3320 287
3321 293
3322 277
3323 293
3324 288
3325 292
3326 336
3327 303
3328 317
3329 320
3330 314
3331 286
3332 303
3333 290
3334 281
3335 303
3336 251
3337 277
3338 271
3339 303
3340 292
3341 302
3342 290
3343 305
3344 305
3345 293
3346 276
3347 277
3348 289
3349 283
3350 283
3351 298
3352 324
3353 335
3354 298
3355 280
3356 297
3357 288
3358 300
3359 311
3360 281
3361 275
3362 278
3363 277
3364 279
3365 271
3366 308
3367 301
3368 271
3369 274
3370 318
3371 247
3372 296
3373 275
3374 307
3375 308
3376 311
3377 312
3378 285
3379 326
3380 281
3381 268
3382 299
3383 309
3384 297
3385 282
3386 269
3387 275
3388 314
3389 290
3390 275
3391 290
3392 307
3393 304
3394 279
3395 272
3396 274
3397 262
3398 314
3399 262
3400 293
3401 299
3402 269
3403 275
3404 269
3405 301
3406 277
3407 278
3408 297
3409 280
3410 255
3411 278
3412 278
3413 266
3414 263
3415 336
3416 258
3417 266
3418 295
3419 268
3420 331
3421 263
3422 284
3423 304
3424 280
3425 284
3426 271
3427 281
3428 283
3429 310
3430 274
3431 302
3432 253
3433 286
3434 293
3435 281
3436 270
3437 262
3438 258
3439 246
3440 298
3441 257
3442 303
3443 279
3444 284
3445 290
3446 300
3447 267
3448 284
3449 247
3450 271
3451 298
3452 285
3453 252
3454 255
3455 261
3456 284
3457 304
3458 267
3459 286
3460 262
3461 259
3462 276
3463 263
3464 264
3465 260
3466 290
3467 267
3468 266
3469 276
3470 277
3471 265
3472 275
3473 264
3474 269
3475 267
3476 259
3477 323
3478 250
3479 239
3480 276
3481 289
3482 275
3483 262
3484 267
3485 278
3486 274
3487 276
3488 239
3489 250
3490 288
3491 269
3492 279
3493 279
3494 261
3495 253
3496 267
3497 256
3498 267
3499 238
3500 268
3501 274
3502 288
3503 260
3504 312
3505 274
3506 264
3507 270
3508 260
3509 273
3510 277
3511 262
3512 250
3513 295
3514 229
3515 271
3516 238
3517 271
3518 277
3519 261
3520 265
3521 261
3522 265
3523 248
3524 250
3525 261
3526 273
3527 264
3528 245
3529 276
3530 222
3531 262
3532 276
3533 249
3534 273
3535 280
3536 236
3537 249
3538 285
3539 250
3540 260
3541 281
3542 282
3543 257
3544 244
3545 251
3546 238
3547 246
3548 262
3549 264
3550 254
3551 253
3552 286
3553 260
3554 252
3555 261
3556 234
3557 290
3558 263
3559 251
3560 260
3561 268
3562 250
3563 274
3564 263
3565 240
3566 259
3567 244
3568 268
3569 265
3570 266
3571 263
3572 259
3573 265
3574 238
3575 245
3576 270
3577 227
3578 255
3579 256
3580 258
3581 253
3582 266
3583 246
3584 264
3585 245
3586 247
3587 226
3588 266
3589 241
3590 273
3591 254
3592 236
3593 260
3594 263
3595 252
3596 276
3597 247
3598 242
3599 245
3600 256
3601 248
3602 259
3603 238
3604 251
3605 261
3606 254
3607 247
3608 237
3609 251
3610 251
3611 228
3612 231
3613 246
3614 289
3615 272
3616 271
3617 246
3618 273
3619 248
3620 243
3621 246
3622 257
3623 249
3624 235
3625 234
3626 253
3627 250
3628 246
3629 278
3630 231
3631 249
3632 254
3633 249
3634 269
3635 252
3636 267
3637 258
3638 247
3639 211
3640 212
3641 225
3642 225
3643 238
3644 247
3645 252
3646 251
3647 242
3648 254
3649 267
3650 266
3651 264
3652 242
3653 267
3654 233
3655 259
3656 234
3657 227
3658 256
3659 242
3660 248
3661 255
3662 235
3663 246
3664 225
3665 225
3666 230
3667 266
3668 257
3669 252
3670 225
3671 238
3672 251
3673 223
3674 257
3675 206
3676 230
3677 256
3678 237
3679 236
3680 263
3681 254
3682 241
3683 261
3684 217
3685 245
3686 234
3687 240
3688 237
3689 252
3690 239
3691 249
3692 240
3693 211
3694 257
3695 246
3696 240
3697 239
3698 214
3699 220
3700 273
3701 240
3702 264
3703 236
3704 253
3705 257
3706 240
3707 246
3708 227
3709 232
3710 233
3711 236
3712 225
3713 227
3714 228
3715 222
3716 259
3717 240
3718 257
3719 223
3720 272
3721 242
3722 245
3723 259
3724 242
3725 238
3726 243
3727 217
3728 234
3729 231
3730 241
3731 242
3732 270
3733 224
3734 220
3735 236
3736 249
3737 237
3738 232
3739 230
3740 247
3741 263
3742 215
3743 216
3744 235
3745 225
3746 222
3747 225
3748 251
3749 228
3750 233
3751 228
3752 237
3753 219
3754 236
3755 216
3756 237
3757 232
3758 258
3759 218
3760 231
3761 236
3762 197
3763 254
3764 246
3765 216
3766 243
3767 227
3768 206
3769 240
3770 226
3771 244
3772 222
3773 226
3774 247
3775 264
3776 229
3777 229
3778 260
3779 239
3780 230
3781 244
3782 232
3783 228
3784 230
3785 236
3786 244
3787 245
3788 237
3789 225
3790 227
3791 235
3792 245
3793 230
3794 224
3795 226
3796 210
3797 240
3798 241
3799 238
3800 236
3801 247
3802 233
3803 245
3804 206
3805 226
3806 206
3807 212
3808 232
3809 230
3810 238
3811 222
3812 230
3813 221
3814 212
3815 227
3816 222
3817 213
3818 203
3819 203
3820 257
3821 214
3822 199
3823 226
3824 236
3825 220
3826 238
3827 208
3828 248
3829 244
3830 223
3831 213
3832 227
3833 225
3834 203
3835 232
3836 237
3837 227
3838 192
3839 245
3840 226
3841 199
3842 237
3843 229
3844 212
3845 245
3846 248
3847 230
3848 225
3849 232
3850 241
3851 226
3852 221
3853 232
3854 216
3855 233
3856 217
3857 223
3858 232
3859 227
3860 244
3861 230
3862 211
3863 211
3864 208
3865 222
3866 203
3867 235
3868 207
3869 239
3870 211
3871 217
3872 257
3873 223
3874 228
3875 253
3876 253
3877 220
3878 196
3879 203
3880 223
3881 228
3882 234
3883 203
3884 206
3885 217
3886 218
3887 207
3888 240
3889 229
3890 209
3891 212
3892 222
3893 205
3894 204
3895 230
3896 233
3897 198
3898 226
3899 194
3900 212
3901 228
3902 221
3903 219
3904 192
3905 224
3906 220
3907 220
3908 210
3909 207
3910 199
3911 204
3912 231
3913 215
3914 227
3915 213
3916 216
3917 236
3918 216
3919 211
3920 222
3921 239
3922 236
3923 210
3924 217
3925 236
3926 222
3927 230
3928 214
3929 243
3930 246
3931 222
3932 206
3933 216
3934 220
3935 185
3936 203
3937 225
3938 209
3939 206
3940 221
3941 222
3942 231
3943 224
3944 215
3945 202
3946 197
3947 230
3948 247
3949 209
3950 224
3951 205
3952 223
3953 235
3954 206
3955 215
3956 212
3957 205
3958 232
3959 221
3960 220
3961 224
3962 232
3963 221
3964 213
3965 226
3966 199
3967 206
3968 207
3969 212
3970 233
3971 233
3972 198
3973 227
3974 189
3975 205
3976 219
3977 201
3978 226
3979 211
3980 208
3981 219
3982 216
3983 208
3984 227
3985 240
3986 183
3987 230
3988 221
3989 212
3990 219
3991 238
3992 212
3993 204
3994 210
3995 208
3996 229
3997 199
3998 213
3999 236
4000 231
4001 224
4002 199
4003 212
4004 206
4005 225
4006 202
4007 233
4008 211
4009 182
4010 203
4011 184
4012 202
4013 220
4014 224
4015 242
4016 201
4017 210
4018 202
4019 213
4020 207
4021 213
4022 224
4023 221
4024 221
4025 230
4026 216
4027 204
4028 199
4029 189
4030 206
4031 204
4032 214
4033 193
4034 200
4035 215
4036 216
4037 203
4038 217
4039 209
4040 176
4041 214
4042 185
4043 207
4044 199
4045 230
4046 205
4047 218
4048 221
4049 212
4050 178
4051 195
4052 192
4053 196
4054 216
4055 192
4056 212
4057 218
4058 206
4059 216
4060 204
4061 213
4062 203
4063 221
4064 187
4065 203
4066 212
4067 198
4068 205
4069 195
4070 198
4071 217
4072 198
4073 214
4074 206
4075 182
4076 198
4077 181
4078 222
4079 202
4080 209
4081 171
4082 186
4083 198
4084 214
4085 199
4086 190
4087 231
4088 219
4089 211
4090 229
4091 193
4092 180
4093 202
4094 206
4095 191
4096 234
4097 216
4098 233
4099 225
4100 182
4101 176
4102 214
4103 228
4104 230
4105 208
4106 237
4107 191
4108 190
4109 213
4110 195
4111 212
4112 198
4113 203
4114 190
4115 212
4116 203
4117 212
4118 170
4119 218
4120 207
4121 197
4122 180
4123 207
4124 207
4125 210
4126 194
4127 215
4128 205
4129 204
4130 205
4131 187
4132 161
4133 196
4134 195
4135 201
4136 193
4137 204
4138 196
4139 201
4140 175
4141 207
4142 180
4143 208
4144 187
4145 224
4146 202
4147 188
4148 182
4149 219
4150 217
4151 211
4152 219
4153 207
4154 212
4155 213
4156 190
4157 194
4158 190
4159 187
4160 167
4161 176
4162 216
4163 202
4164 191
4165 193
4166 214
4167 191
4168 197
4169 195
4170 195
4171 214
4172 202
4173 167
4174 186
4175 210
4176 165
4177 210
4178 185
4179 173
4180 225
4181 203
4182 220
4183 184
4184 181
4185 208
4186 199
4187 184
4188 197
4189 179
4190 193
4191 188
4192 200
4193 195
4194 198
4195 207
4196 193
4197 210
4198 198
4199 205
4200 192
4201 196
4202 190
4203 199
4204 212
4205 187
4206 230
4207 190
4208 186
4209 177
4210 184
4211 190
4212 180
4213 196
4214 204
4215 208
4216 174
4217 216
4218 211
4219 181
4220 224
4221 183
4222 195
4223 192
4224 179
4225 208
4226 210
4227 205
4228 213
4229 203
4230 211
4231 190
4232 187
4233 193
4234 214
4235 198
4236 182
4237 205
4238 230
4239 198
4240 191
4241 176
4242 195
4243 193
4244 172
4245 186
4246 223
4247 177
4248 152
4249 184
4250 209
4251 199
4252 194
4253 177
4254 181
4255 182
4256 208
4257 192
4258 179
4259 187
4260 169
4261 209
4262 188
4263 200
4264 198
4265 213
4266 178
4267 210
4268 168
4269 192
4270 166
4271 199
4272 203
4273 187
4274 174
4275 194
4276 200
4277 213
4278 202
4279 170
4280 219
4281 176
4282 173
4283 181
4284 171
4285 193
4286 150
4287 175
4288 189
4289 171
4290 172
4291 192
4292 206
4293 190
4294 198
4295 193
4296 188
4297 188
4298 186
4299 176
4300 171
4301 188
4302 194
4303 176
4304 193
4305 179
4306 191
4307 171
4308 184
4309 188
4310 201
4311 192
4312 176
4313 184
4314 176
4315 165
4316 193
4317 192
4318 202
4319 158
4320 194
4321 188
4322 176
4323 166
4324 195
4325 180
4326 225
4327 206
4328 215
4329 189
4330 201
4331 185
4332 200
4333 190
4334 199
4335 178
4336 190
4337 169
4338 198
4339 180
4340 181
4341 188
4342 161
4343 185
4344 190
4345 224
4346 218
4347 186
4348 205
4349 218
4350 169
4351 194
4352 167
4353 194
4354 184
4355 202
4356 206
4357 190
4358 182
4359 170
4360 204
4361 203
4362 179
4363 198
4364 159
4365 175
4366 179
4367 216
4368 182
4369 188
4370 199
4371 191
4372 191
4373 192
4374 200
4375 176
4376 194
4377 183
4378 193
4379 200
4380 195
4381 197
4382 200
4383 192
4384 156
4385 180
4386 182
4387 183
4388 175
4389 195
4390 188
4391 183
4392 169
4393 203
4394 171
4395 189
4396 198
4397 195
4398 196
4399 198
4400 197
4401 188
4402 187
4403 182
4404 193
4405 204
4406 178
4407 166
4408 190
4409 193
4410 187
4411 166
4412 186
4413 179
4414 191
4415 180
4416 201
4417 157
4418 168
4419 207
4420 202
4421 203
4422 203
4423 225
4424 166
4425 206
4426 177
4427 202
4428 214
4429 203
4430 191
4431 182
4432 191
4433 175
4434 176
4435 197
4436 195
4437 174
4438 184
4439 206
4440 188
4441 179
4442 167
4443 185
4444 180
4445 176
4446 160
4447 170
4448 185
4449 187
4450 182
4451 168
4452 175
4453 214
4454 175
4455 202
4456 202
4457 175
4458 190
4459 171
4460 190
4461 184
4462 165
4463 180
4464 201
4465 165
4466 198
4467 179
4468 182
4469 185
4470 181
4471 180
4472 187
4473 180
4474 181
4475 196
4476 186
4477 179
4478 199
4479 158
4480 178
4481 176
4482 189
4483 174
4484 164
4485 195
4486 174
4487 198
4488 158
4489 180
4490 198
4491 170
4492 183
4493 188
4494 202
4495 188
4496 176
4497 192
4498 173
4499 185
4500 175
4501 191
4502 170
4503 188
4504 174
4505 200
4506 199
4507 181
4508 203
4509 199
4510 173
4511 209
4512 169
4513 188
4514 206
4515 191
4516 184
4517 191
4518 200
4519 164
4520 191
4521 175
4522 191
4523 171
4524 178
4525 184
4526 196
4527 175
4528 177
4529 185
4530 187
4531 207
4532 183
4533 187
4534 176
4535 199
4536 169
4537 192
4538 190
4539 191
4540 182
4541 202
4542 173
4543 182
4544 179
4545 180
4546 191
4547 164
4548 204
4549 166
4550 173
4551 183
4552 156
4553 169
4554 162
4555 165
4556 186
4557 186
4558 175
4559 178
4560 173
4561 179
4562 172
4563 173
4564 181
4565 176
4566 170
4567 193
4568 175
4569 173
4570 220
4571 203
4572 160
4573 180
4574 172
4575 177
4576 193
4577 187
4578 172
4579 190
4580 186
4581 184
4582 165
4583 202
4584 171
4585 195
4586 194
4587 188
4588 173
4589 206
4590 191
4591 197
4592 169
4593 218
4594 181
4595 169
4596 180
4597 188
4598 186
4599 170
4600 153
4601 177
4602 163
4603 178
4604 193
4605 205
4606 185
4607 208
4608 177
4609 167
4610 171
4611 192
4612 204
4613 168
4614 177
4615 170
4616 163
4617 180
4618 159
4619 185
4620 188
4621 178
4622 184
4623 175
4624 167
4625 164
4626 154
4627 194
4628 162
4629 189
4630 177
4631 176
4632 173
4633 180
4634 184
4635 163
4636 179
4637 179
4638 203
4639 166
4640 169
4641 168
4642 173
4643 177
4644 164
4645 198
4646 174
4647 180
4648 187
4649 174
4650 164
4651 175
4652 184
4653 177
4654 207
4655 168
4656 190
4657 189
4658 145
4659 151
4660 176
4661 178
4662 163
4663 187
4664 187
4665 179
4666 168
4667 177
4668 188
4669 187
4670 173
4671 193
4672 178
4673 190
4674 187
4675 180
4676 176
4677 159
4678 168
4679 171
4680 183
4681 184
4682 190
4683 172
4684 177
4685 167
4686 164
4687 164
4688 182
4689 168
4690 172
4691 173
4692 182
4693 190
4694 160
4695 189
4696 175
4697 184
4698 175
4699 167
4700 185
4701 165
4702 184
4703 165
4704 175
4705 157
4706 164
4707 163
4708 177
4709 181
4710 178
4711 165
4712 199
4713 173
4714 191
4715 164
4716 186
4717 185
4718 182
4719 185
4720 191
4721 192
4722 167
4723 188
4724 186
4725 178
4726 140
4727 164
4728 154
4729 193
4730 188
4731 192
4732 170
4733 186
4734 172
4735 160
4736 189
4737 159
4738 163
4739 190
4740 184
4741 176
4742 179
4743 194
4744 173
4745 162
4746 187
4747 192
4748 178
4749 183
4750 177
4751 179
4752 194
4753 172
4754 175
4755 203
4756 174
4757 187
4758 171
4759 191
4760 159
4761 177
4762 169
4763 207
4764 180
4765 196
4766 178
4767 185
4768 165
4769 178
4770 179
4771 180
4772 176
4773 161
4774 190
4775 180
4776 154
4777 173
4778 203
4779 183
4780 179
4781 177
4782 174
4783 178
4784 159
4785 165
4786 180
4787 177
4788 203
4789 190
4790 162
4791 156
4792 177
4793 163
4794 194
4795 178
4796 178
4797 185
4798 181
4799 174
4800 168
4801 187
4802 176
4803 192
4804 191
4805 181
4806 203
4807 175
4808 188
4809 188
4810 196
4811 186
4812 182
4813 181
4814 199
4815 195
4816 167
4817 163
4818 199
4819 157
4820 181
4821 178
4822 186
4823 192
4824 181
4825 192
4826 168
4827 163
4828 170
4829 189
4830 184
4831 193
4832 156
4833 168
4834 177
4835 201
4836 165
4837 174
4838 161
4839 177
4840 208
4841 181
4842 168
4843 170
4844 185
4845 195
4846 190
4847 191
4848 188
4849 191
4850 186
4851 222
4852 164
4853 155
4854 185
4855 176
4856 183
4857 173
4858 162
4859 166
4860 185
4861 177
4862 187
4863 182
4864 209
4865 196
4866 171
4867 205
4868 181
4869 171
4870 187
4871 182
4872 152
4873 197
4874 171
4875 180
4876 192
4877 189
4878 172
4879 174
4880 194
4881 170
4882 166
4883 183
4884 180
4885 152
4886 167
4887 169
4888 184
4889 175
4890 175
4891 179
4892 187
4893 166
4894 183
4895 189
4896 203
4897 194
4898 210
4899 191
4900 179
4901 167
4902 185
4903 193
4904 170
4905 167
4906 186
4907 192
4908 163
4909 174
4910 175
4911 198
4912 184
4913 189
4914 178
4915 166
4916 207
4917 191
4918 159
4919 191
4920 195
4921 168
4922 170
4923 197
4924 185
4925 170
4926 196
4927 204
4928 179
4929 180
4930 196
4931 171
4932 184
4933 201
4934 208
4935 210
4936 177
4937 181
4938 172
4939 190
4940 189
4941 178
4942 185
4943 188
4944 180
4945 198
4946 174
4947 176
4948 194
4949 184
4950 171
4951 185
4952 191
4953 165
4954 185
4955 160
4956 193
4957 210
4958 175
4959 199
4960 205
4961 178
4962 211
4963 186
4964 171
4965 228
4966 197
4967 185
4968 193
4969 178
4970 161
4971 183
4972 201
4973 190
4974 190
4975 202
4976 177
4977 179
4978 159
4979 173
4980 203
4981 186
4982 186
4983 185
4984 192
4985 180
4986 167
4987 189
4988 182
4989 227
4990 197
4991 195
4992 168
4993 190
4994 190
4995 178
4996 173
4997 183
4998 195
4999 198
5000 170
5001 208
5002 187
5003 192
5004 181
5005 197
5006 178
5007 183
5008 164
5009 183
5010 165
5011 164
5012 199
5013 191
5014 182
5015 198
5016 198
5017 195
5018 193
5019 208
5020 197
5021 176
5022 219
5023 177
5024 163
5025 160
5026 167
5027 197
5028 168
5029 203
5030 181
5031 186
5032 193
5033 203
5034 176
5035 192
5036 184
5037 178
5038 192
5039 216
5040 188
5041 188
5042 205
5043 196
5044 201
5045 172
5046 200
5047 197
5048 185
5049 178
5050 200
5051 190
5052 193
5053 169
5054 182
5055 204
5056 192
5057 201
5058 190
5059 167
5060 198
5061 189
5062 211
5063 180
5064 171
5065 188
5066 197
5067 182
5068 203
5069 198
5070 185
5071 184
5072 194
5073 188
5074 191
5075 193
5076 190
5077 204
5078 218
5079 206
5080 205
5081 185
5082 198
5083 165
5084 191
5085 193
5086 208
5087 189
5088 201
5089 207
5090 161
5091 196
5092 208
5093 170
5094 210
5095 206
5096 197
5097 186
5098 195
5099 164
5100 200
5101 164
5102 178
5103 174
5104 192
5105 176
5106 179
5107 198
5108 183
5109 185
5110 202
5111 203
5112 190
5113 178
5114 198
5115 162
5116 204
5117 232
5118 186
5119 194
5120 198
5121 191
5122 169
5123 183
5124 206
5125 201
5126 177
5127 190
5128 196
5129 220
5130 178
5131 201
5132 227
5133 194
5134 184
5135 196
5136 173
5137 201
5138 200
5139 211
5140 176
5141 172
5142 184
5143 178
5144 180
5145 207
5146 189
5147 214
5148 188
5149 182
5150 182
5151 170
5152 177
5153 193
5154 178
5155 196
5156 162
5157 173
5158 199
5159 177
5160 194
5161 219
5162 211
5163 170
5164 192
5165 195
5166 208
5167 185
5168 202
5169 171
5170 196
5171 171
5172 195
5173 199
5174 159
5175 193
5176 215
5177 170
5178 209
5179 159
5180 197
5181 207
5182 186
5183 180
5184 217
5185 191
5186 197
5187 181
5188 187
5189 224
5190 205
5191 184
5192 202
5193 190
5194 192
5195 184
5196 198
5197 185
5198 188
5199 185
5200 195
5201 188
5202 201
5203 171
5204 176
5205 199
5206 184
5207 213
5208 213
5209 193
5210 178
5211 178
5212 217
5213 181
5214 174
5215 194
5216 167
5217 197
5218 178
5219 179
5220 207
5221 206
5222 206
5223 191
5224 197
5225 197
5226 195
5227 177
5228 192
5229 212
5230 186
5231 173
5232 216
5233 204
5234 191
5235 208
5236 172
5237 175
5238 206
5239 176
5240 200
5241 205
5242 200
5243 182
5244 201
5245 204
5246 209
5247 183
5248 180
5249 209
5250 190
5251 201
5252 180
5253 188
5254 205
5255 182
5256 207
5257 178
5258 186
5259 200
5260 177
5261 188
5262 169
5263 226
5264 210
5265 195
5266 213
5267 194
5268 185
5269 187
5270 176
5271 219
5272 206
5273 183
5274 193
5275 189
5276 188
5277 203
5278 211
5279 185
5280 204
5281 193
5282 190
5283 192
5284 181
5285 168
5286 196
5287 212
5288 187
5289 184
5290 214
5291 198
5292 212
5293 189
5294 180
5295 195
5296 213
5297 232
5298 207
5299 203
5300 188
5301 203
5302 212
5303 202
5304 199
5305 201
5306 197
5307 213
5308 196
5309 204
5310 193
5311 178
5312 194
5313 186
5314 196
5315 198
5316 198
5317 195
5318 191
5319 201
5320 174
5321 213
5322 216
5323 204
5324 211
5325 196
5326 182
5327 192
5328 197
5329 196
5330 212
5331 207
5332 184
5333 185
5334 191
5335 191
5336 188
5337 184
5338 188
5339 216
5340 197
5341 200
5342 194
5343 209
5344 199
5345 203
5346 202
5347 189
5348 209
5349 204
5350 213
5351 178
5352 189
5353 214
5354 205
5355 219
5356 205
5357 224
5358 218
5359 208
5360 186
5361 194
5362 218
5363 223
5364 182
5365 193
5366 185
5367 177
5368 184
5369 202
5370 211
5371 203
5372 203
5373 212
5374 192
5375 199
5376 223
5377 194
5378 206
5379 200
5380 206
5381 203
5382 204
5383 204
5384 212
5385 188
5386 228
5387 200
5388 204
5389 210
5390 222
5391 203
5392 223
5393 200
5394 216
5395 240
5396 212
5397 201
5398 204
5399 224
5400 206
5401 195
5402 210
5403 213
5404 224
5405 198
5406 186
5407 225
5408 212
5409 201
5410 217
5411 207
5412 230
5413 180
5414 218
5415 231
5416 207
5417 226
5418 224
5419 212
5420 235
5421 196
5422 208
5423 218
5424 221
5425 211
5426 216
5427 224
5428 197
5429 196
5430 210
5431 216
5432 201
5433 240
5434 229
5435 232
5436 213
5437 212
5438 201
5439 229
5440 204
5441 199
5442 201
5443 230
5444 222
5445 205
5446 215
5447 206
5448 181
5449 185
5450 211
5451 195
5452 209
5453 218
5454 232
5455 210
5456 190
5457 216
5458 194
5459 191
5460 202
5461 210
5462 208
5463 211
5464 229
5465 215
5466 210
5467 206
5468 222
5469 177
5470 222
5471 212
5472 188
5473 195
5474 230
5475 222
5476 228
5477 219
5478 226
5479 201
5480 209
5481 222
5482 210
5483 223
5484 224
5485 219
5486 206
5487 208
5488 199
5489 218
5490 212
5491 214
5492 230
5493 208
5494 198
5495 184
5496 218
5497 242
5498 205
5499 231
5500 236
5501 222
5502 218
5503 221
5504 209
5505 209
5506 207
5507 209
5508 227
5509 212
5510 198
5511 196
5512 185
5513 206
5514 215
5515 207
5516 222
5517 207
5518 183
5519 224
5520 193
5521 175
5522 194
5523 196
5524 216
5525 201
5526 212
5527 209
5528 187
5529 184
5530 225
5531 191
5532 202
5533 213
5534 192
5535 223
5536 241
5537 216
5538 205
5539 200
5540 207
5541 218
5542 215
5543 210
5544 199
5545 206
5546 185
5547 202
5548 240
5549 220
5550 221
5551 246
5552 203
5553 215
5554 223
5555 195
5556 210
5557 198
5558 196
5559 214
5560 213
5561 218
5562 206
5563 213
5564 211
5565 225
5566 222
5567 210
5568 198
5569 198
5570 205
5571 219
5572 215
5573 192
5574 203
5575 217
5576 220
5577 203
5578 224
5579 205
5580 226
5581 240
5582 225
5583 220
5584 215
5585 198
5586 200
5587 200
5588 190
5589 203
5590 206
5591 227
5592 199
5593 222
5594 203
5595 207
5596 208
5597 215
5598 208
5599 219
5600 219
5601 192
5602 222
5603 200
5604 215
5605 222
5606 228
5607 198
5608 229
5609 214
5610 206
5611 213
5612 189
5613 233
5614 209
5615 240
5616 188
5617 210
5618 200
5619 209
5620 215
5621 232
5622 207
5623 194
5624 221
5625 222
5626 217
5627 212
5628 240
5629 219
5630 211
5631 205
5632 226
5633 224
5634 206
5635 208
5636 191
5637 226
5638 223
5639 211
5640 206
5641 196
5642 202
5643 222
5644 229
5645 207
5646 214
5647 209
5648 194
5649 207
5650 217
5651 208
5652 216
5653 192
5654 233
5655 201
5656 218
5657 190
5658 207
5659 200
5660 216
5661 204
5662 207
5663 222
5664 213
5665 211
5666 196
5667 206
5668 186
5669 173
5670 200
5671 250
5672 216
5673 207
5674 202
5675 235
5676 205
5677 208
5678 215
5679 195
5680 195
5681 197
5682 205
5683 199
5684 210
5685 247
5686 198
5687 219
5688 222
5689 226
5690 199
5691 207
5692 186
5693 233
5694 225
5695 211
5696 196
5697 213
5698 214
5699 204
5700 201
5701 256
5702 198
5703 193
5704 231
5705 212
5706 200
5707 205
5708 193
5709 208
5710 210
5711 209
5712 209
5713 229
5714 199
5715 221
5716 195
5717 203
5718 188
5719 211
5720 216
5721 224
5722 195
5723 221
5724 220
5725 194
5726 232
5727 202
5728 193
5729 218
5730 199
5731 220
5732 209
5733 187
5734 219
5735 196
5736 203
5737 194
5738 223
5739 206
5740 200
5741 206
5742 214
5743 210
5744 228
5745 208
5746 223
5747 211
5748 228
5749 208
5750 195
5751 198
5752 222
5753 198
5754 204
5755 229
5756 188
5757 195
5758 201
5759 219
5760 203
5761 193
5762 214
5763 182
5764 215
5765 180
5766 199
5767 194
5768 190
5769 186
5770 212
5771 212
5772 215
5773 223
5774 188
5775 215
5776 218
5777 215
5778 205
5779 209
5780 204
5781 198
5782 194
5783 214
5784 214
5785 209
5786 214
5787 199
5788 202
5789 198
5790 210
5791 182
5792 191
5793 223
5794 195
5795 175
5796 196
5797 213
5798 201
5799 194
5800 190
5801 205
5802 203
5803 192
5804 198
5805 210
5806 199
5807 189
5808 213
5809 190
5810 192
5811 194
5812 189
5813 202
5814 204
5815 207
5816 183
5817 186
5818 188
5819 203
5820 195
5821 200
5822 201
5823 204
5824 213
5825 204
5826 190
5827 207
5828 212
5829 228
5830 213
5831 198
5832 181
5833 174
5834 209
5835 195
5836 177
5837 206
5838 191
5839 198
5840 223
5841 198
5842 182
5843 209
5844 202
5845 168
5846 216
5847 200
5848 227
5849 193
5850 203
5851 237
5852 198
5853 187
5854 190
5855 215
5856 214
5857 215
5858 216
5859 184
5860 176
5861 226
5862 173
5863 210
5864 210
5865 212
5866 204
5867 174
5868 194
5869 208
5870 185
5871 190
5872 199
5873 185
5874 189
5875 211
5876 237
5877 158
5878 187
5879 192
5880 181
5881 195
5882 202
5883 195
5884 204
5885 196
5886 197
5887 176
5888 207
5889 174
5890 182
5891 223
5892 191
5893 195
5894 202
5895 201
5896 215
5897 212
5898 197
5899 197
5900 186
5901 191
5902 203
5903 224
5904 183
5905 188
5906 201
5907 217
5908 171
5909 213
5910 210
5911 203
5912 194
5913 213
5914 182
5915 207
5916 212
5917 187
5918 205
5919 202
5920 197
5921 183
5922 174
5923 191
5924 201
5925 180
5926 193
5927 191
5928 168
5929 193
5930 202
5931 194
5932 204
5933 198
5934 183
5935 169
5936 204
5937 182
5938 193
5939 203
5940 197
5941 183
5942 171
5943 191
5944 198
5945 209
5946 184
5947 167
5948 184
5949 170
5950 198
5951 188
5952 184
5953 187
5954 185
5955 195
5956 192
5957 178
5958 203
5959 180
5960 193
5961 187
5962 171
5963 171
5964 184
5965 210
5966 195
5967 195
5968 198
5969 190
5970 199
5971 198
5972 192
5973 214
5974 193
5975 179
5976 194
5977 183
5978 194
5979 171
5980 178
5981 214
5982 205
5983 210
5984 184
5985 193
5986 205
5987 200
5988 180
5989 188
5990 192
5991 186
5992 203
5993 164
5994 161
5995 192
5996 213
5997 208
5998 183
5999 210
6000 181
6001 202
6002 181
6003 182
6004 153
6005 177
6006 175
6007 185
6008 188
6009 161
6010 161
6011 176
6012 187
6013 180
6014 210
6015 163
6016 194
6017 190
6018 213
6019 165
6020 193
6021 188
6022 185
6023 180
6024 176
6025 179
6026 196
6027 193
6028 178
6029 186
6030 179
6031 166
6032 171
6033 186
6034 199
6035 179
6036 193
6037 199
6038 172
6039 168
6040 156
6041 178
6042 181
6043 206
6044 185
6045 157
6046 194
6047 152
6048 190
6049 167
6050 165
6051 193
6052 192
6053 190
6054 156
6055 171
6056 179
6057 181
6058 179
6059 165
6060 190
6061 181
6062 181
6063 168
6064 194
6065 182
6066 181
6067 190
6068 157
6069 181
6070 171
6071 174
6072 164
6073 194
6074 177
6075 175
6076 173
6077 165
6078 164
6079 158
6080 184
6081 175
6082 169
6083 168
6084 173
6085 160
6086 165
6087 168
6088 195
6089 203
6090 169
6091 166
6092 182
6093 174
6094 171
6095 189
6096 184
6097 205
6098 176
6099 196
6100 207
6101 190
6102 171
6103 180
6104 159
6105 171
6106 149
6107 166
6108 162
6109 185
6110 169
6111 152
6112 168
6113 155
6114 167
6115 181
6116 196
6117 169
6118 165
6119 185
6120 160
6121 181
6122 183
6123 175
6124 166
6125 158
6126 167
6127 157
6128 169
6129 165
6130 181
6131 176
6132 154
6133 174
6134 181
6135 165
6136 163
6137 166
6138 153
6139 160
6140 181
6141 152
6142 192
6143 168
6144 177
6145 153
6146 169
6147 184
6148 169
6149 166
6150 154
6151 159
6152 172
6153 162
6154 162
6155 175
6156 164
6157 184
6158 151
6159 163
6160 143
6161 180
6162 155
6163 180
6164 159
6165 153
6166 172
6167 154
6168 159
6169 171
6170 167
6171 147
6172 160
6173 159
6174 142
6175 152
6176 166
6177 168
6178 155
6179 157
6180 140
6181 186
6182 189
6183 140
6184 176
6185 152
6186 136
6187 153
6188 146
6189 161
6190 133
6191 165
6192 166
6193 173
6194 157
6195 152
6196 146
6197 165
6198 148
6199 165
6200 146
6201 147
6202 130
6203 158
6204 159
6205 172
6206 148
6207 168
6208 138
6209 164
6210 141
6211 162
6212 169
6213 163
6214 180
6215 150
6216 155
6217 154
6218 142
6219 156
6220 173
6221 151
6222 167
6223 168
6224 140
6225 155
6226 161
6227 163
6228 164
6229 178
6230 152
6231 145
6232 155
6233 143
6234 139
6235 135
6236 139
6237 162
6238 154
6239 168
6240 149
6241 168
6242 189
6243 158
6244 151
6245 151
6246 160
6247 177
6248 140
6249 150
6250 169
6251 153
6252 170
6253 155
6254 139
6255 155
6256 166
6257 162
6258 158
6259 156
6260 160
6261 158
6262 173
6263 137
6264 159
6265 148
6266 158
6267 139
6268 139
6269 150
6270 159
6271 146
6272 142
6273 169
6274 139
6275 156
6276 164
6277 145
6278 154
6279 154
6280 124
6281 165
6282 153
6283 138
6284 141
6285 131
6286 140
6287 139
6288 139
6289 143
6290 138
6291 149
6292 162
6293 190
6294 149
6295 142
6296 143
6297 136
6298 146
6299 146
6300 123
6301 145
6302 145
6303 137
6304 160
6305 166
6306 143
6307 162
6308 139
6309 163
6310 124
6311 145
6312 153
6313 152
6314 160
6315 146
6316 141
6317 160
6318 165
6319 134
6320 160
6321 139
6322 145
6323 146
6324 133
6325 141
6326 161
6327 143
6328 144
6329 134
6330 141
6331 136
6332 153
6333 148
6334 144
6335 129
6336 153
6337 151
6338 137
6339 162
6340 149
6341 142
6342 150
6343 140
6344 134
6345 146
6346 141
6347 138
6348 145
6349 147
6350 152
6351 143
6352 152
6353 151
6354 141
6355 127
6356 147
6357 146
6358 138
6359 149
6360 142
6361 133
6362 137
6363 134
6364 127
6365 144
6366 154
6367 138
6368 165
6369 142
6370 154
6371 130
6372 116
6373 129
6374 167
6375 121
6376 152
6377 145
6378 115
6379 146
6380 143
6381 141
6382 141
6383 142
6384 132
6385 128
6386 139
6387 154
6388 162
6389 160
6390 137
6391 145
6392 136
6393 138
6394 115
6395 133
6396 156
6397 148
6398 143
6399 129
6400 121
6401 144
6402 135
6403 123
6404 135
6405 121
6406 136
6407 144
6408 133
6409 135
6410 135
6411 141
6412 136
6413 137
6414 148
6415 129
6416 125
6417 109
6418 143
6419 128
6420 119
6421 121
6422 119
6423 132
6424 134
6425 125
6426 118
6427 129
6428 133
6429 113
6430 123
6431 128
6432 153
6433 123
6434 154
6435 130
6436 121
6437 138
6438 116
6439 134
6440 126
6441 126
6442 134
6443 149
6444 125
6445 115
6446 124
6447 122
6448 124
6449 146
6450 116
6451 119
6452 131
6453 137
6454 132
6455 135
6456 109
6457 122
6458 117
6459 127
6460 126
6461 135
6462 138
6463 137
6464 122
6465 122
6466 128
6467 138
6468 119
6469 147
6470 136
6471 113
6472 117
6473 120
6474 132
6475 135
6476 134
6477 138
6478 125
6479 135
6480 145
6481 124
6482 136
6483 117
6484 129
6485 126
6486 116
6487 121
6488 114
6489 133
6490 109
6491 143
6492 114
6493 142
6494 120
6495 128
6496 121
6497 117
6498 122
6499 126
6500 120
6501 123
6502 120
6503 133
6504 114
6505 126
6506 122
6507 106
6508 132
6509 128
6510 136
6511 124
6512 129
6513 111
6514 127
6515 111
6516 109
6517 131
6518 107
6519 109
6520 130
6521 137
6522 131
6523 119
6524 112
6525 114
6526 119
6527 114
6528 111
6529 135
6530 107
6531 137
6532 123
6533 128
6534 129
6535 123
6536 142
6537 103
6538 124
6539 130
6540 106
6541 119
6542 112
6543 143
6544 109
6545 136
6546 114
6547 126
6548 122
6549 123
6550 117
6551 129
6552 133
6553 132
6554 97
6555 109
6556 124
6557 88
6558 106
6559 109
6560 133
6561 104
6562 128
6563 126
6564 115
6565 108
6566 109
6567 124
6568 112
6569 112
6570 109
6571 116
6572 120
6573 113
6574 114
6575 114
6576 128
6577 111
6578 122
6579 95
6580 138
6581 110
6582 115
6583 128
6584 114
6585 115
6586 115
6587 109
6588 114
6589 99
6590 100
6591 113
6592 123
6593 123
6594 108
6595 113
6596 106
6597 118
6598 119
6599 124
6600 94
6601 125
6602 118
6603 126
6604 104
6605 118
6606 116
6607 114
6608 105
6609 112
6610 109
6611 104
6612 102
6613 99
6614 116
6615 113
6616 101
6617 112
6618 115
6619 117
6620 99
6621 114
6622 115
6623 105
6624 115
6625 101
6626 95
6627 111
6628 107
6629 111
6630 109
6631 108
6632 109
6633 113
6634 109
6635 96
6636 120
6637 110
6638 95
6639 105
6640 110
6641 119
6642 121
6643 100
6644 108
6645 114
6646 119
6647 109
6648 122
6649 97
6650 128
6651 107
6652 92
6653 97
6654 100
6655 97
6656 113
6657 107
6658 106
6659 120
6660 109
6661 99
6662 119
6663 109
6664 96
6665 94
6666 101
6667 105
6668 96
6669 107
6670 109
6671 119
6672 110
6673 110
6674 100
6675 99
6676 114
6677 92
6678 95
6679 110
6680 107
6681 96
6682 119
6683 109
6684 109
6685 101
6686 114
6687 103
6688 117
6689 106
6690 131
6691 107
6692 79
6693 101
6694 101
6695 104
6696 95
6697 100
6698 114
6699 103
6700 97
6701 107
6702 124
6703 100
6704 107
6705 104
6706 100
6707 95
6708 86
6709 109
6710 120
6711 124
6712 98
6713 96
6714 99
6715 103
6716 104
6717 101
6718 107
6719 95
6720 96
6721 81
6722 105
6723 94
6724 106
6725 91
6726 96
6727 95
6728 109
6729 112
6730 92
6731 98
6732 97
6733 115
6734 96
6735 98
6736 96
6737 90
6738 94
6739 91
6740 85
6741 100
6742 98
6743 87
6744 78
6745 107
6746 95
6747 83
6748 85
6749 91
6750 100
6751 92
6752 91
6753 93
6754 93
6755 80
6756 86
6757 99
6758 95
6759 89
6760 102
6761 84
6762 111
6763 89
6764 86
6765 102
6766 95
6767 87
6768 93
6769 80
6770 103
6771 94
6772 94
6773 84
6774 94
6775 79
6776 86
6777 83
6778 93
6779 93
6780 100
6781 81
6782 90
6783 106
6784 96
6785 98
6786 105
6787 100
6788 93
6789 77
6790 79
6791 91
6792 104
6793 87
6794 98
6795 90
6796 101
6797 96
6798 102
6799 80
6800 75
6801 91
6802 84
6803 101
6804 68
6805 89
6806 100
6807 79
6808 87
6809 99
6810 70
6811 80
6812 79
6813 92
6814 107
6815 92
6816 77
6817 82
6818 94
6819 87
6820 70
6821 89
6822 88
6823 88
6824 85
6825 80
6826 79
6827 70
6828 82
6829 79
6830 80
6831 79
6832 73
6833 88
6834 79
6835 97
6836 74
6837 81
6838 104
6839 91
6840 80
6841 102
6842 83
6843 83
6844 98
6845 105
6846 81
6847 79
6848 74
6849 74
6850 103
6851 80
6852 78
6853 79
6854 68
6855 88
6856 104
6857 81
6858 72
6859 92
6860 93
6861 88
6862 90
6863 86
6864 98
6865 78
6866 91
6867 91
6868 75
6869 71
6870 82
6871 72
6872 75
6873 88
6874 97
6875 81
6876 82
6877 71
6878 95
6879 89
6880 79
6881 93
6882 72
6883 72
6884 104
6885 91
6886 79
6887 75
6888 83
6889 81
6890 89
6891 79
6892 80
6893 81
6894 72
6895 79
6896 93
6897 94
6898 86
6899 76
6900 89
6901 74
6902 88
6903 87
6904 88
6905 75
6906 74
6907 70
6908 76
6909 59
6910 70
6911 86
6912 73
6913 83
6914 96
6915 68
6916 83
6917 82
6918 70
6919 65
6920 87
6921 73
6922 70
6923 91
6924 70
6925 98
6926 81
6927 76
6928 87
6929 63
6930 73
6931 81
6932 73
6933 86
6934 91
6935 73
6936 98
6937 78
6938 64
6939 85
6940 75
6941 94
6942 80
6943 62
6944 78
6945 65
6946 83
6947 83
6948 76
6949 62
6950 88
6951 64
6952 80
6953 74
6954 81
6955 78
6956 76
6957 78
6958 91
6959 71
6960 81
6961 67
6962 80
6963 67
6964 87
6965 71
6966 91
6967 71
6968 76
6969 83
6970 79
6971 72
6972 68
6973 70
6974 84
6975 93
6976 63
6977 70
6978 69
6979 69
6980 69
6981 72
6982 81
6983 69
6984 77
6985 78
6986 70
6987 81
6988 76
6989 69
6990 86
6991 81
6992 63
6993 67
6994 79
6995 62
6996 70
6997 67
6998 57
6999 62
7000 73
7001 64
7002 63
7003 84
7004 80
7005 81
7006 64
7007 69
7008 62
7009 63
7010 70
7011 69
7012 92
7013 65
7014 58
7015 63
7016 85
7017 81
7018 71
7019 71
7020 73
7021 70
7022 76
7023 70
7024 71
7025 66
7026 91
7027 81
7028 70
7029 61
7030 75
7031 66
7032 70
7033 82
7034 76
7035 75
7036 73
7037 76
7038 83
7039 84
7040 69
7041 65
7042 81
7043 79
7044 72
7045 82
7046 71
7047 77
7048 79
7049 82
7050 77
7051 73
7052 52
7053 86
7054 62
7055 65
7056 68
7057 76
7058 75
7059 69
7060 83
7061 61
7062 82
7063 64
7064 57
7065 66
7066 66
7067 66
7068 63
7069 68
7070 73
7071 66
7072 73
7073 69
7074 73
7075 84
7076 62
7077 73
7078 83
7079 83
7080 74
7081 86
7082 79
7083 67
7084 79
7085 82
7086 73
7087 73
7088 52
7089 88
7090 54
7091 74
7092 57
7093 73
7094 87
7095 75
7096 71
7097 71
7098 71
7099 70
7100 67
7101 62
7102 66
7103 71
7104 60
7105 75
7106 63
7107 74
7108 69
7109 74
7110 69
7111 73
7112 74
7113 66
7114 62
7115 82
7116 73
7117 70
7118 52
7119 64
7120 51
7121 72
7122 65
7123 69
7124 69
7125 73
7126 68
7127 75
7128 52
7129 64
7130 70
7131 67
7132 73
7133 75
7134 70
7135 72
7136 75
7137 80
7138 79
7139 61
7140 72
7141 41
7142 71
7143 86
7144 69
7145 64
7146 53
7147 61
7148 67
7149 79
7150 60
7151 83
7152 62
7153 61
7154 66
7155 67
7156 53
7157 61
7158 52
7159 73
7160 64
7161 62
7162 58
7163 57
7164 64
7165 75
7166 65
7167 69
7168 64
7169 59
7170 77
7171 60
7172 74
7173 55
7174 59
7175 64
7176 60
7177 60
7178 71
7179 73
7180 66
7181 57
7182 72
7183 60
7184 71
7185 51
7186 69
7187 81
7188 66
7189 66
7190 65
7191 66
7192 72
7193 70
7194 61
7195 63
7196 65
7197 59
7198 66
7199 58
7200 53
7201 73
7202 73
7203 66
7204 69
7205 84
7206 51
7207 69
7208 88
7209 54
7210 61
7211 65
7212 58
7213 66
7214 62
7215 64
7216 51
7217 61
7218 63
7219 54
7220 57
7221 52
7222 62
7223 64
7224 59
7225 66
7226 64
7227 60
7228 60
7229 62
7230 73
7231 70
7232 64
7233 59
7234 63
7235 56
7236 79
7237 61
7238 55
7239 61
7240 59
7241 68
7242 59
7243 65
7244 47
7245 58
7246 63
7247 78
7248 53
7249 57
7250 60
7251 57
7252 49
7253 61
7254 76
7255 67
7256 58
7257 75
7258 58
7259 63
7260 63
7261 61
7262 52
7263 51
7264 71
7265 62
7266 67
7267 46
7268 34
7269 71
7270 60
7271 56
7272 50
7273 45
7274 64
7275 62
7276 53
7277 78
7278 52
7279 57
7280 56
7281 64
7282 54
7283 63
7284 64
7285 61
7286 52
7287 76
7288 57
7289 58
7290 57
7291 75
7292 63
7293 47
7294 61
7295 52
7296 57
7297 73
7298 51
7299 56
7300 64
7301 55
7302 71
7303 69
7304 77
7305 59
7306 50
7307 43
7308 60
7309 70
7310 58
7311 67
7312 64
7313 54
7314 69
7315 60
7316 47
7317 63
7318 45
7319 78
7320 57
7321 49
7322 54
7323 65
7324 62
7325 75
7326 40
7327 61
7328 58
7329 49
7330 58
7331 57
7332 63
7333 50
7334 63
7335 64
7336 49
7337 59
7338 57
7339 42
7340 52
7341 54
7342 62
7343 63
7344 69
7345 53
7346 58
7347 49
7348 61
7349 57
7350 63
7351 39
7352 63
7353 59
7354 56
7355 59
7356 47
7357 49
7358 51
7359 69
7360 59
7361 53
7362 50
7363 62
7364 63
7365 66
7366 49
7367 59
7368 56
7369 48
7370 51
7371 63
7372 70
7373 59
7374 53
7375 57
7376 45
7377 46
7378 59
7379 55
7380 59
7381 67
7382 53
7383 52
7384 68
7385 54
7386 59
7387 53
7388 67
7389 36
7390 53
7391 63
7392 63
7393 67
7394 61
7395 52
7396 65
7397 59
7398 57
7399 59
7400 49
7401 63
7402 64
7403 47
7404 53
7405 54
7406 56
7407 51
7408 64
7409 67
7410 54
7411 62
7412 55
7413 64
7414 57
7415 54
7416 44
7417 53
7418 75
7419 54
7420 55
7421 58
7422 51
7423 51
7424 60
7425 57
7426 55
7427 59
7428 43
7429 59
7430 67
7431 59
7432 48
7433 74
7434 58
7435 49
7436 58
7437 58
7438 53
7439 64
7440 61
7441 49
7442 55
7443 70
7444 43
7445 51
7446 55
7447 36
7448 57
7449 63
7450 58
7451 49
7452 60
7453 48
7454 61
7455 54
7456 62
7457 63
7458 59
7459 48
7460 64
7461 50
7462 67
7463 56
7464 62
7465 67
7466 50
7467 60
7468 39
7469 58
7470 51
7471 75
7472 70
7473 50
7474 59
7475 60
7476 66
7477 60
7478 55
7479 52
7480 55
7481 57
7482 54
7483 60
7484 46
7485 64
7486 57
7487 53
7488 49
7489 44
7490 44
7491 52
7492 48
7493 49
7494 54
7495 52
7496 51
7497 46
7498 56
7499 62
7500 65
7501 65
7502 43
7503 52
7504 58
7505 63
7506 61
7507 53
7508 60
7509 68
7510 60
7511 49
7512 50
7513 47
7514 38
7515 51
7516 53
7517 58
7518 45
7519 42
7520 47
7521 66
7522 47
7523 44
7524 57
7525 44
7526 54
7527 43
7528 57
7529 43
7530 38
7531 69
7532 63
7533 66
7534 48
7535 55
7536 57
7537 53
7538 62
7539 63
7540 54
7541 59
7542 56
7543 52
7544 50
7545 54
7546 59
7547 64
7548 51
7549 54
7550 55
7551 50
7552 67
7553 42
7554 70
7555 54
7556 66
7557 64
7558 53
7559 44
7560 56
7561 58
7562 52
7563 46
7564 37
7565 49
7566 51
7567 56
7568 58
7569 43
7570 62
7571 51
7572 57
7573 73
7574 44
7575 50
7576 48
7577 41
7578 58
7579 49
7580 50
7581 46
7582 55
7583 65
7584 53
7585 55
7586 50
7587 60
7588 52
7589 53
7590 51
7591 54
7592 46
7593 41
7594 73
7595 54
7596 50
7597 54
7598 45
7599 42
7600 48
7601 59
7602 51
7603 61
7604 49
7605 50
7606 57
7607 52
7608 50
7609 58
7610 53
7611 47
7612 50
7613 56
7614 59
7615 62
7616 49
7617 57
7618 55
7619 55
7620 56
7621 58
7622 57
7623 52
7624 45
7625 56
7626 40
7627 52
7628 64
7629 55
7630 54
7631 46
7632 49
7633 53
7634 48
7635 54
7636 55
7637 44
7638 40
7639 47
7640 41
7641 44
7642 43
7643 61
7644 45
7645 53
7646 57
7647 59
7648 54
7649 56
7650 39
7651 41
7652 61
7653 51
7654 58
7655 55
7656 47
7657 56
7658 58
7659 62
7660 49
7661 48
7662 39
7663 50
7664 53
7665 43
7666 42
7667 54
7668 50
7669 61
7670 65
7671 58
7672 40
7673 47
7674 61
7675 43
7676 52
7677 63
7678 52
7679 49
7680 49
7681 54
7682 53
7683 68
7684 56
7685 52
7686 54
7687 53
7688 44
7689 52
7690 62
7691 41
7692 31
7693 42
7694 59
7695 50
7696 40
7697 46
7698 54
7699 54
7700 56
7701 49
7702 49
7703 49
7704 54
7705 43
7706 59
7707 44
7708 52
7709 56
7710 56
7711 45
7712 48
7713 48
7714 33
7715 53
7716 57
7717 56
7718 62
7719 51
7720 56
7721 50
7722 56
7723 42
7724 48
7725 42
7726 53
7727 36
7728 51
7729 57
7730 54
7731 47
7732 49
7733 46
7734 54
7735 40
7736 67
7737 53
7738 41
7739 48
7740 59
7741 59
7742 57
7743 61
7744 59
7745 40
7746 68
7747 56
7748 38
7749 42
7750 43
7751 51
7752 45
7753 43
7754 48
7755 51
7756 48
7757 42
7758 65
7759 48
7760 66
7761 55
7762 63
7763 47
7764 36
7765 53
7766 54
7767 50
7768 56
7769 63
7770 51
7771 42
7772 42
7773 49
7774 58
7775 60
7776 49
7777 44
7778 45
7779 57
7780 53
7781 38
7782 48
7783 60
7784 54
7785 44
7786 53
7787 44
7788 56
7789 56
7790 53
7791 44
7792 55
7793 45
7794 55
7795 47
7796 48
7797 49
7798 55
7799 46
7800 48
7801 45
7802 47
7803 46
7804 57
7805 56
7806 56
7807 53
7808 50
7809 53
7810 58
7811 53
7812 51
7813 46
7814 59
7815 39
7816 56
7817 52
7818 45
7819 51
7820 52
7821 51
7822 54
7823 46
7824 48
7825 49
7826 47
7827 34
7828 49
7829 41
7830 41
7831 43
7832 56
7833 42
7834 52
7835 52
7836 55
7837 45
7838 44
7839 31
7840 54
7841 46
7842 48
7843 38
7844 44
7845 47
7846 51
7847 62
7848 46
7849 53
7850 55
7851 46
7852 57
7853 53
7854 47
7855 52
7856 59
7857 47
7858 48
7859 60
7860 52
7861 49
7862 43
7863 46
7864 51
7865 42
7866 56
7867 52
7868 43
7869 46
7870 43
7871 52
7872 43
7873 50
7874 46
7875 40
7876 37
7877 41
7878 60
7879 44
7880 49
7881 45
7882 45
7883 52
7884 60
7885 46
7886 44
7887 51
7888 52
7889 46
7890 48
7891 59
7892 32
7893 39
7894 48
7895 51
7896 46
7897 53
7898 60
7899 40
7900 54
7901 39
7902 42
7903 40
7904 55
7905 57
7906 52
7907 46
7908 42
7909 32
7910 49
7911 49
7912 61
7913 36
7914 44
7915 59
7916 50
7917 58
7918 43
7919 47
7920 36
7921 38
7922 41
7923 38
7924 50
7925 52
7926 58
7927 52
7928 45
7929 51
7930 58
7931 40
7932 62
7933 38
7934 51
7935 63
7936 50
7937 38
7938 50
7939 39
7940 50
7941 51
7942 53
7943 39
7944 47
7945 43
7946 56
7947 47
7948 47
7949 46
7950 50
7951 46
7952 50
7953 49
7954 54
7955 49
7956 56
7957 42
7958 59
7959 44
7960 51
7961 52
7962 39
7963 44
7964 47
7965 55
7966 38
7967 38
7968 43
7969 52
7970 48
7971 48
7972 57
7973 50
7974 38
7975 40
7976 52
7977 55
7978 51
7979 48
7980 44
7981 47
7982 53
7983 44
7984 42
7985 46
7986 37
7987 43
7988 51
7989 44
7990 51
7991 42
7992 54
7993 43
7994 47
7995 51
7996 40
7997 48
7998 33
7999 54
8000 33
8001 60
8002 39
8003 49
8004 57
8005 48
8006 61
8007 51
8008 37
8009 44
8010 45
8011 48
8012 36
8013 38
8014 53
8015 43
8016 38
8017 43
8018 49
8019 42
8020 64
8021 39
8022 61
8023 44
8024 52
8025 39
8026 66
8027 50
8028 48
8029 45
8030 26
8031 49
8032 43
8033 48
8034 47
8035 32
8036 50
8037 47
8038 47
8039 47
8040 55
8041 43
8042 41
8043 48
8044 39
8045 41
8046 43
8047 41
8048 43
8049 47
8050 37
8051 45
8052 48
8053 48
8054 31
8055 47
8056 42
8057 42
8058 49
8059 43
8060 58
8061 49
8062 47
8063 57
8064 53
8065 52
8066 37
8067 37
8068 49
8069 43
8070 36
8071 38
8072 37
8073 41
8074 53
8075 45
8076 43
8077 53
8078 39
8079 49
8080 56
8081 29
8082 52
8083 47
8084 51
8085 36
8086 43
8087 56
8088 46
8089 41
8090 47
8091 45
8092 45
8093 44
8094 46
8095 42
8096 45
8097 65
8098 39
8099 37
8100 47
8101 44
8102 47
8103 48
8104 36
8105 54
8106 44
8107 44
8108 43
8109 43
8110 45
8111 39
8112 30
8113 42
8114 44
8115 38
8116 57
8117 38
8118 56
8119 45
8120 53
8121 42
8122 45
8123 51
8124 33
8125 43
8126 41
8127 55
8128 34
8129 42
8130 45
8131 40
8132 47
8133 47
8134 53
8135 45
8136 42
8137 46
8138 58
8139 39
8140 44
8141 51
8142 43
8143 43
8144 44
8145 50
8146 33
8147 47
8148 48
8149 46
8150 49
8151 50
8152 45
8153 53
8154 55
8155 58
8156 49
8157 43
8158 53
8159 47
8160 45
8161 35
8162 50
8163 55
8164 33
8165 44
8166 44
8167 50
8168 45
8169 54
8170 38
8171 47
8172 46
8173 52
8174 50
8175 48
8176 47
8177 45
8178 43
8179 41
8180 42
8181 46
8182 44
8183 42
8184 60
8185 51
8186 63
8187 46
8188 41
8189 44
8190 44
8191 47
8192 35
8193 49
8194 47
8195 39
8196 39
8197 39
8198 56
8199 50
8200 36
8201 66
8202 51
8203 33
8204 44
8205 57
8206 58
8207 38
8208 40
8209 51
8210 49
8211 48
8212 30
8213 45
8214 37
8215 53
8216 46
8217 41
8218 42
8219 61
8220 35
8221 48
8222 38
8223 42
8224 35
8225 40
8226 43
8227 55
8228 44
8229 35
8230 46
8231 54
8232 40
8233 45
8234 34
8235 47
8236 40
8237 40
8238 52
8239 55
8240 52
8241 44
8242 40
8243 49
8244 37
8245 44
8246 53
8247 35
8248 40
8249 44
8250 50
8251 42
8252 53
8253 37
8254 40
8255 34
8256 46
8257 39
8258 56
8259 44
8260 52
8261 51
8262 39
8263 33
8264 31
8265 33
8266 48
8267 41
8268 42
8269 30
8270 51
8271 44
8272 34
8273 52
8274 48
8275 39
8276 42
8277 40
8278 45
8279 51
8280 59
8281 53
8282 39
8283 49
8284 49
8285 40
8286 51
8287 45
8288 44
8289 41
8290 40
8291 41
8292 47
8293 43
8294 38
8295 38
8296 39
8297 55
8298 55
8299 35
8300 47
8301 44
8302 35
8303 44
8304 53
8305 42
8306 37
8307 49
8308 35
8309 44
8310 36
8311 38
8312 48
8313 51
8314 39
8315 39
8316 55
8317 46
8318 40
8319 51
8320 47
8321 46
8322 50
8323 47
8324 58
8325 43
8326 43
8327 44
8328 48
8329 60
8330 41
8331 41
8332 38
8333 36
8334 51
8335 37
8336 43
8337 50
8338 43
8339 40
8340 40
8341 46
8342 43
8343 41
8344 37
8345 44
8346 47
8347 59
8348 46
8349 38
8350 54
8351 48
8352 43
8353 41
8354 48
8355 43
8356 50
8357 30
8358 53
8359 42
8360 46
8361 47
8362 33
8363 41
8364 31
8365 46
8366 56
8367 52
8368 38
8369 44
8370 45
8371 39
8372 41
8373 57
8374 49
8375 37
8376 36
8377 50
8378 36
8379 35
8380 42
8381 41
8382 46
8383 51
8384 45
8385 45
8386 51
8387 40
8388 38
8389 37
8390 36
8391 51
8392 51
8393 38
8394 52
8395 39
8396 40
8397 42
8398 40
8399 41
8400 49
8401 42
8402 38
8403 45
8404 45
8405 38
8406 45
8407 49
8408 43
8409 42
8410 33
8411 46
8412 41
8413 53
8414 46
8415 51
8416 46
8417 39
8418 40
8419 56
8420 45
8421 47
8422 38
8423 41
8424 33
8425 45
8426 43
8427 43
8428 34
8429 39
8430 42
8431 37
8432 40
8433 48
8434 39
8435 33
8436 44
8437 39
8438 28
8439 43
8440 50
8441 42
8442 35
8443 33
8444 56
8445 47
8446 38
8447 50
8448 39
8449 44
8450 39
8451 40
8452 42
8453 42
8454 47
8455 30
8456 39
8457 45
8458 47
8459 39
8460 54
8461 52
8462 31
8463 39
8464 51
8465 56
8466 40
8467 35
8468 39
8469 42
8470 50
8471 36
8472 43
8473 42
8474 48
8475 45
8476 35
8477 49
8478 44
8479 44
8480 50
8481 36
8482 42
8483 38
8484 47
8485 50
8486 32
8487 39
8488 34
8489 48
8490 45
8491 36
8492 37
8493 42
8494 35
8495 50
8496 42
8497 56
8498 45
8499 57
8500 38
8501 40
8502 50
8503 41
8504 41
8505 37
8506 40
8507 33
8508 36
8509 48
8510 32
8511 53
8512 43
8513 41
8514 49
8515 47
8516 42
8517 55
8518 50
8519 36
8520 52
8521 34
8522 43
8523 48
8524 25
8525 43
8526 43
8527 35
8528 47
8529 46
8530 48
8531 45
8532 49
8533 55
8534 49
8535 43
8536 45
8537 34
8538 51
8539 40
8540 47
8541 42
8542 29
8543 43
8544 33
8545 43
8546 43
8547 40
8548 36
8549 44
8550 43
8551 37
8552 33
8553 49
8554 42
8555 39
8556 41
8557 38
8558 45
8559 46
8560 36
8561 41
8562 37
8563 52
8564 40
8565 53
8566 42
8567 42
8568 35
8569 31
8570 50
8571 43
8572 35
8573 35
8574 38
8575 33
8576 50
8577 32
8578 46
8579 38
8580 40
8581 53
8582 40
8583 50
8584 36
8585 46
8586 45
8587 34
8588 51
8589 38
8590 38
8591 37
8592 46
8593 46
8594 44
8595 38
8596 48
8597 39
8598 38
8599 52
8600 43
8601 40
8602 50
8603 43
8604 30
8605 42
8606 49
8607 43
8608 30
8609 33
8610 45
8611 39
8612 53
8613 30
8614 36
8615 49
8616 54
8617 43
8618 36
8619 46
8620 43
8621 55
8622 38
8623 34
8624 43
8625 32
8626 40
8627 38
8628 45
8629 30
8630 39
8631 36
8632 44
8633 52
8634 50
8635 40
8636 39
8637 40
8638 47
8639 34
8640 39
8641 37
8642 44
8643 45
8644 38
8645 36
8646 40
8647 60
8648 36
8649 44
8650 45
8651 48
8652 33
8653 42
8654 32
8655 56
8656 32
8657 38
8658 49
8659 36
8660 38
8661 44
8662 43
8663 45
8664 48
8665 29
8666 50
8667 41
8668 48
8669 31
8670 41
8671 49
8672 55
8673 39
8674 42
8675 42
8676 36
8677 44
8678 38
8679 44
8680 34
8681 41
8682 47
8683 59
8684 40
8685 39
8686 37
8687 35
8688 49
8689 44
8690 42
8691 37
8692 38
8693 36
8694 42
8695 43
8696 46
8697 38
8698 34
8699 37
8700 50
8701 35
8702 36
8703 38
8704 27
8705 46
8706 39
8707 52
8708 56
8709 45
8710 46
8711 40
8712 44
8713 37
8714 44
8715 32
8716 46
8717 38
8718 46
8719 41
8720 44
8721 38
8722 39
8723 43
8724 43
8725 47
8726 48
8727 41
8728 41
8729 30
8730 51
8731 45
8732 45
8733 34
8734 41
8735 43
8736 35
8737 36
8738 46
8739 41
8740 42
8741 38
8742 46
8743 36
8744 59
8745 38
8746 32
8747 41
8748 42
8749 51
8750 43
8751 48
8752 51
8753 46
8754 49
8755 36
8756 52
8757 40
8758 45
8759 44
8760 41
8761 43
8762 36
8763 35
8764 43
8765 38
8766 41
8767 25
8768 28
8769 35
8770 48
8771 28
8772 43
8773 37
8774 37
8775 41
8776 41
8777 37
8778 34
8779 35
8780 49
8781 40
8782 39
8783 36
8784 40
8785 42
8786 35
8787 49
8788 42
8789 33
8790 43
8791 44
8792 39
8793 34
8794 55
8795 42
8796 45
8797 44
8798 35
8799 42
8800 43
8801 38
8802 39
8803 44
8804 46
8805 41
8806 38
8807 46
8808 38
8809 31
8810 33
8811 41
8812 43
8813 42
8814 35
8815 41
8816 37
8817 34
8818 39
8819 36
8820 33
8821 40
8822 38
8823 39
8824 48
8825 40
8826 40
8827 52
8828 38
8829 41
8830 50
8831 41
8832 43
8833 35
8834 38
8835 34
8836 35
8837 40
8838 33
8839 35
8840 39
8841 50
8842 45
8843 33
8844 45
8845 48
8846 55
8847 34
8848 31
8849 33
8850 38
8851 31
8852 31
8853 49
8854 36
8855 43
8856 56
8857 49
8858 29
8859 37
8860 41
8861 41
8862 40
8863 37
8864 42
8865 37
8866 38
8867 36
8868 37
8869 30
8870 38
8871 40
8872 35
8873 32
8874 36
8875 34
8876 39
8877 34
8878 43
8879 40
8880 38
8881 31
8882 28
8883 38
8884 43
8885 41
8886 53
8887 48
8888 34
8889 48
8890 36
8891 46
8892 47
8893 36
8894 42
8895 37
8896 46
8897 44
8898 48
8899 44
8900 33
8901 41
8902 46
8903 32
8904 38
8905 33
8906 40
8907 43
8908 35
8909 37
8910 47
8911 35
8912 32
8913 45
8914 51
8915 44
8916 43
8917 44
8918 44
8919 51
8920 31
8921 40
8922 35
8923 35
8924 32
8925 33
8926 38
8927 53
8928 34
8929 49
8930 46
8931 49
8932 37
8933 48
8934 36
8935 48
8936 36
8937 25
8938 44
8939 33
8940 44
8941 35
8942 40
8943 35
8944 43
8945 44
8946 39
8947 39
8948 34
8949 36
8950 36
8951 43
8952 36
8953 36
8954 53
8955 40
8956 35
8957 46
8958 40
8959 40
8960 45
8961 45
8962 40
8963 50
8964 40
8965 49
8966 31
8967 30
8968 39
8969 30
8970 35
8971 35
8972 35
8973 34
8974 43
8975 40
8976 42
8977 41
8978 38
8979 44
8980 43
8981 46
8982 34
8983 45
8984 35
8985 33
8986 47
8987 47
8988 43
8989 45
8990 38
8991 44
8992 33
8993 32
8994 35
8995 51
8996 38
8997 39
8998 35
8999 30
9000 40
9001 38
9002 34
9003 38
9004 34
9005 36
9006 32
9007 44
9008 56
9009 33
9010 51
9011 47
9012 43
9013 39
9014 41
9015 36
9016 44
9017 47
9018 33
9019 40
9020 39
9021 35
9022 36
9023 41
9024 40
9025 41
9026 45
9027 42
9028 48
9029 36
9030 25
9031 39
9032 23
9033 37
9034 39
9035 44
9036 41
9037 28
9038 49
9039 37
9040 53
9041 45
9042 37
9043 31
9044 34
9045 34
9046 28
9047 37
9048 39
9049 36
9050 42
9051 39
9052 37
9053 41
9054 41
9055 38
9056 64
9057 42
9058 32
9059 30
9060 34
9061 38
9062 45
9063 33
9064 35
9065 43
9066 46
9067 35
9068 44
9069 40
9070 43
9071 38
9072 43
9073 48
9074 22
9075 54
9076 39
9077 29
9078 41
9079 34
9080 40
9081 31
9082 48
9083 41
9084 29
9085 42
9086 30
9087 28
9088 47
9089 36
9090 35
9091 56
9092 42
9093 33
9094 43
9095 50
9096 42
9097 37
9098 39
9099 35
9100 39
9101 35
9102 32
9103 45
9104 37
9105 29
9106 32
9107 38
9108 38
9109 32
9110 34
9111 34
9112 31
9113 35
9114 32
9115 45
9116 31
9117 35
9118 34
9119 38
9120 33
9121 39
9122 23
9123 51
9124 38
9125 51
9126 38
9127 29
9128 43
9129 38
9130 33
9131 41
9132 42
9133 33
9134 43
9135 37
9136 38
9137 39
9138 40
9139 40
9140 33
9141 29
9142 43
9143 32
9144 36
9145 29
9146 35
9147 33
9148 47
9149 43
9150 38
9151 31
9152 30
9153 35
9154 48
9155 32
9156 42
9157 42
9158 37
9159 39
9160 37
9161 28
9162 41
9163 37
9164 38
9165 30
9166 40
9167 31
9168 32
9169 39
9170 34
9171 23
9172 34
9173 30
9174 38
9175 36
9176 35
9177 27
9178 41
9179 32
9180 36
9181 39
9182 33
9183 37
9184 33
9185 39
9186 31
9187 39
9188 43
9189 37
9190 28
9191 44
9192 37
9193 38
9194 33
9195 31
9196 43
9197 36
9198 39
9199 49
9200 39
9201 41
9202 32
9203 34
9204 35
9205 42
9206 41
9207 39
9208 46
9209 34
9210 35
9211 40
9212 50
9213 34
9214 43
9215 37
9216 36
9217 27
9218 36
9219 24
9220 34
9221 32
9222 27
9223 38
9224 51
9225 36
9226 39
9227 39
9228 46
9229 34
9230 54
9231 34
9232 36
9233 36
9234 47
9235 43
9236 48
9237 32
9238 50
9239 38
9240 36
9241 38
9242 36
9243 44
9244 39
9245 48
9246 34
9247 35
9248 46
9249 38
9250 46
9251 35
9252 39
9253 40
9254 41
9255 36
9256 33
9257 35
9258 36
9259 33
9260 35
9261 36
9262 34
9263 33
9264 34
9265 40
9266 44
9267 30
9268 48
9269 42
9270 39
9271 33
9272 54
9273 39
9274 38
9275 39
9276 38
9277 40
9278 37
9279 35
9280 33
9281 43
9282 34
9283 31
9284 44
9285 45
9286 36
9287 35
9288 32
9289 30
9290 34
9291 34
9292 32
9293 32
9294 40
9295 37
9296 42
9297 36
9298 45
9299 31
9300 34
9301 29
9302 29
9303 44
9304 36
9305 36
9306 38
9307 41
9308 46
9309 36
9310 33
9311 42
9312 32
9313 50
9314 36
9315 39
9316 32
9317 39
9318 25
9319 37
9320 37
9321 35
9322 28
9323 38
9324 47
9325 28
9326 38
9327 44
9328 44
9329 31
9330 39
9331 30
9332 48
9333 51
9334 36
9335 38
9336 41
9337 33
9338 37
9339 36
9340 44
9341 48
9342 46
9343 42
9344 42
9345 31
9346 42
9347 37
9348 41
9349 40
9350 33
9351 45
9352 39
9353 41
9354 38
9355 35
9356 29
9357 38
9358 35
9359 35
9360 32
9361 39
9362 46
9363 38
9364 39
9365 37
9366 40
9367 30
9368 40
9369 39
9370 40
9371 31
9372 35
9373 40
9374 40
9375 34
9376 36
9377 44
9378 39
9379 35
9380 43
9381 45
9382 37
9383 42
9384 53
9385 36
9386 33
9387 38
9388 39
9389 37
9390 45
9391 35
9392 35
9393 36
9394 42
9395 32
9396 42
9397 37
9398 36
9399 34
9400 43
9401 44
9402 36
9403 33
9404 39
9405 34
9406 29
9407 32
9408 50
9409 36
9410 39
9411 37
9412 47
9413 30
9414 38
9415 31
9416 37
9417 27
9418 39
9419 28
9420 31
9421 40
9422 38
9423 35
9424 25
9425 47
9426 28
9427 43
9428 33
9429 33
9430 34
9431 41
9432 30
9433 35
9434 33
9435 31
9436 42
9437 46
9438 33
9439 28
9440 48
9441 36
9442 44
9443 30
9444 38
9445 33
9446 42
9447 44
9448 33
9449 46
9450 46
9451 42
9452 46
9453 43
9454 39
9455 39
9456 42
9457 42
9458 30
9459 34
9460 34
9461 38
9462 44
9463 44
9464 37
9465 43
9466 32
9467 37
9468 28
9469 43
9470 33
9471 33
9472 39
9473 45
9474 41
9475 36
9476 40
9477 30
9478 43
9479 38
9480 37
9481 32
9482 36
9483 33
9484 51
9485 39
9486 35
9487 28
9488 35
9489 30
9490 42
9491 37
9492 39
9493 37
9494 33
9495 42
9496 30
9497 26
9498 32
9499 37
9500 30
9501 34
9502 34
9503 35
9504 34
9505 39
9506 40
9507 35
9508 36
9509 40
9510 33
9511 23
9512 43
9513 39
9514 35
9515 37
9516 29
9517 42
9518 50
9519 37
9520 28
9521 37
9522 30
9523 36
9524 28
9525 36
9526 26
9527 39
9528 44
9529 42
9530 34
9531 32
9532 46
9533 38
9534 35
9535 38
9536 36
9537 32
9538 40
9539 43
9540 42
9541 42
9542 35
9543 32
9544 38
9545 36
9546 38
9547 42
9548 30
9549 40
9550 38
9551 36
9552 41
9553 42
9554 45
9555 34
9556 43
9557 27
9558 41
9559 36
9560 29
9561 34
9562 43
9563 44
9564 33
9565 36
9566 46
9567 42
9568 39
9569 39
9570 37
9571 35
9572 44
9573 28
9574 37
9575 38
9576 27
9577 32
9578 43
9579 29
9580 29
9581 41
9582 42
9583 42
9584 41
9585 37
9586 36
9587 47
9588 32
9589 30
9590 37
9591 42
9592 36
9593 35
9594 40
9595 29
9596 33
9597 42
9598 32
9599 29
9600 34
9601 36
9602 41
9603 38
9604 34
9605 45
9606 31
9607 34
9608 22
9609 35
9610 35
9611 30
9612 30
9613 45
9614 40
9615 36
9616 39
9617 48
9618 33
9619 40
9620 34
9621 27
9622 27
9623 50
9624 48
9625 37
9626 46
9627 34
9628 38
9629 44
9630 36
9631 39
9632 31
9633 42
9634 49
9635 44
9636 34
9637 33
9638 49
9639 30
9640 41
9641 38
9642 47
9643 30
9644 38
9645 42
9646 31
9647 39
9648 35
9649 31
9650 34
9651 41
9652 31
9653 38
9654 37
9655 38
9656 26
9657 34
9658 39
9659 29
9660 38
9661 49
9662 33
9663 34
9664 33
9665 43
9666 42
9667 37
9668 36
9669 42
9670 35
9671 34
9672 27
9673 48
9674 45
9675 37
9676 35
9677 30
9678 36
9679 28
9680 40
9681 42
9682 39
9683 49
9684 30
9685 38
9686 38
9687 45
9688 29
9689 29
9690 41
9691 39
9692 36
9693 35
9694 45
9695 36
9696 47
9697 44
9698 45
9699 35
9700 44
9701 43
9702 30
9703 37
9704 37
9705 41
9706 34
9707 39
9708 46
9709 37
9710 47
9711 32
9712 33
9713 38
9714 34
9715 43
9716 46
9717 37
9718 43
9719 43
9720 33
9721 33
9722 31
9723 36
9724 39
9725 35
9726 48
9727 33
9728 36
9729 33
9730 39
9731 46
9732 43
9733 34
9734 37
9735 44
9736 44
9737 40
9738 34
9739 37
9740 36
9741 29
9742 32
9743 34
9744 37
9745 28
9746 35
9747 46
9748 26
9749 34
9750 40
9751 29
9752 35
9753 24
9754 56
9755 41
9756 51
9757 42
9758 36
9759 26
9760 43
9761 31
9762 26
9763 43
9764 27
9765 41
9766 37
9767 53
9768 33
9769 36
9770 41
9771 36
9772 30
9773 32
9774 33
9775 36
9776 37
9777 36
9778 31
9779 37
9780 38
9781 39
9782 40
9783 36
9784 37
9785 40
9786 43
9787 41
9788 34
9789 37
9790 37
9791 32
9792 39
9793 37
9794 42
9795 24
9796 29
9797 47
9798 50
9799 35
9800 38
9801 47
9802 53
9803 43
9804 27
9805 33
9806 36
9807 32
9808 35
9809 42
9810 31
9811 35
9812 37
9813 33
9814 37
9815 57
9816 36
9817 31
9818 35
9819 38
9820 34
9821 38
9822 33
9823 28
9824 35
9825 29
9826 40
9827 42
9828 41
9829 35
9830 40
9831 34
9832 32
9833 46
9834 33
9835 38
9836 34
9837 39
9838 30
9839 41
9840 33
9841 42
9842 39
9843 27
9844 37
9845 35
9846 40
9847 39
9848 24
9849 48
9850 33
9851 40
9852 54
9853 43
9854 41
9855 34
9856 42
9857 41
9858 33
9859 37
9860 37
9861 46
9862 38
9863 32
9864 39
9865 43
9866 32
9867 45
9868 31
9869 28
9870 35
9871 41
9872 45
9873 42
9874 37
9875 36
9876 32
9877 41
9878 51
9879 40
9880 37
9881 40
9882 36
9883 41
9884 36
9885 46
9886 41
9887 33
9888 30
9889 43
9890 34
9891 30
9892 32
9893 48
9894 54
9895 46
9896 45
9897 30
9898 44
9899 45
9900 36
9901 35
9902 41
9903 38
9904 49
9905 34
9906 37
9907 33
9908 30
9909 33
9910 32
9911 43
9912 43
9913 38
9914 28
9915 20
9916 38
9917 35
9918 46
9919 38
9920 42
9921 33
9922 35
9923 39
9924 47
9925 38
9926 38
9927 38
9928 47
9929 34
9930 42
9931 32
9932 40
9933 39
9934 41
9935 34
9936 32
9937 34
9938 41
9939 30
9940 39
9941 30
9942 38
9943 34
9944 29
9945 33
9946 49
9947 31
9948 37
9949 44
9950 29
9951 41
9952 39
9953 32
9954 37
9955 31
9956 31
9957 41
9958 33
9959 43
9960 45
9961 40
9962 34
9963 35
9964 37
9965 27
9966 40
9967 33
9968 31
9969 41
9970 38
9971 46
9972 48
9973 40
9974 26
9975 38
9976 34
9977 33
9978 34
9979 37
9980 41
9981 36
9982 35
9983 40
9984 47
9985 29
9986 38
9987 38
9988 25
9989 43
9990 33
9991 38
9992 39
9993 36
9994 33
9995 36
9996 40
9997 37
9998 41
9999 34
10000 38
10001 208493
